eventID,numReachedDown,numReachedUp,numPE,
3,325,273,598,
4,583,431,1014,
5,152,144,296,
8,1186,992,2178,
9,1323,1070,2393,
14,992,752,1744,
15,1166,906,2072,
18,1272,943,2215,
21,1052,790,1842,
22,794,675,1469,
24,949,722,1671,
26,341,256,597,
28,536,463,999,
31,437,335,772,
32,180,90,270,
34,1353,1061,2414,
36,142,118,260,
38,316,262,578,
39,1798,1557,3355,
41,544,400,944,
43,472,380,852,
48,1284,1024,2308,
49,231,189,420,
50,610,501,1111,
52,200,140,340,
54,191,137,328,
55,1246,973,2219,
56,718,562,1280,
59,1039,833,1872,
61,122,94,216,
62,349,288,637,
68,1152,987,2139,
69,682,449,1131,
70,265,213,478,
71,1234,998,2232,
72,1158,908,2066,
74,454,366,820,
75,1805,1450,3255,
76,178,152,330,
81,767,611,1378,
87,805,643,1448,
89,1260,1104,2364,
91,2038,1409,3447,
93,1302,999,2301,
97,899,704,1603,
99,1224,1038,2262,
102,381,321,702,
103,1053,830,1883,
105,11,11,22,
106,1096,777,1873,
108,1021,780,1801,
109,755,608,1363,
112,764,581,1345,
113,1256,1024,2280,
114,284,198,482,
115,1506,1153,2659,
119,1225,925,2150,
121,1255,850,2105,
124,615,478,1093,
129,989,754,1743,
132,908,728,1636,
133,1418,1229,2647,
134,861,693,1554,
136,1194,922,2116,
137,1221,1054,2275,
144,132,108,240,
145,576,593,1169,
146,1346,1065,2411,
148,320,283,603,
150,693,622,1315,
151,1196,931,2127,
154,24,32,56,
157,1165,851,2016,
158,1349,978,2327,
159,1291,1095,2386,
160,1315,1096,2411,
161,553,432,985,
165,157,137,294,
167,1077,841,1918,
168,517,412,929,
169,473,404,877,
173,1940,1396,3336,
175,1854,1477,3331,
176,1216,905,2121,
177,429,333,762,
180,693,519,1212,
181,1842,1366,3208,
182,1209,913,2122,
183,1077,864,1941,
185,408,328,736,
186,188,140,328,
187,448,341,789,
189,1098,820,1918,
193,1247,942,2189,
194,549,429,978,
195,1166,901,2067,
200,348,283,631,
201,244,222,466,
203,1046,814,1860,
204,469,401,870,
208,581,496,1077,
210,954,705,1659,
213,156,98,254,
214,1137,874,2011,
216,299,243,542,
217,225,219,444,
218,867,727,1594,
219,1114,828,1942,
220,6,9,15,
223,1523,1015,2538,
224,981,790,1771,
227,124,92,216,
228,1261,1022,2283,
229,1340,969,2309,
230,538,387,925,
233,1059,851,1910,
235,1571,1242,2813,
236,1036,992,2028,
238,1169,945,2114,
241,655,464,1119,
245,1134,899,2033,
246,589,471,1060,
249,1132,899,2031,
253,648,507,1155,
259,638,501,1139,
262,984,803,1787,
263,718,588,1306,
264,1507,1309,2816,
266,1115,912,2027,
267,1081,880,1961,
269,564,454,1018,
270,1129,849,1978,
273,311,233,544,
277,697,572,1269,
278,465,384,849,
279,1805,1515,3320,
281,162,139,301,
282,52,44,96,
283,1187,985,2172,
287,399,301,700,
291,527,397,924,
295,1161,872,2033,
296,1880,1450,3330,
297,375,328,703,
301,1152,990,2142,
304,697,567,1264,
305,262,198,460,
307,1262,969,2231,
308,306,277,583,
309,1343,1089,2432,
310,894,614,1508,
311,190,152,342,
312,797,759,1556,
314,444,341,785,
319,1306,1043,2349,
321,1087,768,1855,
322,1206,931,2137,
323,44,22,66,
325,1009,804,1813,
326,1010,808,1818,
327,940,776,1716,
328,1101,943,2044,
329,1197,1010,2207,
330,960,776,1736,
332,1023,776,1799,
333,1147,903,2050,
334,1032,777,1809,
335,81,62,143,
337,859,683,1542,
338,633,500,1133,
339,25,15,40,
340,1087,820,1907,
344,960,720,1680,
345,1176,1003,2179,
348,392,328,720,
350,1148,939,2087,
351,1210,959,2169,
352,853,654,1507,
353,811,652,1463,
354,385,269,654,
357,189,154,343,
358,905,694,1599,
361,75,50,125,
362,797,610,1407,
363,227,148,375,
364,95,74,169,
365,658,508,1166,
366,1337,1100,2437,
368,217,164,381,
369,1946,1370,3316,
376,865,735,1600,
378,1344,1059,2403,
380,1136,879,2015,
381,1043,705,1748,
383,468,367,835,
384,627,488,1115,
386,1140,972,2112,
387,154,134,288,
389,954,714,1668,
394,1176,981,2157,
395,119,105,224,
396,158,151,309,
399,1044,826,1870,
400,690,540,1230,
401,1694,1156,2850,
403,254,183,437,
405,828,666,1494,
406,301,255,556,
407,132,124,256,
410,269,250,519,
411,465,355,820,
413,1563,1211,2774,
414,4,5,9,
415,1160,871,2031,
418,665,562,1227,
421,1210,957,2167,
422,1537,1220,2757,
424,1287,1019,2306,
425,1234,912,2146,
427,1512,1179,2691,
428,1194,982,2176,
429,440,351,791,
430,999,892,1891,
432,14,19,33,
433,1210,1019,2229,
436,1036,796,1832,
439,770,647,1417,
440,14,13,27,
441,1161,929,2090,
442,802,630,1432,
443,1949,1425,3374,
444,875,704,1579,
447,692,514,1206,
448,130,90,220,
452,317,263,580,
453,744,600,1344,
455,228,172,400,
457,1204,929,2133,
458,1084,847,1931,
461,1086,795,1881,
466,1186,936,2122,
473,269,237,506,
474,246,190,436,
475,566,470,1036,
476,475,367,842,
478,202,150,352,
479,147,110,257,
480,1853,1473,3326,
482,454,335,789,
483,782,647,1429,
485,1192,1074,2266,
490,329,269,598,
491,887,706,1593,
493,686,462,1148,
495,134,136,270,
496,1133,918,2051,
498,701,590,1291,
499,203,158,361,
502,1146,715,1861,
503,860,672,1532,
506,1223,918,2141,
507,1002,883,1885,
508,1231,939,2170,
510,624,509,1133,
513,978,789,1767,
514,1192,973,2165,
517,1825,1430,3255,
518,716,574,1290,
519,645,452,1097,
521,1529,1215,2744,
522,155,131,286,
523,465,386,851,
526,750,743,1493,
528,811,668,1479,
529,561,450,1011,
530,1234,924,2158,
533,825,676,1501,
535,873,664,1537,
536,1358,1064,2422,
537,1811,1324,3135,
541,806,628,1434,
543,631,456,1087,
544,733,611,1344,
547,661,426,1087,
548,494,375,869,
549,596,446,1042,
555,737,667,1404,
556,355,295,650,
561,336,234,570,
563,882,650,1532,
564,991,756,1747,
566,1171,927,2098,
567,1065,924,1989,
568,839,671,1510,
571,988,718,1706,
572,379,329,708,
575,617,469,1086,
577,860,720,1580,
578,1404,1022,2426,
579,174,136,310,
580,14,10,24,
581,1207,969,2176,
582,287,195,482,
583,766,552,1318,
584,614,447,1061,
586,1345,1006,2351,
588,790,585,1375,
590,1498,1072,2570,
591,1731,1357,3088,
593,940,707,1647,
594,864,691,1555,
596,2,1,3,
597,703,586,1289,
599,843,671,1514,
602,95,77,172,
603,109,98,207,
604,517,414,931,
605,566,334,900,
608,118,100,218,
609,744,629,1373,
610,841,612,1453,
611,1963,1417,3380,
612,1156,938,2094,
616,255,172,427,
618,192,158,350,
620,287,248,535,
621,699,561,1260,
624,868,702,1570,
628,644,542,1186,
630,1012,793,1805,
631,1051,758,1809,
632,1016,852,1868,
633,1261,1003,2264,
635,1241,914,2155,
637,1066,860,1926,
639,1428,1106,2534,
640,242,197,439,
642,495,405,900,
645,1532,1341,2873,
646,1159,1145,2304,
647,812,611,1423,
649,1015,815,1830,
650,221,172,393,
651,729,556,1285,
653,934,708,1642,
654,1034,806,1840,
656,649,505,1154,
658,164,120,284,
660,23,18,41,
661,837,697,1534,
662,510,461,971,
663,1885,1401,3286,
665,1074,835,1909,
668,1781,1462,3243,
670,191,129,320,
673,521,450,971,
674,1224,963,2187,
675,1242,916,2158,
676,450,358,808,
680,886,680,1566,
681,1315,985,2300,
682,1165,852,2017,
683,837,637,1474,
685,438,349,787,
686,327,279,606,
690,1173,871,2044,
691,434,294,728,
692,174,134,308,
693,1160,994,2154,
694,960,704,1664,
695,1053,796,1849,
696,1139,840,1979,
697,746,758,1504,
701,1038,810,1848,
702,1155,897,2052,
703,145,147,292,
705,53,49,102,
706,670,442,1112,
712,1229,906,2135,
714,1,5,6,
716,1145,855,2000,
717,1170,915,2085,
718,1519,1074,2593,
720,1200,867,2067,
721,245,170,415,
722,913,753,1666,
724,1841,1500,3341,
725,1769,1467,3236,
727,500,392,892,
728,214,189,403,
729,940,909,1849,
730,677,537,1214,
732,1262,1020,2282,
736,1515,1042,2557,
737,1094,794,1888,
740,1224,960,2184,
743,254,180,434,
744,355,309,664,
745,1346,1208,2554,
746,1400,1138,2538,
751,1343,1099,2442,
752,1290,920,2210,
755,1892,1429,3321,
756,1862,1452,3314,
759,676,487,1163,
764,266,185,451,
765,74,69,143,
768,1272,993,2265,
769,1218,990,2208,
770,757,525,1282,
771,1045,852,1897,
773,56,51,107,
774,614,496,1110,
775,302,223,525,
776,168,126,294,
777,1250,928,2178,
778,1827,1401,3228,
779,404,269,673,
780,478,314,792,
782,3,1,4,
784,1869,1364,3233,
785,836,717,1553,
786,1216,977,2193,
790,801,643,1444,
792,539,386,925,
793,2030,1404,3434,
794,213,173,386,
795,1244,848,2092,
796,1091,843,1934,
798,906,618,1524,
800,615,498,1113,
801,232,183,415,
802,1024,857,1881,
806,588,482,1070,
809,1358,1077,2435,
810,817,605,1422,
812,335,321,656,
813,1864,1447,3311,
814,849,626,1475,
815,1153,906,2059,
818,425,375,800,
819,1209,945,2154,
821,913,673,1586,
828,262,197,459,
829,1384,1000,2384,
830,1105,912,2017,
831,399,272,671,
832,617,492,1109,
836,783,575,1358,
837,1968,1453,3421,
840,814,707,1521,
847,65,68,133,
852,1133,867,2000,
853,1057,849,1906,
856,1295,967,2262,
860,878,688,1566,
863,1160,869,2029,
864,1174,901,2075,
866,1422,1154,2576,
869,766,549,1315,
872,1019,794,1813,
876,1150,953,2103,
878,708,597,1305,
880,1075,838,1913,
881,323,242,565,
882,1237,950,2187,
886,93,83,176,
888,736,628,1364,
889,305,195,500,
890,205,156,361,
891,272,181,453,
894,257,172,429,
898,1283,953,2236,
901,1760,1396,3156,
903,655,509,1164,
905,216,181,397,
906,115,92,207,
908,965,913,1878,
909,1107,884,1991,
911,75,44,119,
915,637,477,1114,
916,900,703,1603,
918,841,607,1448,
919,93,62,155,
920,496,392,888,
922,718,629,1347,
923,1053,804,1857,
924,114,84,198,
925,1075,903,1978,
926,687,556,1243,
927,257,213,470,
930,1456,1135,2591,
931,1307,1041,2348,
932,1113,887,2000,
934,515,439,954,
935,1229,937,2166,
936,468,376,844,
940,1181,932,2113,
941,254,195,449,
942,985,742,1727,
944,1072,867,1939,
945,1215,970,2185,
947,509,397,906,
949,1355,911,2266,
950,1344,1048,2392,
954,1217,990,2207,
955,89,62,151,
956,2,2,4,
957,1196,896,2092,
958,288,236,524,
960,1873,1437,3310,
961,1056,991,2047,
963,781,621,1402,
964,966,761,1727,
965,1846,1486,3332,
968,450,373,823,
969,1088,755,1843,
970,359,310,669,
971,317,255,572,
972,1830,1584,3414,
973,1355,1012,2367,
975,372,284,656,
976,413,328,741,
977,654,524,1178,
985,35,27,62,
986,1872,1445,3317,
988,264,220,484,
992,1206,933,2139,
993,562,470,1032,
996,1127,890,2017,
997,984,798,1782,
999,1466,1117,2583,
1001,1208,897,2105,
1003,799,591,1390,
1005,844,692,1536,
1008,247,235,482,
1010,1822,1469,3291,
1011,432,380,812,
1015,1535,1235,2770,
1016,1302,969,2271,
1018,1096,821,1917,
1019,648,506,1154,
1020,684,532,1216,
1021,1452,1192,2644,
1022,629,492,1121,
1026,1281,1007,2288,
1033,1904,1472,3376,
1036,271,221,492,
1037,526,373,899,
1039,1212,966,2178,
1043,212,133,345,
1044,1202,997,2199,
1045,563,398,961,
1046,1141,938,2079,
1047,1542,1148,2690,
1048,1916,1390,3306,
1049,12,4,16,
1050,761,581,1342,
1054,1218,956,2174,
1055,278,196,474,
1056,1032,778,1810,
1058,1302,1074,2376,
1059,1150,898,2048,
1060,778,656,1434,
1061,1069,834,1903,
1062,209,149,358,
1066,939,614,1553,
1071,733,544,1277,
1076,309,235,544,
1078,107,49,156,
1080,245,213,458,
1081,333,253,586,
1082,1508,1127,2635,
1083,252,209,461,
1084,1238,1038,2276,
1086,746,571,1317,
1092,599,446,1045,
1096,1436,1002,2438,
1098,360,279,639,
1099,267,184,451,
1100,1635,1168,2803,
1102,1188,858,2046,
1104,884,752,1636,
1105,427,366,793,
1106,625,458,1083,
1107,613,487,1100,
1109,268,248,516,
1110,77,51,128,
1113,1145,901,2046,
1114,1215,945,2160,
1115,604,474,1078,
1116,728,563,1291,
1118,660,506,1166,
1119,356,277,633,
1120,439,356,795,
1123,1334,841,2175,
1124,431,331,762,
1127,889,677,1566,
1131,922,757,1679,
1134,1214,911,2125,
1135,596,525,1121,
1137,612,481,1093,
1139,955,785,1740,
1140,922,702,1624,
1143,1295,1060,2355,
1145,1076,867,1943,
1146,1301,1034,2335,
1147,379,301,680,
1148,855,712,1567,
1153,217,175,392,
1161,18,18,36,
1162,964,818,1782,
1163,1167,945,2112,
1164,1381,1101,2482,
1166,150,117,267,
1167,1124,901,2025,
1170,722,548,1270,
1174,1537,1187,2724,
1175,570,464,1034,
1177,525,426,951,
1180,63,47,110,
1182,91,72,163,
1183,506,417,923,
1184,179,117,296,
1185,810,560,1370,
1188,833,618,1451,
1189,1417,1042,2459,
1191,74,45,119,
1192,1334,1010,2344,
1193,121,118,239,
1195,1197,894,2091,
1196,779,534,1313,
1197,1135,816,1951,
1201,1168,940,2108,
1203,1062,855,1917,
1208,270,215,485,
1209,1013,770,1783,
1210,67,64,131,
1214,1607,1116,2723,
1216,1208,1002,2210,
1218,733,565,1298,
1219,998,765,1763,
1221,20,18,38,
1222,1091,848,1939,
1224,236,237,473,
1225,983,835,1818,
1228,1186,914,2100,
1229,1364,1166,2530,
1232,641,414,1055,
1237,801,665,1466,
1238,746,540,1286,
1239,121,99,220,
1240,1212,971,2183,
1242,294,229,523,
1246,1118,820,1938,
1247,829,629,1458,
1248,1361,1114,2475,
1252,37,25,62,
1253,1298,977,2275,
1257,1397,1083,2480,
1258,23,18,41,
1259,272,197,469,
1262,284,247,531,
1263,1124,936,2060,
1264,693,603,1296,
1265,464,425,889,
1266,1193,890,2083,
1275,40,28,68,
1276,532,426,958,
1277,411,350,761,
1280,700,550,1250,
1282,1068,874,1942,
1284,1140,909,2049,
1285,1160,893,2053,
1288,1228,987,2215,
1290,1279,1002,2281,
1291,416,331,747,
1295,112,80,192,
1297,156,106,262,
1298,637,521,1158,
1299,1121,867,1988,
1300,200,133,333,
1301,966,807,1773,
1304,673,503,1176,
1305,1133,924,2057,
1306,391,307,698,
1309,1276,957,2233,
1311,410,295,705,
1312,628,449,1077,
1315,1171,931,2102,
1316,891,661,1552,
1317,606,498,1104,
1319,491,376,867,
1321,583,499,1082,
1323,306,264,570,
1324,1415,1127,2542,
1327,1776,1464,3240,
1330,721,575,1296,
1331,128,114,242,
1332,1242,753,1995,
1334,1890,1452,3342,
1337,138,99,237,
1338,1569,1060,2629,
1339,1401,1090,2491,
1343,1825,1493,3318,
1344,923,722,1645,
1346,1346,1069,2415,
1348,1877,1445,3322,
1349,1256,980,2236,
1350,225,168,393,
1356,859,666,1525,
1359,1382,1077,2459,
1361,42,36,78,
1363,492,398,890,
1364,411,355,766,
1367,1275,988,2263,
1368,189,112,301,
1369,1266,885,2151,
1371,1030,837,1867,
1374,699,564,1263,
1375,188,151,339,
1376,141,99,240,
1378,80,61,141,
1382,106,72,178,
1384,215,161,376,
1388,704,553,1257,
1391,1047,828,1875,
1393,587,455,1042,
1399,1182,922,2104,
1401,302,233,535,
1402,391,286,677,
1403,1087,766,1853,
1404,441,347,788,
1406,1135,896,2031,
1409,145,99,244,
1411,701,539,1240,
1412,377,325,702,
1414,567,409,976,
1416,1175,1019,2194,
1417,1835,1444,3279,
1419,731,658,1389,
1420,911,661,1572,
1421,566,453,1019,
1425,1181,954,2135,
1426,866,762,1628,
1427,806,569,1375,
1429,330,250,580,
1432,152,92,244,
1433,495,353,848,
1435,449,402,851,
1438,845,813,1658,
1439,4,3,7,
1440,66,59,125,
1441,935,765,1700,
1443,413,320,733,
1444,1177,907,2084,
1446,43,32,75,
1450,1426,1076,2502,
1453,834,675,1509,
1454,317,241,558,
1455,503,537,1040,
1456,21,14,35,
1458,40,22,62,
1462,137,96,233,
1463,16,6,22,
1464,53,27,80,
1467,661,573,1234,
1469,891,678,1569,
1470,245,170,415,
1472,383,294,677,
1473,1337,1074,2411,
1475,166,112,278,
1481,901,699,1600,
1482,325,216,541,
1483,261,196,457,
1485,223,189,412,
1486,283,207,490,
1490,710,543,1253,
1491,118,80,198,
1493,218,170,388,
1494,1347,1042,2389,
1496,1003,816,1819,
1498,1054,838,1892,
1499,1369,1000,2369,
1500,1117,795,1912,
1503,457,338,795,
1505,2010,1373,3383,
1506,394,288,682,
1508,65,42,107,
1509,94,66,160,
1510,1057,798,1855,
1513,776,606,1382,
1514,888,701,1589,
1515,153,113,266,
1517,313,242,555,
1518,461,411,872,
1520,1824,1572,3396,
1521,1304,989,2293,
1522,926,705,1631,
1523,954,835,1789,
1525,255,200,455,
1526,1368,1107,2475,
1527,54,35,89,
1528,49,46,95,
1532,139,94,233,
1535,1086,935,2021,
1537,173,129,302,
1538,754,532,1286,
1541,154,98,252,
1542,548,458,1006,
1543,374,325,699,
1545,724,589,1313,
1546,1136,851,1987,
1547,960,797,1757,
1549,1504,1116,2620,
1550,985,768,1753,
1551,783,597,1380,
1552,57,51,108,
1553,507,375,882,
1556,886,744,1630,
1558,1102,922,2024,
1559,897,655,1552,
1560,1151,965,2116,
1563,1800,1490,3290,
1565,415,325,740,
1566,450,371,821,
1567,1227,947,2174,
1568,1348,1104,2452,
1569,200,173,373,
1570,573,413,986,
1571,922,695,1617,
1572,746,567,1313,
1573,255,186,441,
1574,1867,1534,3401,
1575,965,739,1704,
1577,1884,1465,3349,
1578,1208,916,2124,
1579,578,447,1025,
1581,783,638,1421,
1582,810,685,1495,
1583,513,401,914,
1585,369,291,660,
1589,1101,917,2018,
1590,1085,799,1884,
1591,1149,850,1999,
1592,324,269,593,
1593,505,480,985,
1594,459,347,806,
1597,541,410,951,
1598,139,130,269,
1599,1847,1465,3312,
1601,1160,884,2044,
1602,740,570,1310,
1603,51,38,89,
1607,1872,1402,3274,
1610,569,431,1000,
1611,1316,1039,2355,
1613,1575,1194,2769,
1614,94,70,164,
1615,873,666,1539,
1616,925,675,1600,
1618,657,496,1153,
1620,1131,849,1980,
1621,1186,835,2021,
1622,275,220,495,
1624,1105,858,1963,
1625,552,474,1026,
1626,278,211,489,
1627,852,697,1549,
1629,1067,861,1928,
1633,1150,884,2034,
1647,69,57,126,
1651,1172,946,2118,
1653,1370,1209,2579,
1656,1841,1476,3317,
1657,661,553,1214,
1661,465,297,762,
1662,39,35,74,
1663,1052,911,1963,
1666,1345,981,2326,
1667,145,118,263,
1669,330,266,596,
1676,100,78,178,
1677,1149,969,2118,
1678,1520,1150,2670,
1680,700,558,1258,
1681,1101,887,1988,
1686,1414,1121,2535,
1689,274,212,486,
1690,529,449,978,
1691,1196,918,2114,
1694,1391,1081,2472,
1701,1364,1135,2499,
1702,772,634,1406,
1706,404,370,774,
1707,1239,993,2232,
1708,899,688,1587,
1710,899,664,1563,
1711,292,233,525,
1715,694,488,1182,
1716,1362,1143,2505,
1717,146,126,272,
1719,1542,1253,2795,
1720,345,251,596,
1721,20,12,32,
1722,1898,1391,3289,
1723,252,190,442,
1726,216,173,389,
1729,1159,919,2078,
1731,1905,1531,3436,
1732,276,214,490,
1733,977,798,1775,
1734,1352,984,2336,
1735,1196,936,2132,
1737,1054,819,1873,
1738,135,142,277,
1742,904,669,1573,
1743,597,460,1057,
1746,151,118,269,
1747,1387,1040,2427,
1748,1021,772,1793,
1749,755,540,1295,
1753,299,209,508,
1754,860,570,1430,
1755,711,603,1314,
1757,151,115,266,
1758,1008,898,1906,
1760,456,357,813,
1761,278,205,483,
1762,1678,1098,2776,
1763,921,765,1686,
1764,1253,982,2235,
1765,1024,780,1804,
1766,1573,1149,2722,
1768,951,748,1699,
1769,965,808,1773,
1770,489,355,844,
1771,801,628,1429,
1772,1208,964,2172,
1775,92,70,162,
1779,740,569,1309,
1780,878,714,1592,
1781,637,495,1132,
1783,265,207,472,
1786,932,764,1696,
1788,653,509,1162,
1789,1218,886,2104,
1794,237,196,433,
1795,1352,1041,2393,
1798,1029,857,1886,
1800,1832,1493,3325,
1801,1186,961,2147,
1804,1279,1072,2351,
1808,1036,793,1829,
1809,428,302,730,
1810,590,426,1016,
1813,958,739,1697,
1815,1860,1525,3385,
1816,1351,1055,2406,
1819,828,679,1507,
1821,1197,918,2115,
1822,365,272,637,
1823,433,356,789,
1824,1435,1102,2537,
1825,299,243,542,
1827,746,614,1360,
1830,828,654,1482,
1831,508,412,920,
1832,1203,905,2108,
1833,1158,874,2032,
1835,29,18,47,
1837,1089,893,1982,
1838,435,337,772,
1839,1180,970,2150,
1840,473,370,843,
1841,957,742,1699,
1842,601,469,1070,
1845,28,20,48,
1848,201,143,344,
1850,430,292,722,
1851,1199,999,2198,
1854,1855,1404,3259,
1855,455,370,825,
1857,633,497,1130,
1858,1844,1490,3334,
1866,1239,995,2234,
1868,393,279,672,
1870,516,398,914,
1871,554,495,1049,
1874,622,459,1081,
1884,1088,867,1955,
1886,730,554,1284,
1887,1389,1074,2463,
1888,1326,964,2290,
1889,1277,1006,2283,
1890,1172,956,2128,
1891,156,121,277,
1892,1167,868,2035,
1896,76,43,119,
1900,906,704,1610,
1904,1160,958,2118,
1905,639,510,1149,
1907,219,127,346,
1908,102,74,176,
1910,597,469,1066,
1911,892,705,1597,
1912,1115,880,1995,
1915,734,483,1217,
1916,685,530,1215,
1917,187,151,338,
1919,1054,786,1840,
1925,978,779,1757,
1926,115,95,210,
1927,164,151,315,
1928,1129,882,2011,
1930,487,434,921,
1931,572,450,1022,
1936,763,623,1386,
1941,332,260,592,
1942,449,421,870,
1943,1706,1326,3032,
1944,117,68,185,
1946,396,290,686,
1947,717,555,1272,
1948,1277,1086,2363,
1949,80,62,142,
1950,13,9,22,
1952,1195,1005,2200,
1954,1394,1172,2566,
1955,1028,812,1840,
1956,56,43,99,
1958,719,599,1318,
1959,1228,913,2141,
1960,949,733,1682,
1961,1108,959,2067,
1963,1040,783,1823,
1968,681,575,1256,
1969,1208,949,2157,
1970,490,407,897,
1972,214,166,380,
1973,241,194,435,
1974,675,487,1162,
1976,274,217,491,
1977,1382,1113,2495,
1978,772,573,1345,
1979,1029,925,1954,
1980,204,135,339,
1982,982,766,1748,
1984,1413,1007,2420,
1985,626,555,1181,
1988,937,734,1671,
1990,1274,1028,2302,
1991,1501,1254,2755,
1993,1087,850,1937,
1994,1194,997,2191,
1997,1365,1131,2496,
1998,1301,970,2271,
1999,731,600,1331,
2000,1324,1058,2382,
2001,861,669,1530,
2006,1441,1081,2522,
2007,446,316,762,
2008,1114,873,1987,
2011,867,678,1545,
2013,1008,772,1780,
2015,499,422,921,
2016,1097,761,1858,
2021,1410,972,2382,
2022,131,103,234,
2023,1133,868,2001,
2026,127,93,220,
2032,1435,1133,2568,
2033,821,663,1484,
2039,316,262,578,
2040,1977,1445,3422,
2041,545,465,1010,
2042,1364,1213,2577,
2043,1003,786,1789,
2046,952,783,1735,
2047,556,402,958,
2050,1731,1302,3033,
2052,1315,1109,2424,
2053,684,628,1312,
2054,167,123,290,
2056,1290,983,2273,
2059,1898,1391,3289,
2062,674,500,1174,
2064,1235,951,2186,
2069,860,672,1532,
2070,1233,964,2197,
2071,802,640,1442,
2073,1880,1494,3374,
2075,149,99,248,
2076,1184,958,2142,
2078,328,264,592,
2079,1381,1133,2514,
2081,1276,940,2216,
2082,57,40,97,
2083,1187,905,2092,
2084,1011,731,1742,
2085,875,639,1514,
2086,346,243,589,
2088,154,131,285,
2093,1340,1132,2472,
2094,1321,998,2319,
2095,960,765,1725,
2096,1072,846,1918,
2099,680,553,1233,
2102,688,533,1221,
2103,219,190,409,
2108,20,11,31,
2109,1876,1409,3285,
2110,1518,1272,2790,
2114,573,470,1043,
2115,495,378,873,
2117,211,154,365,
2120,1073,871,1944,
2123,774,629,1403,
2124,670,527,1197,
2126,498,393,891,
2129,889,682,1571,
2130,1851,1435,3286,
2131,368,287,655,
2132,1216,976,2192,
2133,833,635,1468,
2135,1041,764,1805,
2137,1247,932,2179,
2140,695,570,1265,
2141,24,21,45,
2142,396,327,723,
2143,1089,946,2035,
2144,22,20,42,
2146,1614,1169,2783,
2147,1182,885,2067,
2149,1225,973,2198,
2150,1060,853,1913,
2151,182,151,333,
2152,328,259,587,
2153,1209,987,2196,
2154,242,191,433,
2156,853,839,1692,
2160,786,644,1430,
2166,1164,938,2102,
2167,1033,839,1872,
2168,911,666,1577,
2169,613,501,1114,
2171,928,690,1618,
2172,211,160,371,
2180,289,292,581,
2186,427,362,789,
2187,1241,929,2170,
2188,1139,895,2034,
2192,885,685,1570,
2193,811,624,1435,
2195,69,54,123,
2199,1915,1413,3328,
2200,606,542,1148,
2201,958,806,1764,
2202,1568,1254,2822,
2204,1353,1119,2472,
2206,230,188,418,
2208,399,288,687,
2210,1101,925,2026,
2211,728,592,1320,
2215,523,434,957,
2217,1240,943,2183,
2218,1933,1451,3384,
2219,177,146,323,
2223,1120,900,2020,
2227,1954,1349,3303,
2230,849,687,1536,
2231,1228,877,2105,
2233,496,384,880,
2235,1209,1006,2215,
2237,772,570,1342,
2239,9,4,13,
2241,108,83,191,
2244,514,378,892,
2245,1112,754,1866,
2248,759,586,1345,
2252,26,15,41,
2253,101,81,182,
2254,1370,1055,2425,
2256,170,139,309,
2257,1293,1068,2361,
2258,1535,1189,2724,
2259,1248,901,2149,
2262,91,59,150,
2263,269,240,509,
2264,399,300,699,
2265,620,491,1111,
2266,1162,881,2043,
2269,451,358,809,
2271,165,157,322,
2273,414,336,750,
2276,1204,972,2176,
2282,591,443,1034,
2287,1813,1502,3315,
2288,641,472,1113,
2290,219,157,376,
2292,400,290,690,
2293,1453,927,2380,
2295,268,216,484,
2298,1441,1171,2612,
2301,49,39,88,
2302,203,144,347,
2304,641,519,1160,
2305,985,764,1749,
2309,1068,816,1884,
2310,662,528,1190,
2313,905,715,1620,
2315,166,145,311,
2317,1505,1189,2694,
2319,299,246,545,
2320,1177,854,2031,
2323,694,499,1193,
2324,971,736,1707,
2325,1185,854,2039,
2326,1328,1140,2468,
2331,1240,997,2237,
2332,1323,962,2285,
2336,576,454,1030,
2337,581,479,1060,
2339,697,560,1257,
2345,123,110,233,
2347,518,438,956,
2350,28,30,58,
2351,1404,1051,2455,
2353,1171,898,2069,
2354,658,500,1158,
2355,683,604,1287,
2356,720,673,1393,
2357,354,353,707,
2358,332,275,607,
2360,1782,1523,3305,
2361,1044,875,1919,
2364,472,395,867,
2366,1166,955,2121,
2367,1482,1253,2735,
2368,1166,927,2093,
2372,274,209,483,
2373,923,722,1645,
2374,1037,842,1879,
2376,577,429,1006,
2378,1284,1056,2340,
2379,298,226,524,
2381,543,440,983,
2382,1087,894,1981,
2383,1221,898,2119,
2386,751,632,1383,
2387,506,386,892,
2388,342,217,559,
2390,1452,1103,2555,
2391,1225,940,2165,
2392,627,555,1182,
2393,1814,1488,3302,
2394,1302,1102,2404,
2395,866,664,1530,
2396,1006,772,1778,
2399,1184,1010,2194,
2401,885,725,1610,
2402,1207,899,2106,
2403,906,722,1628,
2405,734,552,1286,
2410,1170,953,2123,
2411,384,310,694,
2415,750,540,1290,
2418,1827,1483,3310,
2419,898,702,1600,
2420,97,59,156,
2422,767,585,1352,
2423,1207,955,2162,
2427,260,215,475,
2428,106,90,196,
2430,1145,883,2028,
2432,62,53,115,
2433,1150,875,2025,
2435,1130,882,2012,
2436,1406,1123,2529,
2439,464,350,814,
2440,1365,1038,2403,
2441,245,218,463,
2442,202,154,356,
2446,962,747,1709,
2448,979,815,1794,
2449,150,120,270,
2458,237,172,409,
2459,909,687,1596,
2460,888,640,1528,
2462,169,127,296,
2463,483,359,842,
2464,242,207,449,
2465,1041,843,1884,
2466,680,565,1245,
2468,810,652,1462,
2471,1328,985,2313,
2472,640,453,1093,
2473,656,461,1117,
2474,1048,909,1957,
2478,1131,870,2001,
2481,1183,956,2139,
2482,138,105,243,
2484,1158,905,2063,
2485,1054,809,1863,
2486,261,190,451,
2487,287,274,561,
2488,1180,919,2099,
2489,758,623,1381,
2490,849,670,1519,
2491,880,707,1587,
2492,370,263,633,
2494,914,734,1648,
2497,391,289,680,
2498,1012,795,1807,
2500,59,34,93,
2502,859,667,1526,
2507,1176,918,2094,
2509,1040,767,1807,
2510,1189,1020,2209,
2512,962,787,1749,
2517,213,160,373,
2518,992,853,1845,
2521,977,708,1685,
2522,58,44,102,
2525,1280,953,2233,
2529,856,698,1554,
2531,1249,934,2183,
2535,1111,912,2023,
2537,1195,1054,2249,
2538,1937,1403,3340,
2539,1100,866,1966,
2540,419,297,716,
2541,524,405,929,
2542,1159,864,2023,
2544,813,614,1427,
2545,914,706,1620,
2546,1467,1137,2604,
2548,1165,924,2089,
2550,1230,934,2164,
2551,1163,854,2017,
2552,1378,1111,2489,
2553,1357,1080,2437,
2555,691,599,1290,
2560,1148,841,1989,
2563,182,142,324,
2570,832,646,1478,
2571,1234,947,2181,
2574,1287,985,2272,
2575,1285,1013,2298,
2578,1177,935,2112,
2580,338,264,602,
2583,358,316,674,
2586,1236,966,2202,
2587,905,804,1709,
2593,525,375,900,
2598,824,644,1468,
2599,1297,1157,2454,
2603,755,584,1339,
2604,298,221,519,
2605,1176,1033,2209,
2607,874,702,1576,
2608,220,180,400,
2609,437,317,754,
2613,1024,839,1863,
2615,52,25,77,
2618,438,378,816,
2619,1114,853,1967,
2621,1060,880,1940,
2622,799,615,1414,
2625,208,144,352,
2626,1132,917,2049,
2630,326,248,574,
2631,1011,806,1817,
2632,1705,1304,3009,
2633,729,550,1279,
2635,681,492,1173,
2636,254,162,416,
2637,114,93,207,
2639,751,573,1324,
2641,1220,893,2113,
2642,345,288,633,
2646,328,265,593,
2647,1238,931,2169,
2652,1152,937,2089,
2653,813,625,1438,
2656,438,427,865,
2657,1122,900,2022,
2660,1286,989,2275,
2663,1199,982,2181,
2666,946,699,1645,
2667,70,55,125,
2670,436,388,824,
2671,868,783,1651,
2673,1399,1080,2479,
2674,1183,936,2119,
2675,30,20,50,
2678,293,219,512,
2680,630,443,1073,
2681,232,191,423,
2682,57,44,101,
2686,457,425,882,
2688,881,680,1561,
2689,1073,920,1993,
2695,552,452,1004,
2696,998,742,1740,
2698,577,504,1081,
2699,513,423,936,
2701,45,49,94,
2702,1212,857,2069,
2704,1052,816,1868,
2705,936,739,1675,
2708,1436,1034,2470,
2710,1072,895,1967,
2711,493,386,879,
2712,572,487,1059,
2713,301,233,534,
2714,650,531,1181,
2717,1249,944,2193,
2718,877,777,1654,
2719,242,157,399,
2721,48,44,92,
2722,376,289,665,
2723,1026,881,1907,
2724,342,293,635,
2725,1197,953,2150,
2727,533,426,959,
2728,470,345,815,
2729,334,292,626,
2730,235,182,417,
2732,1070,884,1954,
2733,864,669,1533,
2734,318,249,567,
2735,688,574,1262,
2738,1521,1312,2833,
2743,854,642,1496,
2744,1103,859,1962,
2745,1058,869,1927,
2747,316,235,551,
2749,1272,1006,2278,
2751,1782,1470,3252,
2752,1330,1007,2337,
2753,1273,953,2226,
2755,1013,829,1842,
2756,967,722,1689,
2757,1157,872,2029,
2758,123,78,201,
2759,1098,817,1915,
2760,1223,923,2146,
2762,853,635,1488,
2766,1315,1063,2378,
2767,682,487,1169,
2768,582,424,1006,
2769,1030,823,1853,
2770,466,469,935,
2771,590,476,1066,
2773,1353,1068,2421,
2774,151,108,259,
2776,161,111,272,
2780,1047,777,1824,
2782,475,382,857,
2784,1259,988,2247,
2786,1362,1028,2390,
2787,113,111,224,
2788,1196,902,2098,
2789,1259,1003,2262,
2794,1129,871,2000,
2795,1032,845,1877,
2797,1479,1144,2623,
2802,1331,987,2318,
2803,1260,997,2257,
2808,474,370,844,
2809,1646,1246,2892,
2810,901,794,1695,
2812,434,351,785,
2819,1885,1450,3335,
2820,370,266,636,
2826,89,78,167,
2828,1907,1428,3335,
2829,1182,969,2151,
2830,1428,1062,2490,
2832,1448,1100,2548,
2834,1855,1438,3293,
2835,929,725,1654,
2836,238,172,410,
2837,1032,819,1851,
2839,1880,1564,3444,
2843,109,93,202,
2845,750,525,1275,
2847,1393,1098,2491,
2848,1132,998,2130,
2849,705,565,1270,
2850,1102,788,1890,
2851,1581,1284,2865,
2853,529,468,997,
2854,1181,846,2027,
2855,1750,1361,3111,
2856,748,516,1264,
2857,838,618,1456,
2860,972,795,1767,
2862,1885,1392,3277,
2864,1253,910,2163,
2865,1264,960,2224,
2866,1864,1417,3281,
2868,1103,927,2030,
2869,844,656,1500,
2871,902,659,1561,
2872,674,571,1245,
2876,99,84,183,
2877,1106,898,2004,
2878,236,185,421,
2879,1284,936,2220,
2880,1203,946,2149,
2883,1159,851,2010,
2885,889,660,1549,
2886,508,400,908,
2889,874,592,1466,
2890,1117,819,1936,
2892,630,478,1108,
2893,411,335,746,
2894,300,226,526,
2895,293,234,527,
2897,1112,845,1957,
2898,98,85,183,
2900,1152,947,2099,
2901,1097,888,1985,
2902,507,375,882,
2904,425,314,739,
2907,115,96,211,
2909,1614,1300,2914,
2910,1283,1048,2331,
2911,805,623,1428,
2912,756,615,1371,
2914,342,290,632,
2915,1736,1550,3286,
2916,824,639,1463,
2917,1171,959,2130,
2918,1564,1214,2778,
2919,161,128,289,
2920,101,90,191,
2922,614,500,1114,
2923,254,212,466,
2924,100,80,180,
2926,1067,856,1923,
2928,1780,1548,3328,
2930,629,475,1104,
2933,968,802,1770,
2935,1353,986,2339,
2937,1454,1159,2613,
2939,779,615,1394,
2942,870,687,1557,
2948,1850,1492,3342,
2949,916,737,1653,
2951,484,358,842,
2952,833,641,1474,
2957,1117,950,2067,
2958,854,730,1584,
2961,919,698,1617,
2966,1095,866,1961,
2967,1622,1306,2928,
2972,222,172,394,
2974,983,810,1793,
2975,455,357,812,
2976,1330,1088,2418,
2977,8,14,22,
2978,1839,1498,3337,
2980,525,478,1003,
2982,1005,812,1817,
2984,246,191,437,
2985,1811,1544,3355,
2987,160,149,309,
2988,198,157,355,
2989,468,334,802,
2990,1550,1179,2729,
2991,1356,1045,2401,
2993,285,233,518,
2994,270,218,488,
2996,1279,941,2220,
2997,1728,1480,3208,
2998,1210,990,2200,
2999,167,148,315,
3000,1348,1026,2374,
3003,1106,839,1945,
3005,397,311,708,
3006,1167,874,2041,
3007,1214,942,2156,
3008,128,85,213,
3011,777,705,1482,
3012,195,171,366,
3013,51,57,108,
3014,1146,859,2005,
3016,1193,916,2109,
3017,283,241,524,
3019,30,19,49,
3022,950,729,1679,
3025,1114,847,1961,
3026,786,637,1423,
3029,220,171,391,
3033,762,651,1413,
3034,1525,1239,2764,
3035,865,736,1601,
3036,740,608,1348,
3038,479,399,878,
3040,375,264,639,
3041,17,24,41,
3044,1155,899,2054,
3045,884,651,1535,
3051,537,433,970,
3052,301,248,549,
3055,1029,781,1810,
3057,231,200,431,
3058,1822,1457,3279,
3061,481,428,909,
3062,1183,913,2096,
3063,1416,981,2397,
3065,1575,1231,2806,
3068,143,108,251,
3070,555,418,973,
3074,340,231,571,
3076,116,94,210,
3077,395,344,739,
3078,578,451,1029,
3079,54,62,116,
3081,318,286,604,
3082,1254,946,2200,
3084,323,263,586,
3085,1103,968,2071,
3086,777,619,1396,
3087,1033,832,1865,
3088,513,375,888,
3090,606,481,1087,
3091,310,237,547,
3092,973,752,1725,
3094,51,32,83,
3096,1196,925,2121,
3098,1212,975,2187,
3101,322,282,604,
3105,1199,991,2190,
3106,425,324,749,
3108,1196,990,2186,
3109,1337,1005,2342,
3112,1086,831,1917,
3113,603,415,1018,
3115,665,505,1170,
3116,821,672,1493,
3117,247,170,417,
3118,773,631,1404,
3119,1473,1011,2484,
3121,483,355,838,
3122,397,299,696,
3125,113,97,210,
3128,1256,944,2200,
3129,1146,996,2142,
3131,8,9,17,
3133,1026,853,1879,
3134,13,2,15,
3135,1259,1053,2312,
3139,1842,1518,3360,
3140,1223,1031,2254,
3141,156,108,264,
3142,390,304,694,
3143,874,603,1477,
3144,776,577,1353,
3145,906,735,1641,
3146,1920,1444,3364,
3149,1263,950,2213,
3152,1335,1058,2393,
3154,79,65,144,
3156,1051,855,1906,
3158,513,398,911,
3159,1027,736,1763,
3160,833,652,1485,
3161,248,203,451,
3162,116,88,204,
3164,1044,818,1862,
3168,1301,928,2229,
3169,197,160,357,
3172,112,89,201,
3174,1760,1447,3207,
3175,1091,843,1934,
3179,1506,1149,2655,
3180,875,739,1614,
3181,964,770,1734,
3182,662,536,1198,
3183,771,589,1360,
3185,554,513,1067,
3186,1147,869,2016,
3187,1015,811,1826,
3188,141,90,231,
3189,1219,936,2155,
3191,1038,829,1867,
3192,1901,1416,3317,
3193,1027,801,1828,
3195,5,2,7,
3196,1173,967,2140,
3198,320,251,571,
3200,913,703,1616,
3202,306,274,580,
3208,618,460,1078,
3209,1252,969,2221,
3210,932,626,1558,
3211,136,94,230,
3212,287,167,454,
3213,1050,753,1803,
3215,31,23,54,
3216,1547,1214,2761,
3218,60,48,108,
3219,361,284,645,
3222,625,534,1159,
3223,314,216,530,
3224,416,333,749,
3225,709,513,1222,
3227,311,239,550,
3228,26,21,47,
3229,1128,950,2078,
3230,1132,884,2016,
3231,463,332,795,
3233,583,475,1058,
3235,762,596,1358,
3236,319,263,582,
3237,1202,977,2179,
3240,1876,1488,3364,
3246,1152,935,2087,
3247,97,86,183,
3248,1237,941,2178,
3250,1116,914,2030,
3251,1425,1098,2523,
3252,556,327,883,
3253,1412,1126,2538,
3254,213,165,378,
3256,1865,1491,3356,
3260,1216,974,2190,
3261,533,446,979,
3266,7,6,13,
3267,1225,940,2165,
3268,726,532,1258,
3269,1241,929,2170,
3270,1203,965,2168,
3273,1216,897,2113,
3277,1046,868,1914,
3278,595,558,1153,
3279,407,312,719,
3280,1185,891,2076,
3282,838,677,1515,
3286,424,323,747,
3287,1432,1164,2596,
3288,1046,861,1907,
3289,1568,1183,2751,
3290,1223,937,2160,
3295,1384,1043,2427,
3296,1410,1069,2479,
3299,4,4,8,
3300,1232,956,2188,
3302,426,300,726,
3308,576,418,994,
3309,392,319,711,
3310,261,212,473,
3314,874,710,1584,
3316,836,763,1599,
3317,996,885,1881,
3318,263,207,470,
3319,905,752,1657,
3320,1300,971,2271,
3321,942,669,1611,
3324,700,507,1207,
3327,721,597,1318,
3328,416,303,719,
3329,237,146,383,
3330,217,156,373,
3331,1774,1476,3250,
3332,411,343,754,
3333,767,633,1400,
3334,1200,949,2149,
3335,720,543,1263,
3336,890,668,1558,
3340,1152,896,2048,
3345,1061,911,1972,
3348,751,653,1404,
3349,1180,986,2166,
3353,1130,880,2010,
3354,186,120,306,
3355,526,455,981,
3357,1606,1205,2811,
3360,549,458,1007,
3362,308,238,546,
3364,1460,1151,2611,
3365,784,595,1379,
3366,95,63,158,
3367,350,292,642,
3369,337,258,595,
3371,702,536,1238,
3373,1179,1011,2190,
3374,870,617,1487,
3375,789,565,1354,
3376,102,71,173,
3379,764,586,1350,
3386,1404,1129,2533,
3387,1136,862,1998,
3388,278,237,515,
3391,174,148,322,
3392,741,681,1422,
3393,1307,1077,2384,
3394,1238,954,2192,
3395,467,401,868,
3396,945,615,1560,
3398,763,575,1338,
3400,1,2,3,
3401,1059,844,1903,
3402,300,222,522,
3403,539,449,988,
3405,647,550,1197,
3407,995,844,1839,
3408,1804,1506,3310,
3409,1187,970,2157,
3410,575,466,1041,
3413,1173,968,2141,
3415,791,652,1443,
3416,639,445,1084,
3417,425,350,775,
3418,1102,810,1912,
3419,874,688,1562,
3421,637,478,1115,
3423,1555,1158,2713,
3424,1413,1021,2434,
3430,789,600,1389,
3434,1069,761,1830,
3436,1498,1114,2612,
3442,730,537,1267,
3444,29,23,52,
3445,545,379,924,
3446,616,479,1095,
3447,1141,914,2055,
3450,1466,1099,2565,
3451,1257,948,2205,
3453,1156,910,2066,
3454,746,556,1302,
3457,429,357,786,
3458,847,677,1524,
3460,486,369,855,
3461,1289,1009,2298,
3465,1145,860,2005,
3466,729,565,1294,
3467,5,6,11,
3470,1097,774,1871,
3472,1051,780,1831,
3473,1295,1033,2328,
3474,1172,931,2103,
3475,1213,943,2156,
3477,754,593,1347,
3478,39,35,74,
3483,1332,1102,2434,
3484,1232,881,2113,
3486,89,84,173,
3488,1351,1112,2463,
3489,1331,1015,2346,
3490,163,135,298,
3493,885,714,1599,
3494,1019,807,1826,
3496,510,391,901,
3500,1003,772,1775,
3501,1242,913,2155,
3502,1049,786,1835,
3504,871,695,1566,
3506,139,106,245,
3509,684,566,1250,
3510,626,477,1103,
3511,1349,1048,2397,
3512,1145,837,1982,
3513,1516,1086,2602,
3515,1200,914,2114,
3516,518,400,918,
3521,1072,795,1867,
3523,745,570,1315,
3524,914,717,1631,
3527,1320,1061,2381,
3529,106,94,200,
3531,616,508,1124,
3532,1266,1030,2296,
3534,1864,1439,3303,
3535,773,640,1413,
3536,714,588,1302,
3539,243,178,421,
3541,981,777,1758,
3542,1252,922,2174,
3543,1263,972,2235,
3546,24,12,36,
3547,220,172,392,
3548,878,665,1543,
3550,1083,906,1989,
3551,1292,966,2258,
3552,443,256,699,
3554,1411,1158,2569,
3555,1425,1113,2538,
3559,1354,1046,2400,
3560,642,489,1131,
3561,145,122,267,
3563,1400,1053,2453,
3564,1190,920,2110,
3572,601,435,1036,
3574,107,80,187,
3575,37,27,64,
3576,1175,927,2102,
3579,870,670,1540,
3581,494,392,886,
3583,723,546,1269,
3584,602,548,1150,
3587,644,521,1165,
3588,1008,834,1842,
3591,1200,942,2142,
3594,944,731,1675,
3596,386,289,675,
3597,766,564,1330,
3598,1144,883,2027,
3605,160,124,284,
3606,1012,729,1741,
3609,457,358,815,
3610,912,697,1609,
3613,1077,783,1860,
3614,1050,879,1929,
3618,1038,752,1790,
3619,351,250,601,
3620,793,603,1396,
3621,1044,828,1872,
3623,83,65,148,
3624,809,689,1498,
3625,1514,1194,2708,
3627,1831,1456,3287,
3629,1190,947,2137,
3630,953,736,1689,
3631,284,201,485,
3634,1385,1131,2516,
3636,8,6,14,
3641,1188,951,2139,
3642,524,416,940,
3643,842,626,1468,
3645,771,574,1345,
3646,1654,1287,2941,
3649,1189,985,2174,
3653,1193,993,2186,
3655,1404,1114,2518,
3656,993,781,1774,
3659,282,239,521,
3660,177,149,326,
3661,206,162,368,
3662,520,496,1016,
3663,683,563,1246,
3665,1248,931,2179,
3668,54,34,88,
3669,151,103,254,
3670,114,91,205,
3671,1503,1268,2771,
3672,141,89,230,
3673,196,194,390,
3678,1174,863,2037,
3679,1779,1500,3279,
3681,1379,1110,2489,
3682,465,366,831,
3685,1402,1112,2514,
3686,422,356,778,
3689,1255,1033,2288,
3691,712,561,1273,
3695,1113,849,1962,
3696,640,517,1157,
3697,559,441,1000,
3699,1888,1393,3281,
3700,355,262,617,
3701,16,13,29,
3702,1274,1010,2284,
3704,540,427,967,
3705,888,798,1686,
3709,474,349,823,
3710,348,254,602,
3711,48,26,74,
3712,759,618,1377,
3720,362,267,629,
3721,274,220,494,
3724,1322,1019,2341,
3727,680,686,1366,
3728,64,33,97,
3732,1148,913,2061,
3735,906,693,1599,
3737,881,703,1584,
3738,1805,1514,3319,
3740,807,655,1462,
3741,1198,967,2165,
3742,904,746,1650,
3744,1354,945,2299,
3746,306,206,512,
3749,1874,1416,3290,
3750,488,383,871,
3751,314,210,524,
3754,677,540,1217,
3755,257,190,447,
3756,1217,959,2176,
3757,169,132,301,
3758,1856,1438,3294,
3760,1477,1154,2631,
3763,1005,719,1724,
3765,1823,1428,3251,
3766,378,306,684,
3771,1261,1024,2285,
3772,1179,953,2132,
3773,1287,1069,2356,
3775,812,577,1389,
3777,1145,959,2104,
3778,1228,1015,2243,
3779,850,668,1518,
3780,231,166,397,
3782,1182,969,2151,
3783,89,62,151,
3786,1130,935,2065,
3787,938,791,1729,
3790,1225,950,2175,
3791,1231,946,2177,
3795,429,292,721,
3797,1277,1011,2288,
3798,852,659,1511,
3799,777,625,1402,
3801,779,651,1430,
3803,955,885,1840,
3804,207,172,379,
3805,385,338,723,
3806,179,155,334,
3807,225,178,403,
3808,1299,993,2292,
3809,848,660,1508,
3812,1039,752,1791,
3815,298,237,535,
3817,1311,1091,2402,
3819,482,366,848,
3820,438,352,790,
3822,494,346,840,
3823,263,247,510,
3826,565,412,977,
3829,1048,834,1882,
3830,530,413,943,
3832,812,677,1489,
3833,268,244,512,
3837,1139,917,2056,
3838,266,220,486,
3839,1219,947,2166,
3840,1494,1205,2699,
3841,255,192,447,
3844,1872,1468,3340,
3847,66,62,128,
3848,917,664,1581,
3849,763,596,1359,
3852,1453,1080,2533,
3857,1098,843,1941,
3858,1911,1505,3416,
3860,577,574,1151,
3862,980,761,1741,
3865,828,723,1551,
3867,1832,1448,3280,
3870,878,744,1622,
3871,582,476,1058,
3873,770,601,1371,
3874,1112,880,1992,
3876,366,295,661,
3877,1118,923,2041,
3881,1087,767,1854,
3884,1059,709,1768,
3887,1318,1090,2408,
3889,1234,947,2181,
3892,597,497,1094,
3893,892,695,1587,
3894,485,381,866,
3895,1132,786,1918,
3896,870,669,1539,
3897,147,113,260,
3900,742,506,1248,
3901,1347,1054,2401,
3902,716,538,1254,
3903,1886,1449,3335,
3907,435,335,770,
3910,728,584,1312,
3911,1142,870,2012,
3922,435,327,762,
3923,1041,821,1862,
3925,799,705,1504,
3927,490,354,844,
3928,456,361,817,
3930,120,103,223,
3931,80,58,138,
3935,263,224,487,
3936,558,449,1007,
3937,517,407,924,
3943,1166,980,2146,
3944,343,299,642,
3949,206,156,362,
3950,817,630,1447,
3953,481,401,882,
3954,744,598,1342,
3956,252,225,477,
3958,222,184,406,
3959,1333,1094,2427,
3962,1255,949,2204,
3966,1178,792,1970,
3967,827,628,1455,
3970,981,750,1731,
3974,700,504,1204,
3976,721,473,1194,
3978,312,212,524,
3980,23,14,37,
3981,1331,1003,2334,
3984,339,296,635,
3989,546,473,1019,
3990,580,441,1021,
3992,1192,970,2162,
3994,1463,1238,2701,
3995,83,67,150,
4001,238,198,436,
4002,995,743,1738,
4003,1055,831,1886,
4005,866,676,1542,
4006,711,521,1232,
4007,879,675,1554,
4009,1290,1068,2358,
4011,1172,1091,2263,
4013,1682,1253,2935,
4014,293,237,530,
4019,1184,894,2078,
4020,45,28,73,
4021,1314,996,2310,
4022,57,54,111,
4024,1177,1015,2192,
4027,1052,769,1821,
4030,1318,1034,2352,
4031,675,473,1148,
4034,1567,1241,2808,
4036,85,76,161,
4038,1070,818,1888,
4039,143,114,257,
4040,1305,1119,2424,
4041,1065,812,1877,
4042,156,115,271,
4044,963,786,1749,
4047,609,442,1051,
4050,1125,838,1963,
4051,1257,994,2251,
4053,1827,1371,3198,
4054,585,446,1031,
4055,723,531,1254,
4056,1033,833,1866,
4058,1234,967,2201,
4059,76,50,126,
4062,280,218,498,
4064,1185,961,2146,
4066,1283,1016,2299,
4068,114,78,192,
4069,1197,870,2067,
4072,74,76,150,
4073,578,477,1055,
4074,1091,834,1925,
4076,321,228,549,
4080,520,354,874,
4081,1918,1554,3472,
4083,882,737,1619,
4084,231,211,442,
4086,1211,945,2156,
4088,58,36,94,
4093,1431,1147,2578,
4094,1133,907,2040,
4096,837,707,1544,
4099,883,701,1584,
4100,1206,977,2183,
4103,98,75,173,
4104,205,172,377,
4105,1427,1053,2480,
4106,96,69,165,
4107,1096,820,1916,
4109,87,70,157,
4110,78,65,143,
4111,1184,926,2110,
4112,183,141,324,
4114,508,377,885,
4115,1037,722,1759,
4117,175,132,307,
4118,883,641,1524,
4121,461,375,836,
4123,1799,1352,3151,
4124,1840,1487,3327,
4126,876,661,1537,
4127,379,297,676,
4129,1501,1149,2650,
4130,724,541,1265,
4131,668,610,1278,
4132,145,127,272,
4133,495,399,894,
4134,436,291,727,
4136,1170,902,2072,
4139,554,412,966,
4140,1074,817,1891,
4141,318,258,576,
4142,687,467,1154,
4143,961,700,1661,
4146,802,677,1479,
4147,1109,944,2053,
4149,1036,738,1774,
4157,283,250,533,
4161,717,573,1290,
4165,1515,1156,2671,
4169,412,347,759,
4171,1502,1191,2693,
4172,1015,761,1776,
4173,54,33,87,
4175,898,659,1557,
4177,762,552,1314,
4178,974,769,1743,
4179,1953,1490,3443,
4180,920,667,1587,
4183,1092,811,1903,
4184,745,570,1315,
4185,792,652,1444,
4186,589,442,1031,
4187,1935,1469,3404,
4193,1907,1495,3402,
4194,1054,846,1900,
4196,1229,947,2176,
4199,258,206,464,
4200,1070,831,1901,
4201,1033,879,1912,
4202,452,351,803,
4204,25,27,52,
4208,182,144,326,
4210,156,138,294,
4211,1241,945,2186,
4214,1299,995,2294,
4216,873,686,1559,
4217,740,548,1288,
4219,161,118,279,
4222,1906,1453,3359,
4225,1019,748,1767,
4233,189,137,326,
4241,1267,945,2212,
4242,1224,984,2208,
4243,1220,957,2177,
4244,780,644,1424,
4245,501,437,938,
4246,270,211,481,
4251,60,64,124,
4252,925,862,1787,
4255,27,16,43,
4258,1510,1204,2714,
4261,1470,989,2459,
4262,391,307,698,
4263,1390,1088,2478,
4264,833,615,1448,
4267,1890,1471,3361,
4269,710,560,1270,
4271,855,695,1550,
4273,267,205,472,
4274,864,663,1527,
4276,1266,951,2217,
4279,1354,1148,2502,
4283,951,801,1752,
4285,413,315,728,
4288,891,657,1548,
4289,1461,1078,2539,
4290,756,603,1359,
4291,422,322,744,
4292,91,69,160,
4293,1592,1226,2818,
4295,1295,1009,2304,
4297,1157,784,1941,
4299,1127,890,2017,
4301,328,282,610,
4302,183,129,312,
4305,938,745,1683,
4306,674,410,1084,
4308,107,71,178,
4309,642,623,1265,
4310,382,309,691,
4311,1296,1028,2324,
4312,556,425,981,
4313,135,119,254,
4315,489,474,963,
4316,1246,949,2195,
4320,1111,845,1956,
4321,1081,846,1927,
4324,1194,957,2151,
4325,945,770,1715,
4327,1078,800,1878,
4328,225,138,363,
4330,340,232,572,
4332,400,311,711,
4333,268,219,487,
4336,280,184,464,
4338,1239,1031,2270,
4339,926,743,1669,
4340,1166,905,2071,
4344,1868,1468,3336,
4345,540,410,950,
4346,1076,893,1969,
4349,684,422,1106,
4352,1076,901,1977,
4353,681,583,1264,
4355,253,221,474,
4356,80,94,174,
4358,66,44,110,
4359,518,414,932,
4361,1301,1008,2309,
4362,78,68,146,
4364,1648,1243,2891,
4366,380,297,677,
4369,601,476,1077,
4371,231,159,390,
4372,1031,773,1804,
4375,107,85,192,
4379,536,490,1026,
4380,1238,952,2190,
4382,1111,879,1990,
4385,19,7,26,
4389,45,44,89,
4391,475,393,868,
4393,1105,931,2036,
4394,1352,1265,2617,
4395,1433,1115,2548,
4396,258,166,424,
4400,977,739,1716,
4401,1788,1436,3224,
4405,403,340,743,
4408,1203,965,2168,
4409,987,768,1755,
4410,355,251,606,
4411,1227,860,2087,
4413,311,241,552,
4414,1566,1107,2673,
4415,530,378,908,
4417,1055,794,1849,
4418,300,226,526,
4419,704,515,1219,
4420,210,145,355,
4424,318,249,567,
4425,1801,1529,3330,
4426,1186,978,2164,
4428,792,622,1414,
4430,1873,1474,3347,
4431,1016,765,1781,
4433,313,275,588,
4437,8,5,13,
4439,1030,847,1877,
4440,224,208,432,
4441,1841,1475,3316,
4442,964,800,1764,
4443,245,183,428,
4446,910,684,1594,
4447,1572,1291,2863,
4449,1216,1013,2229,
4450,519,436,955,
4452,1251,1006,2257,
4453,712,569,1281,
4454,1886,1465,3351,
4457,1254,921,2175,
4459,135,97,232,
4460,121,110,231,
4461,613,539,1152,
4462,87,56,143,
4465,1435,1221,2656,
4466,1858,1546,3404,
4467,593,516,1109,
4468,927,765,1692,
4469,940,731,1671,
4470,494,402,896,
4472,1213,984,2197,
4475,1066,835,1901,
4480,718,772,1490,
4481,1440,1035,2475,
4484,471,373,844,
4485,102,56,158,
4486,1239,1011,2250,
4489,159,97,256,
4490,171,144,315,
4492,1917,1445,3362,
4496,663,599,1262,
4498,1434,1180,2614,
4499,263,266,529,
4500,414,311,725,
4502,1901,1458,3359,
4506,1087,941,2028,
4508,63,58,121,
4509,1580,1255,2835,
4511,622,435,1057,
4513,685,533,1218,
4514,880,699,1579,
4516,833,660,1493,
4519,990,798,1788,
4520,203,171,374,
4522,879,707,1586,
4523,1026,880,1906,
4526,988,732,1720,
4527,361,306,667,
4528,557,519,1076,
4529,545,453,998,
4530,605,447,1052,
4537,894,666,1560,
4542,963,736,1699,
4543,169,124,293,
4546,218,153,371,
4549,513,503,1016,
4551,432,326,758,
4553,1348,1148,2496,
4554,1271,999,2270,
4562,1186,991,2177,
4565,288,172,460,
4566,529,389,918,
4567,1376,1151,2527,
4568,973,722,1695,
4569,1274,1014,2288,
4570,500,411,911,
4572,1361,1144,2505,
4573,1106,858,1964,
4574,204,170,374,
4575,1831,1530,3361,
4577,88,98,186,
4579,1530,1172,2702,
4581,1,2,3,
4582,619,477,1096,
4583,1171,839,2010,
4584,709,537,1246,
4585,633,498,1131,
4586,1803,1429,3232,
4587,1309,1046,2355,
4589,1027,839,1866,
4592,1161,860,2021,
4593,1078,890,1968,
4598,718,535,1253,
4604,1214,938,2152,
4606,1004,824,1828,
4608,1504,1147,2651,
4609,212,167,379,
4610,1141,923,2064,
4613,73,60,133,
4617,569,436,1005,
4618,1590,1276,2866,
4619,110,95,205,
4624,1431,1003,2434,
4625,647,480,1127,
4626,1077,891,1968,
4630,461,340,801,
4631,185,211,396,
4633,590,507,1097,
4634,1182,902,2084,
4635,327,259,586,
4640,1146,935,2081,
4641,984,741,1725,
4642,1839,1477,3316,
4647,286,199,485,
4648,747,606,1353,
4656,642,517,1159,
4657,892,741,1633,
4659,686,536,1222,
4661,179,134,313,
4664,835,666,1501,
4665,1853,1453,3306,
4668,207,171,378,
4669,692,553,1245,
4670,62,48,110,
4673,1232,956,2188,
4676,1705,1647,3352,
4677,1827,1520,3347,
4678,672,504,1176,
4679,497,421,918,
4680,1258,920,2178,
4681,1228,938,2166,
4682,786,629,1415,
4683,667,515,1182,
4685,846,646,1492,
4687,421,353,774,
4688,40,25,65,
4691,909,764,1673,
4692,183,133,316,
4693,66,59,125,
4695,582,418,1000,
4698,97,65,162,
4699,393,298,691,
4700,285,201,486,
4702,1436,1176,2612,
4703,997,835,1832,
4705,1225,865,2090,
4710,156,117,273,
4711,122,95,217,
4712,845,643,1488,
4714,926,707,1633,
4718,992,758,1750,
4723,199,172,371,
4725,1256,996,2252,
4727,243,168,411,
4729,734,641,1375,
4730,1079,899,1978,
4731,323,238,561,
4736,345,237,582,
4737,1476,1188,2664,
4738,311,244,555,
4742,319,265,584,
4743,856,611,1467,
4744,1646,1299,2945,
4747,1073,901,1974,
4749,1306,970,2276,
4750,1010,803,1813,
4751,811,673,1484,
4752,1297,913,2210,
4754,1094,956,2050,
4756,831,658,1489,
4757,1924,1498,3422,
4759,193,119,312,
4760,705,569,1274,
4763,519,390,909,
4764,938,762,1700,
4765,24,24,48,
4766,1225,926,2151,
4770,1896,1487,3383,
4773,779,623,1402,
4775,1019,734,1753,
4779,48,39,87,
4780,223,191,414,
4786,1348,1036,2384,
4788,695,584,1279,
4789,214,153,367,
4792,288,203,491,
4794,97,63,160,
4798,177,130,307,
4800,251,197,448,
4805,981,765,1746,
4806,595,470,1065,
4807,997,769,1766,
4808,152,108,260,
4809,1075,835,1910,
4812,1015,896,1911,
4814,135,100,235,
4815,154,97,251,
4816,1183,934,2117,
4817,241,172,413,
4820,1211,907,2118,
4821,840,649,1489,
4822,829,654,1483,
4824,150,113,263,
4827,633,501,1134,
4831,685,502,1187,
4834,589,531,1120,
4838,647,532,1179,
4839,1403,1218,2621,
4840,518,429,947,
4844,213,148,361,
4846,1162,925,2087,
4848,695,580,1275,
4850,200,145,345,
4851,50,42,92,
4852,800,633,1433,
4853,470,399,869,
4857,1233,966,2199,
4858,966,744,1710,
4859,9,9,18,
4860,1235,955,2190,
4862,897,675,1572,
4863,281,226,507,
4864,257,205,462,
4867,598,508,1106,
4868,1221,1014,2235,
4869,1145,927,2072,
4872,993,694,1687,
4873,1032,693,1725,
4874,136,90,226,
4875,790,673,1463,
4879,136,95,231,
4881,367,322,689,
4883,1180,899,2079,
4886,944,723,1667,
4893,1312,996,2308,
4894,1266,916,2182,
4895,555,449,1004,
4902,929,715,1644,
4903,585,436,1021,
4907,166,125,291,
4913,521,469,990,
4915,1081,845,1926,
4916,293,208,501,
4917,936,655,1591,
4918,679,598,1277,
4919,242,206,448,
4922,433,356,789,
4924,123,105,228,
4925,489,348,837,
4926,332,246,578,
4928,1033,813,1846,
4929,212,168,380,
4930,942,573,1515,
4934,1084,885,1969,
4935,175,157,332,
4937,560,485,1045,
4939,1446,1167,2613,
4940,551,416,967,
4941,1194,948,2142,
4944,1054,844,1898,
4945,19,11,30,
4947,261,199,460,
4949,1044,837,1881,
4950,1886,1509,3395,
4951,551,400,951,
4952,91,72,163,
4957,797,649,1446,
4958,23,17,40,
4959,1088,844,1932,
4960,108,83,191,
4961,306,247,553,
4963,1341,1033,2374,
4967,1271,1030,2301,
4971,1133,816,1949,
4974,157,115,272,
4977,680,534,1214,
4980,1199,960,2159,
4981,218,165,383,
4982,924,765,1689,
4983,1321,999,2320,
4984,1470,1150,2620,
4985,25,26,51,
4986,714,514,1228,
4987,747,609,1356,
4988,1111,873,1984,
4991,960,880,1840,
4992,911,703,1614,
4994,776,633,1409,
4995,1832,1441,3273,
4996,14,18,32,
4997,589,467,1056,
4998,1098,874,1972,
5002,1300,1009,2309,
5003,1269,1061,2330,
5008,1141,825,1966,
5011,677,566,1243,
5012,444,376,820,
5014,1182,963,2145,
5019,951,778,1729,
5020,1536,1192,2728,
5021,1583,1342,2925,
5022,1050,823,1873,
5023,288,231,519,
5024,1555,1467,3022,
5031,310,197,507,
5032,633,418,1051,
5034,415,304,719,
5035,855,671,1526,
5037,452,386,838,
5038,175,146,321,
5041,936,741,1677,
5046,1202,970,2172,
5047,1372,1153,2525,
5050,427,397,824,
5052,42,34,76,
5053,997,740,1737,
5054,96,52,148,
5057,1430,1081,2511,
5065,1070,890,1960,
5066,733,587,1320,
5068,870,676,1546,
5069,626,473,1099,
5070,1684,1211,2895,
5072,497,408,905,
5073,261,214,475,
5075,118,109,227,
5076,872,680,1552,
5077,191,138,329,
5081,1212,983,2195,
5082,764,582,1346,
5083,1128,882,2010,
5085,106,67,173,
5086,1202,974,2176,
5087,1169,1029,2198,
5089,1103,811,1914,
5091,150,127,277,
5093,220,203,423,
5094,509,412,921,
5096,971,735,1706,
5098,82,96,178,
5102,1122,890,2012,
5103,177,145,322,
5104,1272,953,2225,
5105,1590,1212,2802,
5106,219,200,419,
5107,1098,843,1941,
5111,137,83,220,
5112,46,40,86,
5115,345,284,629,
5116,865,717,1582,
5117,1618,1228,2846,
5118,684,518,1202,
5123,1355,1065,2420,
5124,1184,951,2135,
5127,1055,823,1878,
5128,24,17,41,
5129,880,687,1567,
5130,930,752,1682,
5134,1343,1044,2387,
5135,943,779,1722,
5137,1103,828,1931,
5138,969,769,1738,
5141,167,115,282,
5144,1273,973,2246,
5145,1814,1435,3249,
5148,366,248,614,
5151,1600,1277,2877,
5152,1158,904,2062,
5156,1038,891,1929,
5158,90,58,148,
5159,1375,1050,2425,
5160,1855,1470,3325,
5169,389,298,687,
5171,1244,964,2208,
5174,759,582,1341,
5177,373,276,649,
5180,540,448,988,
5183,1078,835,1913,
5184,1418,1204,2622,
5185,169,108,277,
5186,705,533,1238,
5190,1213,1066,2279,
5191,403,286,689,
5192,655,473,1128,
5195,573,398,971,
5196,84,80,164,
5197,433,346,779,
5199,886,649,1535,
5200,1051,814,1865,
5201,1182,911,2093,
5203,737,563,1300,
5204,1115,995,2110,
5205,175,113,288,
5207,1449,1147,2596,
5209,1276,1100,2376,
5210,730,623,1353,
5212,652,497,1149,
5213,1273,1078,2351,
5214,1419,1071,2490,
5215,894,736,1630,
5216,1098,809,1907,
5217,1101,817,1918,
5218,782,582,1364,
5219,968,710,1678,
5220,242,181,423,
5221,592,509,1101,
5222,1419,1026,2445,
5227,767,580,1347,
5228,1273,1043,2316,
5234,437,342,779,
5236,891,729,1620,
5238,467,403,870,
5240,1401,1097,2498,
5241,891,703,1594,
5243,202,180,382,
5244,278,225,503,
5246,1320,1006,2326,
5247,1172,947,2119,
5248,1171,915,2086,
5249,1041,766,1807,
5251,979,775,1754,
5253,35,35,70,
5254,158,87,245,
5255,946,715,1661,
5256,529,465,994,
5263,722,558,1280,
5264,519,392,911,
5266,117,107,224,
5267,47,40,87,
5268,1192,963,2155,
5275,197,137,334,
5278,688,615,1303,
5281,897,696,1593,
5284,895,683,1578,
5288,634,540,1174,
5289,1025,810,1835,
5290,1121,850,1971,
5293,1204,960,2164,
5295,2,2,4,
5296,660,486,1146,
5297,521,383,904,
5298,151,112,263,
5299,583,432,1015,
5300,885,654,1539,
5303,231,243,474,
5304,1854,1445,3299,
5305,1200,931,2131,
5307,82,46,128,
5308,812,656,1468,
5309,744,656,1400,
5314,1177,927,2104,
5315,1818,1403,3221,
5317,729,553,1282,
5318,853,628,1481,
5320,789,581,1370,
5321,664,501,1165,
5324,355,244,599,
5325,1219,926,2145,
5326,670,616,1286,
5327,1802,1543,3345,
5330,653,517,1170,
5334,893,643,1536,
5335,1095,847,1942,
5336,270,180,450,
5337,983,839,1822,
5339,1065,854,1919,
5343,1384,1000,2384,
5346,1391,1109,2500,
5347,1097,834,1931,
5350,742,533,1275,
5352,1056,823,1879,
5353,1521,1106,2627,
5356,1028,775,1803,
5358,600,474,1074,
5359,774,633,1407,
5361,458,475,933,
5362,1054,847,1901,
5365,1281,1071,2352,
5368,477,324,801,
5369,157,130,287,
5370,822,589,1411,
5372,505,418,923,
5375,494,337,831,
5378,1128,826,1954,
5379,1488,1166,2654,
5380,364,272,636,
5381,1646,1398,3044,
5382,1021,873,1894,
5383,709,566,1275,
5385,772,635,1407,
5388,541,452,993,
5389,472,396,868,
5391,1036,758,1794,
5395,39,25,64,
5396,330,288,618,
5397,1138,923,2061,
5398,1233,964,2197,
5400,363,255,618,
5402,1237,953,2190,
5403,1081,862,1943,
5407,1063,753,1816,
5409,784,626,1410,
5411,1845,1478,3323,
5412,827,668,1495,
5413,1331,1208,2539,
5414,163,133,296,
5417,856,650,1506,
5418,841,592,1433,
5419,1518,1234,2752,
5420,170,119,289,
5421,207,175,382,
5422,1152,885,2037,
5424,1018,769,1787,
5427,526,399,925,
5430,319,252,571,
5431,994,785,1779,
5432,1186,1027,2213,
5435,1924,1363,3287,
5437,1277,935,2212,
5439,1525,1174,2699,
5442,1083,844,1927,
5445,1320,1037,2357,
5446,1046,825,1871,
5447,1165,916,2081,
5449,525,387,912,
5450,1046,797,1843,
5451,1293,956,2249,
5452,1260,989,2249,
5453,125,121,246,
5457,1535,1095,2630,
5458,786,547,1333,
5463,542,354,896,
5465,280,224,504,
5466,627,486,1113,
5470,673,494,1167,
5471,1122,975,2097,
5472,1085,858,1943,
5473,1332,1132,2464,
5476,61,44,105,
5478,986,780,1766,
5480,1277,1009,2286,
5483,280,189,469,
5485,1172,961,2133,
5486,236,186,422,
5489,53,38,91,
5490,635,527,1162,
5491,405,305,710,
5492,1261,997,2258,
5500,1086,851,1937,
5501,309,239,548,
5502,1432,1090,2522,
5505,663,573,1236,
5512,1143,899,2042,
5516,790,637,1427,
5518,450,383,833,
5521,442,373,815,
5523,1177,956,2133,
5527,1118,845,1963,
5528,821,641,1462,
5529,757,613,1370,
5531,383,313,696,
5536,130,95,225,
5537,1291,1055,2346,
5542,966,755,1721,
5544,1079,874,1953,
5547,532,399,931,
5549,959,746,1705,
5552,144,129,273,
5554,774,628,1402,
5555,774,621,1395,
5558,1426,1105,2531,
5560,1000,837,1837,
5561,1068,825,1893,
5563,704,607,1311,
5564,1350,1078,2428,
5565,837,657,1494,
5566,417,331,748,
5567,1196,1010,2206,
5568,814,650,1464,
5569,1080,854,1934,
5572,709,571,1280,
5573,946,705,1651,
5574,271,202,473,
5576,973,751,1724,
5578,1039,845,1884,
5581,441,417,858,
5583,494,413,907,
5586,326,282,608,
5587,944,736,1680,
5590,576,458,1034,
5591,323,246,569,
5592,331,258,589,
5594,1159,1031,2190,
5600,1221,977,2198,
5601,108,94,202,
5602,1177,858,2035,
5603,312,247,559,
5604,505,405,910,
5605,824,678,1502,
5606,1204,1020,2224,
5608,1941,1432,3373,
5613,789,572,1361,
5615,1087,814,1901,
5617,1136,914,2050,
5619,470,394,864,
5620,326,241,567,
5621,1355,1098,2453,
5622,420,337,757,
5624,77,63,140,
5627,186,137,323,
5628,237,191,428,
5629,989,792,1781,
5630,986,701,1687,
5631,601,438,1039,
5634,1092,884,1976,
5636,477,386,863,
5637,349,362,711,
5638,1175,901,2076,
5639,1913,1403,3316,
5641,393,318,711,
5643,117,74,191,
5644,1489,1111,2600,
5647,505,369,874,
5648,353,279,632,
5649,38,23,61,
5651,759,616,1375,
5652,1297,908,2205,
5654,181,143,324,
5658,1551,1156,2707,
5662,229,162,391,
5663,540,488,1028,
5664,1270,963,2233,
5667,1236,989,2225,
5668,1059,872,1931,
5670,1351,1140,2491,
5673,178,142,320,
5676,693,523,1216,
5677,1167,850,2017,
5680,551,400,951,
5682,763,583,1346,
5686,1874,1457,3331,
5687,270,200,470,
5688,1061,822,1883,
5689,1368,1113,2481,
5690,1392,1175,2567,
5695,1578,1248,2826,
5702,332,275,607,
5704,1168,989,2157,
5707,869,704,1573,
5709,819,676,1495,
5710,874,667,1541,
5711,1867,1458,3325,
5721,1993,1481,3474,
5726,386,344,730,
5727,824,659,1483,
5729,1244,1010,2254,
5730,1143,795,1938,
5732,1087,888,1975,
5734,1020,841,1861,
5739,1230,951,2181,
5741,1865,1425,3290,
5745,196,165,361,
5747,1026,799,1825,
5748,416,313,729,
5750,676,556,1232,
5751,659,498,1157,
5752,532,349,881,
5754,1116,973,2089,
5756,1255,1101,2356,
5757,723,526,1249,
5758,1037,835,1872,
5761,1325,1036,2361,
5763,947,774,1721,
5764,1259,993,2252,
5767,1130,966,2096,
5770,437,352,789,
5772,1172,918,2090,
5774,1375,1029,2404,
5775,426,349,775,
5776,313,239,552,
5777,581,481,1062,
5778,779,579,1358,
5780,1826,1485,3311,
5784,501,427,928,
5785,1299,979,2278,
5786,1037,837,1874,
5787,928,762,1690,
5788,1872,1492,3364,
5790,143,106,249,
5791,351,272,623,
5792,293,273,566,
5794,1167,929,2096,
5796,980,752,1732,
5799,460,365,825,
5801,356,287,643,
5803,102,63,165,
5804,166,107,273,
5809,30,26,56,
5810,280,228,508,
5811,1393,1066,2459,
5812,1347,1049,2396,
5813,248,184,432,
5815,1365,1124,2489,
5818,712,553,1265,
5820,1168,999,2167,
5821,148,127,275,
5823,324,237,561,
5824,1214,967,2181,
5825,796,649,1445,
5828,402,336,738,
5830,882,711,1593,
5831,862,570,1432,
5841,1159,850,2009,
5843,320,216,536,
5845,478,401,879,
5847,358,249,607,
5848,266,188,454,
5852,693,725,1418,
5855,188,137,325,
5856,262,200,462,
5859,1591,1060,2651,
5860,1234,935,2169,
5861,1392,1128,2520,
5863,401,323,724,
5864,306,237,543,
5865,278,195,473,
5866,1805,1491,3296,
5868,916,717,1633,
5870,117,85,202,
5873,490,411,901,
5874,270,221,491,
5876,263,192,455,
5879,1123,849,1972,
5880,1044,809,1853,
5882,420,343,763,
5883,1183,912,2095,
5885,1908,1482,3390,
5886,1010,778,1788,
5888,1400,1161,2561,
5889,360,257,617,
5890,1284,965,2249,
5892,1018,860,1878,
5895,569,431,1000,
5898,1049,868,1917,
5901,1221,975,2196,
5902,699,600,1299,
5903,843,675,1518,
5904,251,207,458,
5905,831,661,1492,
5907,355,346,701,
5909,687,570,1257,
5911,1432,1153,2585,
5912,1432,1182,2614,
5913,352,232,584,
5914,3,3,6,
5917,1309,1128,2437,
5918,1048,812,1860,
5919,1851,1469,3320,
5921,127,114,241,
5922,425,312,737,
5926,1369,1082,2451,
5930,962,728,1690,
5931,138,140,278,
5932,629,468,1097,
5934,1830,1380,3210,
5935,1518,1133,2651,
5938,857,727,1584,
5940,911,754,1665,
5943,1304,1014,2318,
5945,334,225,559,
5949,99,91,190,
5950,1035,863,1898,
5955,1279,1182,2461,
5956,637,505,1142,
5957,862,707,1569,
5958,1167,889,2056,
5959,693,589,1282,
5964,271,179,450,
5968,438,348,786,
5969,903,745,1648,
5976,781,649,1430,
5978,408,343,751,
5980,315,272,587,
5982,515,410,925,
5983,1852,1443,3295,
5984,558,425,983,
5985,1129,813,1942,
5987,1048,827,1875,
5990,397,294,691,
5991,1097,818,1915,
5992,1241,1006,2247,
5996,392,286,678,
6002,1043,782,1825,
6006,459,334,793,
6007,735,542,1277,
6008,478,349,827,
6009,530,388,918,
6013,1341,1025,2366,
6014,984,848,1832,
6016,536,392,928,
6019,457,350,807,
6022,441,398,839,
6023,553,380,933,
6026,1219,999,2218,
6029,134,110,244,
6030,1238,1006,2244,
6033,49,37,86,
6034,1391,1109,2500,
6035,1216,950,2166,
6036,1169,971,2140,
6039,727,539,1266,
6041,392,254,646,
6044,1910,1381,3291,
6045,1120,799,1919,
6048,1248,980,2228,
6051,1359,1134,2493,
6052,77,73,150,
6053,905,720,1625,
6055,7,12,19,
6059,247,180,427,
6060,691,546,1237,
6061,1372,1168,2540,
6062,1239,982,2221,
6067,702,545,1247,
6068,1474,1180,2654,
6069,1036,834,1870,
6072,596,459,1055,
6074,176,118,294,
6075,204,160,364,
6077,661,546,1207,
6078,427,280,707,
6079,1335,1023,2358,
6080,1196,922,2118,
6082,1082,802,1884,
6083,112,105,217,
6084,1183,944,2127,
6091,657,492,1149,
6092,1155,861,2016,
6093,859,666,1525,
6097,295,248,543,
6098,710,614,1324,
6099,1050,836,1886,
6100,1037,880,1917,
6101,240,160,400,
6103,469,394,863,
6105,1074,787,1861,
6106,273,225,498,
6108,1883,1462,3345,
6109,227,204,431,
6110,1145,929,2074,
6111,1065,763,1828,
6114,1689,1287,2976,
6115,1069,857,1926,
6116,593,430,1023,
6118,1057,838,1895,
6119,38,34,72,
6120,1,6,7,
6122,1501,1250,2751,
6123,1374,1073,2447,
6124,1039,806,1845,
6126,1096,850,1946,
6128,1347,1141,2488,
6131,1192,966,2158,
6133,1120,843,1963,
6134,819,687,1506,
6140,373,323,696,
6141,1796,1420,3216,
6142,1234,1002,2236,
6145,593,475,1068,
6147,226,185,411,
6150,299,213,512,
6151,252,219,471,
6152,692,565,1257,
6154,814,648,1462,
6155,1286,920,2206,
6156,1446,1090,2536,
6157,903,665,1568,
6159,913,745,1658,
6160,1422,1050,2472,
6162,1046,781,1827,
6168,1082,943,2025,
6175,582,452,1034,
6176,930,727,1657,
6177,1219,939,2158,
6178,364,294,658,
6181,1782,1430,3212,
6183,1219,1005,2224,
6185,1119,904,2023,
6186,877,661,1538,
6190,1131,862,1993,
6192,1355,1027,2382,
6193,1109,845,1954,
6194,176,146,322,
6195,313,227,540,
6197,138,104,242,
6199,1264,1044,2308,
6200,1216,984,2200,
6201,521,420,941,
6202,897,737,1634,
6203,887,734,1621,
6205,1436,1147,2583,
6206,259,203,462,
6210,813,614,1427,
6211,539,409,948,
6212,1292,995,2287,
6214,51,37,88,
6215,1380,986,2366,
6217,235,203,438,
6218,389,299,688,
6221,1189,875,2064,
6225,771,576,1347,
6228,1109,902,2011,
6229,313,233,546,
6234,865,693,1558,
6235,1146,874,2020,
6236,1825,1507,3332,
6237,1172,977,2149,
6240,1229,901,2130,
6241,668,571,1239,
6242,1233,984,2217,
6244,813,636,1449,
6245,1205,1020,2225,
6250,1922,1529,3451,
6254,429,346,775,
6256,512,465,977,
6258,776,675,1451,
6259,548,400,948,
6260,345,292,637,
6262,1011,877,1888,
6263,1174,901,2075,
6264,583,430,1013,
6265,398,376,774,
6266,85,69,154,
6268,1169,920,2089,
6269,663,470,1133,
6272,1145,912,2057,
6273,601,452,1053,
6274,1248,916,2164,
6275,135,88,223,
6276,93,82,175,
6278,728,545,1273,
6279,1173,927,2100,
6283,760,578,1338,
6284,11,12,23,
6287,1222,968,2190,
6288,1176,934,2110,
6294,1115,858,1973,
6295,266,203,469,
6296,1272,1125,2397,
6297,1012,806,1818,
6298,1405,1136,2541,
6301,320,277,597,
6304,657,521,1178,
6305,796,626,1422,
6310,248,184,432,
6311,1912,1522,3434,
6312,447,339,786,
6314,109,91,200,
6317,170,134,304,
6318,143,124,267,
6319,1149,942,2091,
6320,369,257,626,
6322,895,729,1624,
6324,624,485,1109,
6326,615,505,1120,
6329,1578,1212,2790,
6330,844,680,1524,
6338,354,289,643,
6339,878,665,1543,
6346,286,191,477,
6353,285,218,503,
6355,575,444,1019,
6356,1225,959,2184,
6357,1774,1351,3125,
6358,1492,1159,2651,
6360,770,556,1326,
6362,675,561,1236,
6363,573,438,1011,
6365,1148,906,2054,
6366,1036,813,1849,
6367,1045,851,1896,
6368,944,809,1753,
6369,726,495,1221,
6370,1788,1493,3281,
6371,1130,946,2076,
6372,1127,832,1959,
6375,1466,1074,2540,
6377,690,515,1205,
6378,944,804,1748,
6379,1953,1398,3351,
6381,1090,787,1877,
6383,252,197,449,
6384,948,792,1740,
6385,106,99,205,
6386,324,235,559,
6390,1580,1104,2684,
6391,562,486,1048,
6392,397,325,722,
6393,1111,845,1956,
6396,1064,932,1996,
6397,909,746,1655,
6398,671,559,1230,
6402,1916,1454,3370,
6404,359,264,623,
6406,176,145,321,
6407,575,449,1024,
6408,891,713,1604,
6412,543,380,923,
6414,1111,919,2030,
6415,407,309,716,
6416,151,98,249,
6417,942,677,1619,
6418,192,143,335,
6420,169,114,283,
6421,1178,888,2066,
6423,1040,811,1851,
6425,174,124,298,
6430,552,462,1014,
6431,1049,829,1878,
6432,1161,854,2015,
6433,904,766,1670,
6434,1155,871,2026,
6438,771,612,1383,
6439,1183,923,2106,
6445,1166,880,2046,
6446,868,688,1556,
6452,638,506,1144,
6453,304,245,549,
6456,750,665,1415,
6457,333,274,607,
6458,1196,916,2112,
6460,724,583,1307,
6462,1214,920,2134,
6464,622,451,1073,
6467,45,39,84,
6470,541,414,955,
6471,1607,1351,2958,
6473,1144,906,2050,
6476,630,493,1123,
6478,1190,898,2088,
6479,1218,968,2186,
6482,403,365,768,
6483,401,317,718,
6485,1236,935,2171,
6491,1155,930,2085,
6492,17,6,23,
6493,145,107,252,
6497,55,63,118,
6505,337,239,576,
6508,1083,865,1948,
6509,1166,915,2081,
6510,149,128,277,
6512,1465,1149,2614,
6514,237,199,436,
6516,387,296,683,
6518,116,77,193,
6519,1276,1047,2323,
6521,1427,1063,2490,
6524,1433,1092,2525,
6525,1042,855,1897,
6526,368,288,656,
6528,820,738,1558,
6534,635,536,1171,
6535,1527,1126,2653,
6536,1202,932,2134,
6537,745,624,1369,
6539,563,445,1008,
6542,1062,774,1836,
6543,354,283,637,
6544,323,207,530,
6546,77,61,138,
6547,1955,1390,3345,
6548,1466,1194,2660,
6549,418,344,762,
6550,1496,1168,2664,
6553,51,39,90,
6554,1056,834,1890,
6555,216,163,379,
6557,97,73,170,
6559,1321,1053,2374,
6560,273,178,451,
6561,706,546,1252,
6563,1285,961,2246,
6570,1353,989,2342,
6572,1330,1020,2350,
6574,109,80,189,
6575,132,123,255,
6576,1103,838,1941,
6578,1325,1056,2381,
6580,239,235,474,
6582,630,482,1112,
6583,860,699,1559,
6585,1133,845,1978,
6588,1066,834,1900,
6589,1059,887,1946,
6591,40,28,68,
6592,571,371,942,
6593,985,774,1759,
6594,1981,1392,3373,
6595,214,264,478,
6597,1578,1209,2787,
6598,1238,1034,2272,
6599,831,676,1507,
6601,1095,866,1961,
6603,1018,894,1912,
6604,1150,874,2024,
6606,1380,1048,2428,
6608,300,241,541,
6609,558,470,1028,
6611,1088,739,1827,
6612,1215,945,2160,
6613,333,224,557,
6615,1233,959,2192,
6617,495,378,873,
6623,502,440,942,
6625,1124,902,2026,
6629,1251,950,2201,
6630,479,350,829,
6635,1092,879,1971,
6637,1255,1002,2257,
6638,992,764,1756,
6639,1028,809,1837,
6640,505,437,942,
6641,1086,902,1988,
6642,1364,1006,2370,
6644,120,110,230,
6645,1009,791,1800,
6647,1849,1505,3354,
6652,1134,919,2053,
6653,1348,988,2336,
6655,376,294,670,
6656,207,192,399,
6657,987,783,1770,
6662,170,153,323,
6663,1188,949,2137,
6664,1104,891,1995,
6665,1146,933,2079,
6667,482,345,827,
6668,1854,1384,3238,
6670,831,646,1477,
6671,186,115,301,
6672,871,671,1542,
6673,120,98,218,
6675,896,658,1554,
6684,754,562,1316,
6689,1062,893,1955,
6691,1332,986,2318,
6694,1195,953,2148,
6695,229,205,434,
6696,912,745,1657,
6697,1167,868,2035,
6698,1878,1545,3423,
6699,74,67,141,
6700,1248,990,2238,
6701,108,84,192,
6702,229,179,408,
6704,269,200,469,
6705,1124,834,1958,
6707,1160,881,2041,
6708,513,401,914,
6710,1210,985,2195,
6713,718,561,1279,
6716,1208,995,2203,
6718,1205,948,2153,
6719,796,615,1411,
6722,1209,977,2186,
6723,72,66,138,
6724,1047,846,1893,
6725,1167,879,2046,
6730,776,632,1408,
6732,534,457,991,
6735,1260,1067,2327,
6737,1340,1103,2443,
6738,363,297,660,
6741,1315,1112,2427,
6744,1441,1215,2656,
6745,762,534,1296,
6747,313,221,534,
6748,1106,881,1987,
6749,145,111,256,
6751,281,189,470,
6752,1104,885,1989,
6753,644,509,1153,
6759,96,68,164,
6760,151,107,258,
6761,1192,913,2105,
6764,1192,919,2111,
6765,1232,991,2223,
6767,1208,915,2123,
6768,1081,977,2058,
6771,587,479,1066,
6772,56,47,103,
6773,609,422,1031,
6774,1516,1176,2692,
6775,905,690,1595,
6778,1182,862,2044,
6780,563,465,1028,
6783,577,479,1056,
6786,102,82,184,
6787,645,478,1123,
6788,282,226,508,
6790,69,50,119,
6791,78,58,136,
6792,1020,785,1805,
6793,923,740,1663,
6794,243,178,421,
6799,524,370,894,
6802,1194,992,2186,
6805,1278,1010,2288,
6806,1163,914,2077,
6808,210,163,373,
6813,1147,822,1969,
6814,53,30,83,
6815,613,495,1108,
6819,357,263,620,
6821,998,809,1807,
6822,1299,928,2227,
6826,97,77,174,
6828,270,205,475,
6829,1031,766,1797,
6830,1852,1515,3367,
6831,1919,1422,3341,
6832,40,30,70,
6835,763,566,1329,
6837,66,51,117,
6839,1812,1406,3218,
6841,720,596,1316,
6842,1859,1417,3276,
6844,905,680,1585,
6845,1498,998,2496,
6847,933,703,1636,
6850,1230,984,2214,
6851,1212,912,2124,
6854,1013,781,1794,
6856,424,323,747,
6857,740,559,1299,
6858,1782,1484,3266,
6859,585,518,1103,
6860,866,718,1584,
6862,878,673,1551,
6863,69,61,130,
6864,103,65,168,
6866,545,465,1010,
6867,826,668,1494,
6870,100,61,161,
6876,705,583,1288,
6877,1492,1179,2671,
6878,60,44,104,
6879,93,80,173,
6881,991,834,1825,
6882,185,145,330,
6883,465,366,831,
6884,1081,887,1968,
6885,48,49,97,
6886,714,579,1293,
6887,394,340,734,
6892,1089,889,1978,
6894,1340,1044,2384,
6895,1246,941,2187,
6896,122,99,221,
6897,1203,1115,2318,
6900,771,571,1342,
6902,1123,892,2015,
6903,1212,955,2167,
6904,977,664,1641,
6907,288,224,512,
6910,605,449,1054,
6912,326,259,585,
6916,701,541,1242,
6917,1836,1501,3337,
6918,1107,856,1963,
6919,1075,804,1879,
6920,1218,899,2117,
6924,608,469,1077,
6926,567,424,991,
6928,1248,1149,2397,
6932,888,638,1526,
6933,979,767,1746,
6934,170,148,318,
6936,164,123,287,
6939,1782,1474,3256,
6940,1043,923,1966,
6941,149,134,283,
6943,1722,1397,3119,
6945,1081,814,1895,
6947,1232,971,2203,
6948,746,608,1354,
6949,718,557,1275,
6952,311,219,530,
6953,1847,1395,3242,
6954,428,379,807,
6955,826,622,1448,
6958,1751,1484,3235,
6961,143,134,277,
6963,1220,1003,2223,
6967,365,271,636,
6968,102,81,183,
6971,1108,866,1974,
6972,940,749,1689,
6973,1099,803,1902,
6974,1397,1139,2536,
6975,278,227,505,
6978,855,648,1503,
6979,1425,1171,2596,
6980,1023,836,1859,
6981,1453,1030,2483,
6982,660,557,1217,
6983,1204,916,2120,
6989,954,727,1681,
6990,548,386,934,
6992,662,533,1195,
6994,622,489,1111,
6995,656,520,1176,
6996,1872,1460,3332,
6999,284,223,507,
7003,974,751,1725,
7004,1801,1513,3314,
7006,236,161,397,
7007,1084,833,1917,
7011,1061,814,1875,
7013,389,317,706,
7014,1891,1430,3321,
7015,1056,838,1894,
7017,1215,1027,2242,
7019,1103,884,1987,
7021,1005,783,1788,
7023,615,471,1086,
7026,12,7,19,
7027,425,427,852,
7031,1693,1372,3065,
7034,1239,1076,2315,
7038,851,633,1484,
7039,1217,1021,2238,
7040,8,15,23,
7044,1907,1423,3330,
7046,1151,912,2063,
7047,1332,877,2209,
7049,898,664,1562,
7050,774,591,1365,
7052,630,519,1149,
7054,673,508,1181,
7059,604,440,1044,
7061,316,262,578,
7062,1386,1116,2502,
7064,1148,871,2019,
7067,1374,1080,2454,
7071,993,835,1828,
7072,1316,1034,2350,
7073,1472,1221,2693,
7074,945,825,1770,
7077,1327,1013,2340,
7079,647,552,1199,
7081,1269,958,2227,
7084,909,667,1576,
7085,89,58,147,
7086,110,121,231,
7087,250,182,432,
7088,1285,1004,2289,
7091,92,48,140,
7093,1375,993,2368,
7094,325,270,595,
7097,479,361,840,
7098,491,341,832,
7099,557,363,920,
7100,552,485,1037,
7101,752,626,1378,
7102,571,427,998,
7105,1209,894,2103,
7112,219,173,392,
7116,86,74,160,
7118,748,518,1266,
7120,1103,910,2013,
7121,1084,929,2013,
7122,775,589,1364,
7123,160,126,286,
7125,1168,978,2146,
7126,632,493,1125,
7127,387,304,691,
7129,15,14,29,
7131,202,155,357,
7133,1387,1126,2513,
7135,10,13,23,
7138,1387,965,2352,
7139,327,260,587,
7140,1037,814,1851,
7142,811,627,1438,
7144,178,145,323,
7147,499,396,895,
7150,523,393,916,
7152,1840,1360,3200,
7156,1120,893,2013,
7158,233,171,404,
7159,1093,873,1966,
7160,140,136,276,
7162,624,554,1178,
7163,625,497,1122,
7167,1375,1056,2431,
7169,1884,1377,3261,
7171,383,317,700,
7172,1203,1118,2321,
7174,1391,1135,2526,
7175,95,90,185,
7177,924,740,1664,
7179,846,663,1509,
7180,981,796,1777,
7181,1784,1475,3259,
7184,858,708,1566,
7185,219,164,383,
7187,1201,895,2096,
7188,1101,829,1930,
7192,753,604,1357,
7193,1288,971,2259,
7194,1155,861,2016,
7197,1128,860,1988,
7198,399,298,697,
7199,956,754,1710,
7201,1041,822,1863,
7205,1213,996,2209,
7206,1272,1003,2275,
7208,519,410,929,
7211,842,665,1507,
7212,1235,982,2217,
7213,109,105,214,
7215,1154,949,2103,
7216,1446,1290,2736,
7219,1189,1011,2200,
7220,51,37,88,
7222,1245,1015,2260,
7223,488,400,888,
7226,1161,970,2131,
7227,951,640,1591,
7228,1478,1092,2570,
7229,1413,1105,2518,
7231,1857,1420,3277,
7232,198,145,343,
7233,291,214,505,
7236,1314,1043,2357,
7237,812,546,1358,
7239,1031,864,1895,
7240,1242,988,2230,
7241,899,693,1592,
7242,1324,918,2242,
7244,833,619,1452,
7247,476,421,897,
7250,264,190,454,
7253,1327,1076,2403,
7254,1287,1065,2352,
7255,1446,1069,2515,
7256,44,30,74,
7257,702,561,1263,
7258,1483,1059,2542,
7259,968,730,1698,
7260,1851,1503,3354,
7262,865,772,1637,
7263,1253,978,2231,
7264,1353,945,2298,
7265,233,195,428,
7266,219,163,382,
7267,864,796,1660,
7269,956,871,1827,
7272,675,545,1220,
7273,757,682,1439,
7274,369,321,690,
7275,1661,1378,3039,
7277,1022,829,1851,
7279,1230,974,2204,
7281,992,801,1793,
7283,1211,832,2043,
7284,1353,1025,2378,
7287,1325,992,2317,
7289,815,707,1522,
7290,142,118,260,
7292,1171,911,2082,
7298,776,651,1427,
7299,826,643,1469,
7300,1032,821,1853,
7302,416,324,740,
7303,1191,811,2002,
7304,1265,975,2240,
7305,127,121,248,
7306,1150,850,2000,
7309,1020,807,1827,
7310,725,634,1359,
7313,1878,1475,3353,
7314,1001,811,1812,
7317,1361,1017,2378,
7318,110,83,193,
7321,39,21,60,
7322,467,328,795,
7327,1404,929,2333,
7330,1742,1516,3258,
7332,1294,1007,2301,
7335,1022,819,1841,
7337,823,732,1555,
7338,967,834,1801,
7340,276,216,492,
7343,441,348,789,
7345,1048,721,1769,
7348,727,561,1288,
7349,1173,892,2065,
7355,1244,942,2186,
7356,623,500,1123,
7357,1243,1022,2265,
7358,117,114,231,
7365,863,711,1574,
7366,138,88,226,
7369,803,675,1478,
7375,831,608,1439,
7376,1058,893,1951,
7377,1156,944,2100,
7378,489,385,874,
7381,1030,770,1800,
7384,1265,969,2234,
7385,1157,901,2058,
7387,879,678,1557,
7388,1286,988,2274,
7389,391,328,719,
7390,844,638,1482,
7392,1346,981,2327,
7393,1207,925,2132,
7395,637,539,1176,
7399,1120,876,1996,
7402,192,160,352,
7403,161,114,275,
7408,317,246,563,
7410,1126,916,2042,
7411,434,357,791,
7412,76,49,125,
7413,877,718,1595,
7415,140,96,236,
7417,654,497,1151,
7420,373,320,693,
7422,663,535,1198,
7426,468,347,815,
7427,623,489,1112,
7428,840,606,1446,
7429,1415,1156,2571,
7430,712,566,1278,
7432,517,427,944,
7433,44,36,80,
7434,1121,884,2005,
7435,1153,1044,2197,
7437,968,821,1789,
7439,1847,1452,3299,
7440,473,435,908,
7441,1807,1483,3290,
7443,1023,714,1737,
7444,1536,1240,2776,
7445,1107,871,1978,
7447,280,219,499,
7449,1121,871,1992,
7450,1145,892,2037,
7455,978,747,1725,
7456,323,273,596,
7457,1835,1497,3332,
7460,1018,980,1998,
7462,246,182,428,
7467,1258,1062,2320,
7468,853,743,1596,
7469,1370,994,2364,
7470,1858,1441,3299,
7471,963,750,1713,
7472,509,403,912,
7473,164,141,305,
7477,66,50,116,
7478,573,537,1110,
7484,260,221,481,
7486,151,120,271,
7487,1285,1021,2306,
7488,143,116,259,
7489,634,531,1165,
7490,1296,1008,2304,
7492,425,304,729,
7493,1286,1014,2300,
7494,810,669,1479,
7497,254,200,454,
7498,39,22,61,
7499,1656,1262,2918,
7500,431,326,757,
7502,1110,923,2033,
7505,698,498,1196,
7506,1196,927,2123,
7510,467,381,848,
7511,968,773,1741,
7512,667,520,1187,
7514,932,698,1630,
7516,1306,1029,2335,
7517,1011,740,1751,
7518,1054,792,1846,
7521,815,690,1505,
7522,838,620,1458,
7524,239,257,496,
7525,136,116,252,
7527,1102,963,2065,
7532,92,56,148,
7533,1261,955,2216,
7534,822,638,1460,
7535,1456,1211,2667,
7537,57,46,103,
7539,1032,787,1819,
7545,709,580,1289,
7546,1006,770,1776,
7547,643,551,1194,
7549,511,429,940,
7551,316,243,559,
7555,1242,960,2202,
7556,1116,878,1994,
7559,1094,821,1915,
7561,416,304,720,
7562,219,183,402,
7567,718,590,1308,
7568,1116,922,2038,
7569,998,785,1783,
7570,272,172,444,
7571,229,153,382,
7574,1066,853,1919,
7575,13,11,24,
7578,1427,1062,2489,
7580,853,656,1509,
7582,486,368,854,
7583,690,555,1245,
7585,16,6,22,
7587,1055,829,1884,
7590,1105,851,1956,
7591,1253,1063,2316,
7592,1295,1062,2357,
7593,372,297,669,
7594,203,140,343,
7595,257,198,455,
7596,935,793,1728,
7597,1514,1186,2700,
7599,876,658,1534,
7600,855,689,1544,
7601,75,71,146,
7603,1168,857,2025,
7604,200,150,350,
7606,856,697,1553,
7607,1185,890,2075,
7609,580,488,1068,
7612,26,17,43,
7613,858,660,1518,
7614,461,364,825,
7616,1183,1057,2240,
7619,559,364,923,
7620,571,476,1047,
7623,845,641,1486,
7627,952,739,1691,
7628,460,420,880,
7629,344,296,640,
7630,987,843,1830,
7636,1250,966,2216,
7639,1068,913,1981,
7640,1686,1013,2699,
7643,1823,1561,3384,
7644,118,101,219,
7645,25,20,45,
7646,1414,1170,2584,
7647,356,236,592,
7649,615,478,1093,
7653,1182,982,2164,
7655,1183,998,2181,
7656,1216,1003,2219,
7657,66,48,114,
7659,62,44,106,
7660,1902,1431,3333,
7667,1052,840,1892,
7669,223,153,376,
7670,456,353,809,
7672,305,202,507,
7675,1156,939,2095,
7677,1944,1438,3382,
7680,1418,1113,2531,
7681,1187,909,2096,
7683,78,51,129,
7684,225,181,406,
7685,302,221,523,
7687,960,703,1663,
7689,596,439,1035,
7690,759,571,1330,
7692,725,534,1259,
7694,647,508,1155,
7696,1240,1012,2252,
7698,159,117,276,
7699,547,439,986,
7700,463,325,788,
7701,864,675,1539,
7702,1145,895,2040,
7704,265,194,459,
7706,422,344,766,
7709,1002,785,1787,
7710,1550,1047,2597,
7712,356,244,600,
7713,90,49,139,
7714,237,205,442,
7715,1538,1107,2645,
7716,1536,1201,2737,
7719,26,17,43,
7720,307,226,533,
7722,669,511,1180,
7723,481,443,924,
7724,652,476,1128,
7726,145,108,253,
7727,842,696,1538,
7728,1279,1080,2359,
7730,74,66,140,
7732,1164,886,2050,
7734,939,772,1711,
7735,53,39,92,
7738,567,440,1007,
7739,171,135,306,
7740,826,625,1451,
7741,277,218,495,
7742,842,653,1495,
7743,1555,1252,2807,
7745,1106,838,1944,
7747,702,602,1304,
7749,1730,1322,3052,
7750,754,578,1332,
7751,602,460,1062,
7752,117,128,245,
7754,1764,1366,3130,
7757,1415,1076,2491,
7759,246,128,374,
7763,934,680,1614,
7764,1291,1067,2358,
7765,232,157,389,
7766,1040,821,1861,
7768,1813,1468,3281,
7769,326,265,591,
7770,95,62,157,
7771,1912,1521,3433,
7774,406,346,752,
7777,178,175,353,
7780,1167,926,2093,
7782,172,137,309,
7783,1020,781,1801,
7784,293,222,515,
7785,719,592,1311,
7786,290,241,531,
7787,257,196,453,
7790,1024,838,1862,
7791,689,578,1267,
7794,1741,1441,3182,
7796,1126,873,1999,
7797,1562,1148,2710,
7798,1559,1147,2706,
7800,717,570,1287,
7803,1115,953,2068,
7805,882,695,1577,
7808,33,19,52,
7810,285,253,538,
7811,79,67,146,
7814,464,369,833,
7816,890,709,1599,
7817,1194,918,2112,
7818,1316,988,2304,
7819,1240,968,2208,
7824,938,746,1684,
7825,451,313,764,
7828,577,420,997,
7830,869,669,1538,
7832,1128,835,1963,
7833,1129,923,2052,
7837,646,472,1118,
7839,1174,901,2075,
7841,520,440,960,
7844,94,59,153,
7847,691,508,1199,
7849,975,840,1815,
7853,1304,1181,2485,
7854,1188,941,2129,
7855,194,215,409,
7857,768,650,1418,
7860,227,160,387,
7861,196,140,336,
7863,1039,825,1864,
7866,1318,1054,2372,
7868,1210,900,2110,
7870,1509,1288,2797,
7871,310,227,537,
7872,1245,1000,2245,
7874,365,221,586,
7875,1092,862,1954,
7876,593,482,1075,
7877,34,31,65,
7879,406,315,721,
7883,1215,936,2151,
7884,1078,900,1978,
7885,1173,951,2124,
7889,1203,993,2196,
7892,1412,1138,2550,
7894,1870,1472,3342,
7895,1315,946,2261,
7896,1105,954,2059,
7897,231,147,378,
7898,188,162,350,
7899,1156,846,2002,
7900,947,707,1654,
7901,1124,915,2039,
7903,1118,891,2009,
7905,756,553,1309,
7906,986,775,1761,
7908,567,413,980,
7909,90,66,156,
7911,1877,1529,3406,
7914,1098,828,1926,
7916,1063,820,1883,
7918,596,429,1025,
7922,1365,1013,2378,
7925,586,440,1026,
7926,923,747,1670,
7927,1485,1152,2637,
7928,1268,1002,2270,
7930,1116,797,1913,
7934,58,51,109,
7936,245,172,417,
7937,1223,999,2222,
7939,908,739,1647,
7941,1960,1359,3319,
7946,1240,964,2204,
7947,1786,1505,3291,
7948,554,492,1046,
7949,96,88,184,
7951,541,414,955,
7952,1167,893,2060,
7953,24,35,59,
7955,1233,903,2136,
7957,58,64,122,
7959,69,53,122,
7961,310,250,560,
7963,649,509,1158,
7966,6,5,11,
7969,976,731,1707,
7970,883,670,1553,
7972,381,317,698,
7973,1227,957,2184,
7979,1154,902,2056,
7981,609,466,1075,
7982,1669,1287,2956,
7986,1148,962,2110,
7987,286,254,540,
7992,1033,823,1856,
7993,18,18,36,
7997,1089,896,1985,
7998,765,547,1312,
7999,910,738,1648,
8000,930,804,1734,
8002,551,418,969,
8003,357,268,625,
8006,1645,1295,2940,
8009,1268,1029,2297,
8010,1407,1066,2473,
8011,1355,1208,2563,
8013,1318,1013,2331,
8014,328,251,579,
8015,152,111,263,
8016,671,498,1169,
8019,412,286,698,
8020,570,486,1056,
8022,1233,902,2135,
8024,582,500,1082,
8027,851,716,1567,
8029,270,230,500,
8030,1044,781,1825,
8033,815,649,1464,
8034,669,503,1172,
8035,1189,903,2092,
8036,271,208,479,
8037,126,86,212,
8038,179,152,331,
8039,689,570,1259,
8040,1391,1178,2569,
8042,1153,899,2052,
8043,45,40,85,
8047,905,667,1572,
8049,442,327,769,
8050,1063,807,1870,
8051,946,724,1670,
8052,1117,863,1980,
8053,113,98,211,
8055,1175,920,2095,
8060,601,481,1082,
8062,986,595,1581,
8065,836,704,1540,
8067,411,315,726,
8069,466,369,835,
8071,878,626,1504,
8072,798,600,1398,
8077,1197,965,2162,
8080,1022,749,1771,
8081,1938,1490,3428,
8082,1086,833,1919,
8083,231,176,407,
8084,368,306,674,
8085,1744,1448,3192,
8087,1186,961,2147,
8088,1286,1014,2300,
8089,1323,1064,2387,
8090,1143,938,2081,
8091,647,554,1201,
8094,639,406,1045,
8095,1002,832,1834,
8097,608,534,1142,
8098,1100,953,2053,
8100,661,512,1173,
8102,956,733,1689,
8103,1084,871,1955,
8106,794,586,1380,
8108,806,581,1387,
8110,982,736,1718,
8113,829,646,1475,
8114,795,604,1399,
8117,539,420,959,
8118,369,259,628,
8121,609,470,1079,
8122,751,580,1331,
8125,1283,1000,2283,
8126,1168,926,2094,
8127,372,302,674,
8129,413,316,729,
8132,500,364,864,
8133,1167,970,2137,
8134,195,161,356,
8135,1213,940,2153,
8141,680,532,1212,
8142,673,487,1160,
8143,605,508,1113,
8144,1410,1024,2434,
8148,530,402,932,
8149,465,400,865,
8151,1078,849,1927,
8155,87,77,164,
8156,129,88,217,
8157,726,559,1285,
8158,860,692,1552,
8159,1641,1299,2940,
8164,1304,1044,2348,
8165,377,383,760,
8166,855,654,1509,
8167,1341,944,2285,
8168,906,710,1616,
8170,678,500,1178,
8173,454,372,826,
8174,640,501,1141,
8175,744,564,1308,
8176,1024,796,1820,
8177,78,68,146,
8179,1090,851,1941,
8180,119,89,208,
8181,1424,890,2314,
8182,802,623,1425,
8184,386,349,735,
8187,1363,1096,2459,
8188,342,338,680,
8192,389,298,687,
8194,1078,784,1862,
8198,1403,1087,2490,
8201,1077,839,1916,
8202,866,657,1523,
8203,717,563,1280,
8204,1365,1096,2461,
8205,655,506,1161,
8206,1733,1481,3214,
8207,738,517,1255,
8208,594,441,1035,
8211,1224,906,2130,
8212,738,611,1349,
8213,866,696,1562,
8214,82,76,158,
8220,928,725,1653,
8221,1445,1120,2565,
8222,731,662,1393,
8223,1292,951,2243,
8227,886,737,1623,
8228,1417,1112,2529,
8229,598,496,1094,
8230,814,632,1446,
8231,878,641,1519,
8236,1914,1405,3319,
8238,907,811,1718,
8239,1087,787,1874,
8240,1357,1181,2538,
8241,113,87,200,
8247,1423,1169,2592,
8249,1008,815,1823,
8250,1900,1326,3226,
8252,4,4,8,
8254,229,141,370,
8255,404,339,743,
8258,1132,838,1970,
8259,1304,990,2294,
8260,1302,1003,2305,
8262,57,42,99,
8264,270,207,477,
8266,33,27,60,
8267,639,524,1163,
8269,765,602,1367,
8270,70,56,126,
8273,421,334,755,
8277,1219,996,2215,
8279,257,173,430,
8282,375,264,639,
8283,68,59,127,
8284,1373,1085,2458,
8285,464,365,829,
8287,1135,928,2063,
8288,1429,1172,2601,
8291,1252,1065,2317,
8294,875,662,1537,
8296,1397,1144,2541,
8299,1498,1166,2664,
8306,408,337,745,
8309,427,336,763,
8311,154,115,269,
8313,347,268,615,
8314,146,91,237,
8315,425,318,743,
8316,1292,988,2280,
8317,212,178,390,
8318,932,722,1654,
8319,239,216,455,
8321,1218,993,2211,
8323,343,287,630,
8324,341,256,597,
8325,683,568,1251,
8327,801,599,1400,
8328,1025,756,1781,
8329,1324,1017,2341,
8331,437,318,755,
8332,862,651,1513,
8333,884,756,1640,
8334,906,668,1574,
8335,590,431,1021,
8337,1251,913,2164,
8339,1248,1001,2249,
8343,292,288,580,
8344,1078,890,1968,
8345,815,646,1461,
8349,927,687,1614,
8351,983,757,1740,
8352,1026,764,1790,
8353,1199,970,2169,
8354,328,260,588,
8355,1388,1107,2495,
8356,223,186,409,
8357,1064,928,1992,
8361,564,514,1078,
8362,970,789,1759,
8363,130,109,239,
8364,1266,905,2171,
8368,305,217,522,
8369,1329,1019,2348,
8371,1398,1113,2511,
8374,766,626,1392,
8377,400,298,698,
8379,389,307,696,
8380,1118,852,1970,
8381,1408,1145,2553,
8382,822,676,1498,
8383,408,385,793,
8384,1038,746,1784,
8385,54,47,101,
8388,256,184,440,
8390,1823,1394,3217,
8392,902,638,1540,
8396,1033,787,1820,
8398,1926,1497,3423,
8399,1116,839,1955,
8401,119,87,206,
8402,821,644,1465,
8404,1117,876,1993,
8414,1489,1260,2749,
8415,1304,948,2252,
8416,491,383,874,
8417,1214,936,2150,
8419,191,141,332,
8421,36,25,61,
8422,1134,862,1996,
8424,926,719,1645,
8427,998,734,1732,
8428,1003,848,1851,
8431,117,100,217,
8432,968,729,1697,
8434,508,397,905,
8435,1134,845,1979,
8436,959,767,1726,
8437,538,439,977,
8440,489,346,835,
8442,1280,960,2240,
8443,544,440,984,
8444,1134,913,2047,
8445,184,159,343,
8448,99,82,181,
8449,470,369,839,
8456,1136,902,2038,
8458,128,72,200,
8459,1269,890,2159,
8461,1094,900,1994,
8464,1883,1436,3319,
8466,410,337,747,
8467,78,68,146,
8469,414,310,724,
8473,76,63,139,
8474,1168,891,2059,
8475,1435,1060,2495,
8482,747,584,1331,
8483,271,239,510,
8484,263,211,474,
8485,914,745,1659,
8487,665,500,1165,
8488,392,283,675,
8490,1610,1218,2828,
8491,1237,1003,2240,
8496,1153,925,2078,
8498,1311,1036,2347,
8499,1511,1211,2722,
8500,1127,914,2041,
8503,106,75,181,
8505,1896,1459,3355,
8507,149,104,253,
8508,398,354,752,
8509,1183,957,2140,
8510,1141,938,2079,
8515,1161,964,2125,
8516,321,280,601,
8519,795,633,1428,
8520,235,176,411,
8521,1501,1138,2639,
8523,681,572,1253,
8526,605,475,1080,
8527,277,227,504,
8530,1040,858,1898,
8531,432,330,762,
8533,958,740,1698,
8534,634,513,1147,
8539,846,656,1502,
8540,698,574,1272,
8541,737,626,1363,
8545,307,273,580,
8546,1503,1157,2660,
8547,1173,880,2053,
8548,1047,799,1846,
8550,604,492,1096,
8554,966,694,1660,
8555,2062,1429,3491,
8556,1167,915,2082,
8557,1194,935,2129,
8558,394,317,711,
8560,245,206,451,
8561,1216,977,2193,
8562,370,306,676,
8565,841,643,1484,
8568,608,491,1099,
8572,1,1,2,
8573,1148,783,1931,
8574,477,359,836,
8575,26,25,51,
8576,250,204,454,
8578,173,141,314,
8579,620,456,1076,
8580,936,808,1744,
8581,249,194,443,
8585,1925,1474,3399,
8586,862,668,1530,
8589,1051,865,1916,
8590,200,184,384,
8591,290,197,487,
8592,604,445,1049,
8595,597,484,1081,
8598,749,638,1387,
8599,416,320,736,
8601,1872,1506,3378,
8602,1135,914,2049,
8605,953,791,1744,
8606,75,67,142,
8607,827,608,1435,
8608,1342,1065,2407,
8609,948,725,1673,
8610,48,43,91,
8611,1194,863,2057,
8612,193,166,359,
8619,1382,1068,2450,
8621,1808,1517,3325,
8622,1764,1548,3312,
8623,164,128,292,
8624,1201,918,2119,
8628,688,498,1186,
8630,1152,882,2034,
8631,1163,957,2120,
8635,1240,903,2143,
8636,279,230,509,
8640,278,192,470,
8642,874,709,1583,
8644,1318,1096,2414,
8645,866,662,1528,
8646,1031,825,1856,
8647,1144,971,2115,
8648,424,381,805,
8649,412,331,743,
8650,827,629,1456,
8651,1046,856,1902,
8652,465,382,847,
8653,937,712,1649,
8654,815,628,1443,
8656,171,133,304,
8658,468,368,836,
8659,197,170,367,
8663,805,658,1463,
8666,1091,882,1973,
8673,1129,833,1962,
8674,969,769,1738,
8676,25,13,38,
8677,886,696,1582,
8678,1482,1150,2632,
8683,367,303,670,
8684,6,4,10,
8685,1534,1182,2716,
8686,1167,981,2148,
8688,276,222,498,
8691,618,534,1152,
8692,1783,1507,3290,
8693,530,435,965,
8698,541,454,995,
8699,1219,947,2166,
8700,699,562,1261,
8701,724,602,1326,
8703,3,1,4,
8704,552,459,1011,
8706,1239,1025,2264,
8707,717,516,1233,
8709,1119,898,2017,
8711,1138,885,2023,
8712,43,24,67,
8716,1163,901,2064,
8720,881,676,1557,
8721,1136,873,2009,
8722,42,30,72,
8724,72,62,134,
8725,105,84,189,
8727,1269,964,2233,
8728,995,735,1730,
8732,719,523,1242,
8737,1427,1069,2496,
8738,310,238,548,
8742,380,287,667,
8744,458,340,798,
8748,1983,1382,3365,
8749,708,569,1277,
8750,669,546,1215,
8756,1167,996,2163,
8757,579,429,1008,
8759,345,269,614,
8760,1121,877,1998,
8761,1231,976,2207,
8765,52,36,88,
8767,967,704,1671,
8769,998,820,1818,
8771,1261,980,2241,
8772,1065,824,1889,
8773,1081,826,1907,
8776,352,347,699,
8777,1011,837,1848,
8785,1949,1397,3346,
8787,102,90,192,
8796,636,507,1143,
8798,308,219,527,
8800,33,25,58,
8805,1127,876,2003,
8809,566,470,1036,
8812,698,498,1196,
8816,93,59,152,
8818,1152,955,2107,
8819,576,411,987,
8820,312,247,559,
8821,216,172,388,
8824,1170,882,2052,
8826,1367,1023,2390,
8827,1304,978,2282,
8828,982,680,1662,
8829,1769,1523,3292,
8831,319,232,551,
8832,97,68,165,
8835,29,30,59,
8836,888,707,1595,
8837,1321,1112,2433,
8838,1063,867,1930,
8839,30,25,55,
8841,1222,934,2156,
8842,874,643,1517,
8848,762,629,1391,
8849,1110,867,1977,
8850,1244,971,2215,
8851,777,727,1504,
8852,685,491,1176,
8853,1203,904,2107,
8857,970,737,1707,
8858,1143,840,1983,
8860,1339,939,2278,
8862,752,619,1371,
8868,1374,1085,2459,
8869,994,741,1735,
8871,1169,844,2013,
8872,917,760,1677,
8873,920,728,1648,
8876,1007,741,1748,
8878,820,696,1516,
8879,1125,898,2023,
8881,96,91,187,
8882,420,328,748,
8885,1835,1516,3351,
8887,199,183,382,
8888,293,257,550,
8890,377,304,681,
8893,456,359,815,
8895,910,740,1650,
8897,498,395,893,
8898,779,692,1471,
8899,763,521,1284,
8903,165,110,275,
8906,162,138,300,
8907,1177,948,2125,
8908,481,363,844,
8909,1270,988,2258,
8910,92,81,173,
8911,149,123,272,
8915,29,24,53,
8916,730,560,1290,
8917,1254,987,2241,
8919,876,676,1552,
8922,1293,1142,2435,
8924,758,609,1367,
8929,1102,882,1984,
8931,1831,1503,3334,
8934,1196,932,2128,
8939,262,233,495,
8947,1053,848,1901,
8950,714,589,1303,
8951,1141,929,2070,
8952,814,716,1530,
8953,1503,1156,2659,
8955,1154,820,1974,
8956,28,22,50,
8957,469,380,849,
8961,1419,1182,2601,
8962,901,710,1611,
8963,120,98,218,
8966,460,391,851,
8967,158,134,292,
8969,1163,936,2099,
8975,1319,895,2214,
8976,188,159,347,
8977,1079,848,1927,
8979,1343,1052,2395,
8981,240,186,426,
8982,721,576,1297,
8985,95,39,134,
8986,843,675,1518,
8991,1575,1229,2804,
8992,1046,829,1875,
8993,731,604,1335,
8994,1521,1161,2682,
8995,962,800,1762,
8997,161,100,261,
9002,1211,921,2132,
9003,567,432,999,
9006,132,82,214,
9008,1101,809,1910,
9011,640,435,1075,
9015,198,158,356,
9017,1273,1072,2345,
9019,564,468,1032,
9020,1269,917,2186,
9021,22,23,45,
9022,630,527,1157,
9024,1342,1076,2418,
9025,800,608,1408,
9026,1213,990,2203,
9028,1101,850,1951,
9029,666,481,1147,
9030,969,725,1694,
9031,391,251,642,
9032,1682,1330,3012,
9034,669,540,1209,
9036,1883,1448,3331,
9037,1050,804,1854,
9039,1238,937,2175,
9041,1485,1154,2639,
9046,291,247,538,
9048,662,535,1197,
9050,1193,933,2126,
9052,889,721,1610,
9053,772,536,1308,
9054,1256,999,2255,
9055,1195,922,2117,
9056,1200,1027,2227,
9057,1048,839,1887,
9058,1453,1093,2546,
9060,797,657,1454,
9061,569,505,1074,
9062,798,759,1557,
9063,1150,904,2054,
9064,136,127,263,
9066,470,365,835,
9067,1914,1411,3325,
9068,336,271,607,
9070,661,473,1134,
9071,853,669,1522,
9073,454,390,844,
9074,136,115,251,
9075,1175,955,2130,
9079,524,405,929,
9080,1272,1035,2307,
9081,1413,1038,2451,
9082,104,90,194,
9083,505,381,886,
9084,11,6,17,
9085,720,533,1253,
9089,1352,1012,2364,
9092,813,682,1495,
9093,1201,909,2110,
9094,1936,1381,3317,
9095,1194,930,2124,
9096,595,461,1056,
9097,1533,1197,2730,
9099,54,50,104,
9100,1856,1481,3337,
9102,1050,745,1795,
9110,1293,1040,2333,
9112,897,778,1675,
9113,1022,804,1826,
9116,536,433,969,
9117,379,370,749,
9120,762,607,1369,
9121,377,293,670,
9122,245,201,446,
9124,361,285,646,
9126,540,457,997,
9128,1122,947,2069,
9129,658,539,1197,
9132,710,533,1243,
9133,269,198,467,
9135,265,213,478,
9136,1169,880,2049,
9141,1475,1159,2634,
9142,62,23,85,
9143,1147,885,2032,
9146,1233,954,2187,
9149,509,421,930,
9150,243,188,431,
9152,1037,870,1907,
9153,1241,963,2204,
9154,370,324,694,
9155,85,61,146,
9157,1014,813,1827,
9164,175,168,343,
9165,987,775,1762,
9166,280,200,480,
9170,1123,851,1974,
9175,1390,1164,2554,
9176,1283,993,2276,
9178,132,75,207,
9181,1119,919,2038,
9182,1021,816,1837,
9185,157,139,296,
9186,935,747,1682,
9187,1173,920,2093,
9188,660,497,1157,
9189,1338,1084,2422,
9191,1854,1440,3294,
9194,1779,1485,3264,
9195,119,77,196,
9197,604,486,1090,
9198,113,76,189,
9200,880,597,1477,
9207,663,478,1141,
9211,1202,992,2194,
9212,974,770,1744,
9213,1869,1461,3330,
9216,1155,800,1955,
9218,1,1,2,
9220,324,260,584,
9221,1555,1064,2619,
9222,1056,812,1868,
9225,1510,1185,2695,
9226,838,749,1587,
9227,1465,1067,2532,
9229,13,9,22,
9230,1122,920,2042,
9234,939,726,1665,
9236,1226,928,2154,
9237,404,330,734,
9238,79,63,142,
9239,1247,1061,2308,
9240,562,446,1008,
9242,1491,1165,2656,
9243,162,112,274,
9244,1181,924,2105,
9245,974,751,1725,
9247,523,372,895,
9249,49,52,101,
9250,1272,951,2223,
9252,337,209,546,
9253,338,280,618,
9254,1331,1023,2354,
9255,375,258,633,
9256,432,338,770,
9258,1204,893,2097,
9259,30,29,59,
9260,520,423,943,
9261,467,333,800,
9262,1814,1353,3167,
9267,1250,949,2199,
9270,196,150,346,
9271,1438,1045,2483,
9275,334,215,549,
9277,864,683,1547,
9280,1212,924,2136,
9281,1132,771,1903,
9284,129,110,239,
9288,851,695,1546,
9289,1188,938,2126,
9290,1084,799,1883,
9291,1217,938,2155,
9295,161,124,285,
9296,553,428,981,
9298,43,30,73,
9300,1303,1124,2427,
9301,1115,815,1930,
9304,1592,1250,2842,
9308,1121,881,2002,
9311,929,678,1607,
9316,1247,956,2203,
9318,203,155,358,
9319,560,420,980,
9320,445,306,751,
9323,479,367,846,
9327,80,56,136,
9331,491,373,864,
9334,226,175,401,
9335,981,774,1755,
9338,798,612,1410,
9340,477,404,881,
9342,472,341,813,
9344,1122,931,2053,
9347,1215,926,2141,
9348,46,25,71,
9349,639,502,1141,
9350,698,649,1347,
9352,47,44,91,
9353,866,717,1583,
9354,714,549,1263,
9355,1285,975,2260,
9356,917,732,1649,
9357,872,679,1551,
9358,500,396,896,
9359,470,372,842,
9360,1081,807,1888,
9361,520,424,944,
9363,866,649,1515,
9364,1308,1012,2320,
9367,572,457,1029,
9369,516,391,907,
9371,913,709,1622,
9372,1313,986,2299,
9378,498,362,860,
9383,280,219,499,
9384,1060,819,1879,
9386,670,533,1203,
9387,1971,1406,3377,
9392,1142,916,2058,
9396,441,370,811,
9402,1064,837,1901,
9404,1190,900,2090,
9406,1490,1216,2706,
9407,674,504,1178,
9408,1178,925,2103,
9410,1326,1127,2453,
9411,1152,880,2032,
9412,1095,852,1947,
9413,815,631,1446,
9416,1092,901,1993,
9417,1042,863,1905,
9418,819,611,1430,
9419,184,159,343,
9420,417,330,747,
9422,1888,1521,3409,
9423,115,82,197,
9429,1133,875,2008,
9431,215,184,399,
9435,1315,1085,2400,
9437,39,37,76,
9438,1130,883,2013,
9442,1337,1040,2377,
9444,1095,884,1979,
9447,1150,851,2001,
9448,484,377,861,
9449,629,622,1251,
9450,1250,922,2172,
9452,1741,1377,3118,
9453,536,426,962,
9454,1033,829,1862,
9456,506,373,879,
9457,557,400,957,
9459,858,750,1608,
9460,408,310,718,
9461,1331,1060,2391,
9462,475,367,842,
9463,1123,858,1981,
9464,1084,905,1989,
9465,1184,943,2127,
9466,1342,1048,2390,
9469,1266,956,2222,
9470,558,448,1006,
9473,1839,1463,3302,
9474,1844,1496,3340,
9477,860,714,1574,
9482,1325,970,2295,
9487,61,58,119,
9490,789,597,1386,
9494,1213,1044,2257,
9498,846,614,1460,
9500,1361,1122,2483,
9503,423,347,770,
9504,653,540,1193,
9505,714,596,1310,
9506,76,77,153,
9507,1118,850,1968,
9509,1059,822,1881,
9510,1485,1176,2661,
9511,765,613,1378,
9513,1927,1412,3339,
9516,606,509,1115,
9517,4,9,13,
9518,582,470,1052,
9519,781,567,1348,
9520,1454,1124,2578,
9522,65,78,143,
9526,193,149,342,
9527,126,128,254,
9531,1188,975,2163,
9533,1127,908,2035,
9534,770,712,1482,
9535,1155,947,2102,
9536,1401,1077,2478,
9537,1796,1529,3325,
9538,1520,1219,2739,
9540,142,125,267,
9545,680,527,1207,
9548,87,68,155,
9549,218,208,426,
9551,338,299,637,
9552,828,638,1466,
9553,558,435,993,
9554,1152,940,2092,
9555,1831,1386,3217,
9556,882,631,1513,
9557,391,279,670,
9559,391,327,718,
9560,44,39,83,
9561,335,334,669,
9562,964,744,1708,
9564,342,317,659,
9566,573,418,991,
9567,18,13,31,
9569,415,309,724,
9570,1103,902,2005,
9571,946,717,1663,
9573,905,683,1588,
9575,255,169,424,
9577,1147,903,2050,
9578,1048,845,1893,
9579,1163,852,2015,
9581,702,464,1166,
9583,1351,1122,2473,
9589,248,187,435,
9590,1780,1510,3290,
9593,1868,1485,3353,
9594,955,750,1705,
9595,541,433,974,
9599,816,641,1457,
9601,639,485,1124,
9604,1201,920,2121,
9605,885,714,1599,
9607,46,26,72,
9610,1927,1367,3294,
9611,721,568,1289,
9612,661,513,1174,
9614,10,12,22,
9617,1357,1151,2508,
9621,1233,951,2184,
9622,663,427,1090,
9624,1264,920,2184,
9625,805,662,1467,
9628,319,207,526,
9629,462,340,802,
9631,751,603,1354,
9634,1105,803,1908,
9635,1286,1163,2449,
9637,1180,873,2053,
9640,1479,1135,2614,
9642,1147,1034,2181,
9646,1201,957,2158,
9647,1856,1486,3342,
9649,855,688,1543,
9652,913,663,1576,
9653,1295,971,2266,
9654,185,159,344,
9655,606,448,1054,
9656,790,685,1475,
9658,7,4,11,
9659,947,617,1564,
9660,547,421,968,
9661,242,181,423,
9662,515,437,952,
9663,935,682,1617,
9664,113,107,220,
9665,1040,757,1797,
9670,1317,1098,2415,
9671,1164,963,2127,
9676,481,410,891,
9678,17,12,29,
9682,852,643,1495,
9686,1052,842,1894,
9688,1494,1106,2600,
9689,277,187,464,
9693,362,259,621,
9696,1181,910,2091,
9697,208,169,377,
9699,986,724,1710,
9700,190,156,346,
9702,782,611,1393,
9704,420,303,723,
9705,1250,946,2196,
9708,1898,1502,3400,
9709,194,162,356,
9710,407,342,749,
9711,508,482,990,
9712,1773,1585,3358,
9714,1008,811,1819,
9717,288,218,506,
9718,414,353,767,
9720,1255,974,2229,
9721,24,23,47,
9722,1330,985,2315,
9723,1551,1137,2688,
9724,1788,1512,3300,
9726,666,414,1080,
9727,993,764,1757,
9729,365,295,660,
9730,1091,816,1907,
9732,861,778,1639,
9734,617,501,1118,
9735,590,496,1086,
9736,1021,775,1796,
9738,323,248,571,
9739,271,212,483,
9742,1057,862,1919,
9744,1143,945,2088,
9745,804,574,1378,
9746,1512,1201,2713,
9748,448,330,778,
9749,1238,980,2218,
9752,1250,977,2227,
9755,1583,1166,2749,
9756,238,193,431,
9758,161,126,287,
9760,412,351,763,
9765,534,407,941,
9766,311,222,533,
9767,956,742,1698,
9770,951,777,1728,
9771,1832,1400,3232,
9778,134,109,243,
9780,667,533,1200,
9781,1589,1239,2828,
9782,1209,1024,2233,
9783,1210,892,2102,
9784,1620,1235,2855,
9786,473,362,835,
9788,238,181,419,
9790,1255,1065,2320,
9792,1393,1115,2508,
9793,656,584,1240,
9794,999,783,1782,
9796,593,432,1025,
9797,958,771,1729,
9798,1283,1012,2295,
9802,895,717,1612,
9804,655,577,1232,
9805,1011,836,1847,
9808,1433,1153,2586,
9812,1405,1081,2486,
9814,1247,954,2201,
9815,1028,796,1824,
9817,1012,819,1831,
9818,871,636,1507,
9819,1031,752,1783,
9820,1023,881,1904,
9821,1901,1499,3400,
9831,806,633,1439,
9833,875,668,1543,
9836,1474,1133,2607,
9837,571,403,974,
9839,785,643,1428,
9841,1200,1002,2202,
9845,641,435,1076,
9846,1461,1128,2589,
9847,983,895,1878,
9848,635,488,1123,
9849,1235,951,2186,
9853,1203,993,2196,
9855,377,267,644,
9856,70,56,126,
9860,1389,1119,2508,
9861,1443,1113,2556,
9863,471,343,814,
9867,77,57,134,
9869,1107,899,2006,
9870,1099,865,1964,
9875,1912,1504,3416,
9876,186,126,312,
9879,965,736,1701,
9881,552,463,1015,
9882,364,274,638,
9884,1437,1051,2488,
9885,1071,843,1914,
9887,1199,974,2173,
9888,861,684,1545,
9892,1235,1024,2259,
9893,318,255,573,
9894,341,237,578,
9895,1129,847,1976,
9898,324,259,583,
9899,709,571,1280,
9900,880,714,1594,
9903,1274,1004,2278,
9908,1243,968,2211,
9909,433,338,771,
9910,1201,916,2117,
9912,1261,961,2222,
9913,1133,941,2074,
9917,410,331,741,
9918,332,267,599,
9919,632,515,1147,
9920,1178,944,2122,
9921,628,436,1064,
9922,1051,801,1852,
9923,994,753,1747,
9925,539,421,960,
9927,262,199,461,
9929,118,100,218,
9931,1786,1486,3272,
9932,1212,990,2202,
9933,1095,874,1969,
9935,991,731,1722,
9936,943,734,1677,
9939,1138,812,1950,
9940,212,145,357,
9942,1208,934,2142,
9944,1885,1416,3301,
9949,488,399,887,
9952,1301,1030,2331,
9954,611,523,1134,
9957,840,683,1523,
9960,1297,1028,2325,
9961,379,277,656,
9962,551,377,928,
9964,77,77,154,
9967,546,521,1067,
9968,749,579,1328,
9970,748,637,1385,
9971,59,36,95,
9972,1028,767,1795,
9973,1120,865,1985,
9976,402,309,711,
9979,629,485,1114,
9982,208,182,390,
9984,641,523,1164,
9985,641,610,1251,
9987,846,585,1431,
9989,436,364,800,
9992,823,635,1458,
9993,886,792,1678,
9996,332,279,611,
9999,1163,863,2026,
10001,91,76,167,
10003,883,696,1579,
10005,1135,919,2054,
10011,937,741,1678,
10013,1176,999,2175,
10021,1024,796,1820,
10024,352,254,606,
10025,1653,1279,2932,
10026,199,153,352,
10028,884,688,1572,
10030,231,198,429,
10031,1112,918,2030,
10034,611,470,1081,
10036,881,736,1617,
10037,1168,891,2059,
10041,982,824,1806,
10044,866,721,1587,
10045,1851,1506,3357,
10046,667,527,1194,
10047,1525,1060,2585,
10048,1223,1009,2232,
10049,1273,994,2267,
10050,1073,823,1896,
10052,530,430,960,
10053,1091,790,1881,
10055,1007,796,1803,
10056,515,395,910,
10057,1952,1412,3364,
10059,1304,919,2223,
10061,321,263,584,
10063,319,285,604,
10066,1864,1415,3279,
10067,677,527,1204,
10068,1204,960,2164,
10069,1256,985,2241,
10070,1212,990,2202,
10071,1443,1197,2640,
10072,1177,936,2113,
10073,222,175,397,
10074,258,172,430,
10075,204,138,342,
10080,41,29,70,
10081,189,152,341,
10082,1333,1230,2563,
10084,1436,1134,2570,
10085,1065,875,1940,
10088,328,236,564,
10091,273,210,483,
10094,705,589,1294,
10095,325,252,577,
10096,1340,1082,2422,
10097,444,357,801,
10098,24,19,43,
10102,414,353,767,
10103,739,571,1310,
10104,689,500,1189,
10105,312,247,559,
10108,547,408,955,
10110,358,279,637,
10112,79,69,148,
10115,275,236,511,
10116,978,783,1761,
10117,633,444,1077,
10119,1003,811,1814,
10121,1196,853,2049,
10128,701,588,1289,
10129,672,556,1228,
10130,1129,868,1997,
10131,828,658,1486,
10134,1859,1522,3381,
10135,1246,1050,2296,
10136,419,266,685,
10137,1188,964,2152,
10138,352,307,659,
10139,615,491,1106,
10140,1304,1003,2307,
10141,215,203,418,
10142,1383,1027,2410,
10144,1310,1102,2412,
10147,392,303,695,
10149,1049,747,1796,
10151,1057,794,1851,
10152,1083,873,1956,
10154,111,77,188,
10159,187,146,333,
10160,1464,1094,2558,
10163,227,188,415,
10164,1558,1326,2884,
10165,91,46,137,
10166,1242,943,2185,
10168,623,533,1156,
10171,1256,964,2220,
10174,431,335,766,
10175,1098,783,1881,
10179,349,289,638,
10180,989,920,1909,
10181,912,831,1743,
10182,221,198,419,
10185,598,434,1032,
10186,492,386,878,
10188,1556,1216,2772,
10189,650,530,1180,
10191,1194,953,2147,
10193,1004,804,1808,
10195,357,300,657,
10199,104,58,162,
10200,806,498,1304,
10201,847,710,1557,
10203,872,654,1526,
10204,16,15,31,
10206,35,27,62,
10207,109,79,188,
10208,1532,1267,2799,
10210,658,545,1203,
10211,1225,975,2200,
10213,1792,1417,3209,
10214,922,768,1690,
10218,1247,984,2231,
10219,1016,746,1762,
10220,1414,1231,2645,
10221,494,368,862,
10222,1367,1147,2514,
10223,318,220,538,
10226,1249,973,2222,
10228,1762,1282,3044,
10230,866,693,1559,
10231,1203,949,2152,
10233,118,84,202,
10234,1157,890,2047,
10235,51,36,87,
10238,1204,918,2122,
10239,858,740,1598,
10240,938,692,1630,
10242,825,656,1481,
10247,298,210,508,
10249,712,542,1254,
10252,301,240,541,
10255,144,120,264,
10256,990,793,1783,
10257,156,96,252,
10260,1208,976,2184,
10261,551,421,972,
10262,240,249,489,
10263,1154,992,2146,
10265,823,668,1491,
10267,1332,921,2253,
10268,549,459,1008,
10271,132,122,254,
10273,62,52,114,
10276,935,752,1687,
10279,1278,978,2256,
10280,770,595,1365,
10283,318,251,569,
10288,243,198,441,
10289,471,370,841,
10290,1029,854,1883,
10291,722,572,1294,
10294,1137,929,2066,
10295,894,668,1562,
10298,1036,850,1886,
10299,924,718,1642,
10302,1100,798,1898,
10311,92,90,182,
10313,252,167,419,
10314,1108,855,1963,
10316,1240,932,2172,
10317,1309,1043,2352,
10319,919,739,1658,
10321,1145,936,2081,
10323,696,563,1259,
10325,157,109,266,
10339,6,2,8,
10340,1123,834,1957,
10344,189,123,312,
10345,311,243,554,
10347,1367,1245,2612,
10348,332,274,606,
10350,137,102,239,
10351,470,348,818,
10352,95,95,190,
10353,1116,872,1988,
10357,537,480,1017,
10358,1269,969,2238,
10361,83,76,159,
10362,1186,973,2159,
10365,944,782,1726,
10366,184,153,337,
10368,1251,978,2229,
10370,976,818,1794,
10371,1189,865,2054,
10374,243,200,443,
10375,1103,861,1964,
10376,22,9,31,
10378,911,743,1654,
10380,1822,1416,3238,
10381,715,641,1356,
10382,1092,880,1972,
10383,1230,956,2186,
10384,1133,879,2012,
10385,429,342,771,
10386,31,22,53,
10389,327,277,604,
10390,620,485,1105,
10391,1025,871,1896,
10393,1192,922,2114,
10394,852,713,1565,
10395,786,651,1437,
10397,1156,944,2100,
10398,320,246,566,
10403,614,455,1069,
10405,1830,1485,3315,
10408,961,782,1743,
10411,101,74,175,
10412,1998,1560,3558,
10414,50,34,84,
10416,1303,1041,2344,
10420,893,697,1590,
10423,4,4,8,
10425,51,23,74,
10426,1817,1423,3240,
10427,329,258,587,
10432,1165,914,2079,
10433,903,708,1611,
10440,431,362,793,
10443,326,216,542,
10446,128,88,216,
10451,84,71,155,
10453,119,107,226,
10454,712,590,1302,
10456,1038,880,1918,
10459,894,635,1529,
10462,1252,910,2162,
10463,940,722,1662,
10464,1971,1503,3474,
10466,1081,776,1857,
10468,183,192,375,
10469,1192,933,2125,
10475,379,295,674,
10477,705,565,1270,
10479,852,749,1601,
10480,1141,923,2064,
10481,296,230,526,
10483,105,82,187,
10484,367,283,650,
10487,1236,953,2189,
10490,808,649,1457,
10491,1389,1034,2423,
10495,1124,922,2046,
10497,880,673,1553,
10500,1496,1092,2588,
10501,294,285,579,
10502,844,615,1459,
10503,1878,1489,3367,
10504,470,315,785,
10505,89,85,174,
10508,1060,845,1905,
10510,1198,920,2118,
10511,1915,1531,3446,
10512,12,10,22,
10513,1567,1200,2767,
10515,148,105,253,
10519,902,764,1666,
10520,878,733,1611,
10521,1182,948,2130,
10523,967,767,1734,
10524,290,233,523,
10526,376,362,738,
10528,774,573,1347,
10530,101,90,191,
10531,901,690,1591,
10532,682,516,1198,
10534,234,181,415,
10536,1308,1084,2392,
10537,639,480,1119,
10539,12,7,19,
10540,391,239,630,
10541,1416,1132,2548,
10543,1232,977,2209,
10547,193,131,324,
10550,786,628,1414,
10552,1047,903,1950,
10553,145,96,241,
10554,438,358,796,
10555,97,74,171,
10556,1105,858,1963,
10557,1451,1160,2611,
10558,1031,768,1799,
10560,1209,939,2148,
10561,5,7,12,
10562,1275,952,2227,
10566,1118,875,1993,
10567,357,269,626,
10571,121,87,208,
10575,709,548,1257,
10578,498,377,875,
10579,1149,984,2133,
10580,329,267,596,
10582,449,339,788,
10583,233,154,387,
10586,1367,987,2354,
10587,247,179,426,
10589,247,229,476,
10590,786,580,1366,
10593,945,797,1742,
10595,1235,944,2179,
10598,763,549,1312,
10599,1240,1006,2246,
10601,1125,970,2095,
10602,801,597,1398,
10604,1626,1201,2827,
10605,220,172,392,
10606,357,266,623,
10608,1086,868,1954,
10611,1398,1078,2476,
10614,457,378,835,
10615,823,657,1480,
10616,716,585,1301,
10617,561,453,1014,
10618,58,49,107,
10620,1150,941,2091,
10621,119,107,226,
10622,39,35,74,
10628,1873,1417,3290,
10629,390,359,749,
10634,943,765,1708,
10635,1451,1142,2593,
10637,146,102,248,
10639,105,77,182,
10640,567,434,1001,
10642,758,612,1370,
10643,1101,799,1900,
10644,512,391,903,
10647,725,552,1277,
10648,711,564,1275,
10649,1361,1078,2439,
10650,566,425,991,
10651,1593,1309,2902,
10654,507,388,895,
10655,283,189,472,
10656,221,184,405,
10657,1939,1424,3363,
10660,1438,1157,2595,
10661,820,611,1431,
10663,56,57,113,
10665,542,415,957,
10666,1240,949,2189,
10669,436,340,776,
10671,1564,1281,2845,
10674,1528,1088,2616,
10676,1081,870,1951,
10677,1538,1156,2694,
10680,122,111,233,
10682,837,708,1545,
10684,412,311,723,
10694,828,690,1518,
10695,1483,1176,2659,
10696,230,187,417,
10698,1877,1423,3300,
10699,580,400,980,
10700,189,159,348,
10702,141,103,244,
10704,1110,834,1944,
10705,1008,759,1767,
10706,773,655,1428,
10708,1235,977,2212,
10710,1183,928,2111,
10712,452,321,773,
10713,1952,1409,3361,
10714,209,172,381,
10719,752,617,1369,
10722,1264,931,2195,
10725,1153,830,1983,
10729,1428,1055,2483,
10730,720,589,1309,
10732,1251,995,2246,
10734,1354,1055,2409,
10738,51,35,86,
10742,1008,692,1700,
10743,1145,898,2043,
10745,723,641,1364,
10746,171,121,292,
10747,1264,932,2196,
10748,1840,1405,3245,
10749,1898,1468,3366,
10752,1111,955,2066,
10755,945,776,1721,
10756,854,649,1503,
10757,523,369,892,
10760,675,480,1155,
10761,1092,818,1910,
10762,803,653,1456,
10763,138,92,230,
10765,1367,1118,2485,
10766,1817,1447,3264,
10768,1397,1098,2495,
10769,1246,1051,2297,
10771,821,659,1480,
10777,112,84,196,
10778,156,136,292,
10781,885,679,1564,
10783,601,494,1095,
10786,533,442,975,
10788,860,625,1485,
10789,847,606,1453,
10790,969,735,1704,
10792,1474,1117,2591,
10793,531,410,941,
10799,1262,964,2226,
10801,554,466,1020,
10802,419,338,757,
10803,803,630,1433,
10804,940,747,1687,
10805,735,570,1305,
10806,785,644,1429,
10807,868,716,1584,
10808,225,182,407,
10810,1905,1432,3337,
10814,992,816,1808,
10816,1509,1114,2623,
10817,992,716,1708,
10819,1245,1001,2246,
10820,1014,777,1791,
10821,816,807,1623,
10822,554,465,1019,
10824,958,756,1714,
10826,255,223,478,
10827,1098,825,1923,
10828,290,258,548,
10830,352,271,623,
10832,1367,1201,2568,
10836,1087,838,1925,
10839,533,438,971,
10841,1239,901,2140,
10843,461,393,854,
10847,211,162,373,
10849,1370,1108,2478,
10850,923,708,1631,
10851,852,692,1544,
10852,417,335,752,
10853,1301,1013,2314,
10854,1072,851,1923,
10859,1183,907,2090,
10863,1205,912,2117,
10864,94,77,171,
10865,775,593,1368,
10867,250,162,412,
10869,1528,1221,2749,
10871,191,160,351,
10872,1370,986,2356,
10875,1855,1448,3303,
10876,649,469,1118,
10877,1220,902,2122,
10878,332,241,573,
10881,759,755,1514,
10883,1151,950,2101,
10890,1254,1023,2277,
10891,1184,909,2093,
10895,1243,985,2228,
10897,1231,947,2178,
10899,934,656,1590,
10900,810,638,1448,
10902,612,442,1054,
10904,1033,822,1855,
10906,1342,1065,2407,
10907,1126,915,2041,
10909,133,76,209,
10910,348,277,625,
10911,1903,1436,3339,
10912,1371,1110,2481,
10913,870,691,1561,
10916,506,451,957,
10918,742,550,1292,
10919,1088,784,1872,
10921,60,31,91,
10923,1147,1038,2185,
10924,1028,771,1799,
10927,637,467,1104,
10929,1026,770,1796,
10930,1204,1041,2245,
10931,1157,902,2059,
10932,1190,975,2165,
10936,1664,1163,2827,
10937,577,439,1016,
10938,1417,1138,2555,
10940,345,265,610,
10943,1095,759,1854,
10948,964,791,1755,
10951,344,248,592,
10953,602,461,1063,
10954,947,794,1741,
10957,308,230,538,
10958,1282,1002,2284,
10961,33,22,55,
10962,1004,772,1776,
10963,760,590,1350,
10964,1487,1066,2553,
10965,668,540,1208,
10968,749,583,1332,
10969,1038,792,1830,
10970,489,373,862,
10974,86,70,156,
10975,379,332,711,
10976,820,599,1419,
10977,434,339,773,
10981,136,106,242,
10983,1186,945,2131,
10984,1200,946,2146,
10985,1230,914,2144,
10986,522,382,904,
10987,116,90,206,
10988,489,382,871,
10989,1902,1360,3262,
10990,1103,777,1880,
10992,432,325,757,
10993,1108,777,1885,
10997,200,143,343,
11002,1096,866,1962,
11005,1105,861,1966,
11007,441,323,764,
11012,394,328,722,
11013,786,592,1378,
11016,524,446,970,
11019,1255,982,2237,
11020,1133,835,1968,
11021,754,578,1332,
11023,1485,989,2474,
11025,332,289,621,
11026,838,606,1444,
11028,186,154,340,
11030,1812,1536,3348,
11033,1261,949,2210,
11034,910,777,1687,
11035,910,759,1669,
11037,1039,796,1835,
11039,1105,905,2010,
11040,209,166,375,
11041,920,733,1653,
11042,598,515,1113,
11044,1085,781,1866,
11045,622,522,1144,
11046,892,665,1557,
11048,1025,796,1821,
11049,1218,941,2159,
11051,1085,903,1988,
11055,635,479,1114,
11057,1543,1177,2720,
11058,583,399,982,
11060,808,610,1418,
11062,425,317,742,
11065,1078,909,1987,
11067,988,804,1792,
11070,467,315,782,
11075,173,134,307,
11076,1392,1160,2552,
11077,1333,1070,2403,
11078,518,396,914,
11079,1216,915,2131,
11080,183,156,339,
11082,344,261,605,
11083,45,38,83,
11084,208,178,386,
11085,1258,998,2256,
11086,136,92,228,
11087,772,656,1428,
11089,146,126,272,
11093,603,442,1045,
11094,539,393,932,
11096,367,285,652,
11101,494,381,875,
11102,1219,940,2159,
11105,1263,1042,2305,
11107,1146,971,2117,
11108,1860,1467,3327,
11110,566,445,1011,
11111,1358,1078,2436,
11112,1277,938,2215,
11113,851,589,1440,
11115,1171,932,2103,
11118,1032,824,1856,
11119,482,407,889,
11120,1340,1133,2473,
11124,1322,991,2313,
11126,205,157,362,
11127,463,348,811,
11131,1050,810,1860,
11132,122,117,239,
11134,1259,983,2242,
11135,1232,1016,2248,
11137,906,711,1617,
11138,789,591,1380,
11140,1800,1332,3132,
11145,385,266,651,
11146,612,456,1068,
11147,569,483,1052,
11149,1053,806,1859,
11150,113,83,196,
11154,1437,1152,2589,
11155,1214,1003,2217,
11156,1086,793,1879,
11160,140,83,223,
11162,68,42,110,
11168,452,383,835,
11169,56,36,92,
11171,1173,942,2115,
11174,1093,753,1846,
11177,1120,798,1918,
11178,94,85,179,
11180,1206,963,2169,
11183,244,217,461,
11185,843,650,1493,
11188,1900,1403,3303,
11189,364,250,614,
11191,1454,1128,2582,
11195,247,196,443,
11197,807,666,1473,
11198,743,570,1313,
11199,126,80,206,
11201,567,414,981,
11203,1061,886,1947,
11205,1849,1456,3305,
11206,1907,1327,3234,
11207,1461,1132,2593,
11208,479,411,890,
11210,532,431,963,
11211,1059,829,1888,
11213,995,730,1725,
11214,394,319,713,
11215,673,501,1174,
11216,1104,885,1989,
11219,1103,811,1914,
11220,181,100,281,
11221,986,788,1774,
11224,387,320,707,
11225,723,605,1328,
11226,231,197,428,
11236,834,667,1501,
11237,1185,970,2155,
11239,388,363,751,
11240,1383,1057,2440,
11246,670,488,1158,
11250,873,663,1536,
11253,1166,924,2090,
11255,1301,1057,2358,
11256,742,576,1318,
11260,952,802,1754,
11262,769,566,1335,
11263,955,709,1664,
11265,1020,756,1776,
11267,768,602,1370,
11268,1218,950,2168,
11271,1095,825,1920,
11272,391,286,677,
11273,1923,1381,3304,
11274,383,342,725,
11275,1118,853,1971,
11276,1287,1053,2340,
11277,172,133,305,
11282,319,265,584,
11283,1421,1028,2449,
11285,398,307,705,
11286,833,704,1537,
11287,557,458,1015,
11288,1851,1608,3459,
11289,1103,945,2048,
11291,687,560,1247,
11294,1844,1471,3315,
11295,960,699,1659,
11296,1124,830,1954,
11298,128,94,222,
11299,1200,917,2117,
11300,25,29,54,
11301,190,171,361,
11303,271,196,467,
11304,1239,1011,2250,
11305,1038,854,1892,
11307,430,371,801,
11311,551,407,958,
11312,1842,1423,3265,
11313,912,687,1599,
11314,1658,1256,2914,
11316,1168,927,2095,
11318,369,276,645,
11319,20,28,48,
11320,1845,1447,3292,
11321,1321,1014,2335,
11324,631,482,1113,
11325,911,680,1591,
11330,1905,1457,3362,
11331,797,595,1392,
11334,639,512,1151,
11335,845,603,1448,
11337,1325,1120,2445,
11339,482,416,898,
11340,1773,1456,3229,
11342,736,532,1268,
11346,830,498,1328,
11348,170,129,299,
11349,1031,824,1855,
11350,949,790,1739,
11351,1097,855,1952,
11353,662,517,1179,
11355,1200,943,2143,
11356,238,157,395,
11357,1211,885,2096,
11358,28,14,42,
11359,336,278,614,
11360,398,284,682,
11362,1260,1105,2365,
11363,86,71,157,
11364,802,637,1439,
11367,814,623,1437,
11371,1143,904,2047,
11373,643,494,1137,
11374,954,850,1804,
11375,585,496,1081,
11379,1131,927,2058,
11386,1903,1468,3371,
11388,1885,1455,3340,
11390,934,714,1648,
11394,820,665,1485,
11395,1758,1467,3225,
11397,900,635,1535,
11398,1439,1135,2574,
11399,1609,1303,2912,
11400,1193,964,2157,
11404,40,31,71,
11406,1223,966,2189,
11407,850,685,1535,
11408,1001,811,1812,
11409,817,620,1437,
11414,255,189,444,
11415,927,716,1643,
11416,1162,980,2142,
11422,1399,1059,2458,
11424,1045,842,1887,
11426,1176,985,2161,
11427,1125,848,1973,
11428,956,733,1689,
11429,887,680,1567,
11430,938,738,1676,
11431,1503,1172,2675,
11433,688,501,1189,
11434,1387,1091,2478,
11435,927,668,1595,
11437,852,681,1533,
11439,298,237,535,
11441,1475,994,2469,
11443,927,755,1682,
11444,792,622,1414,
11446,498,453,951,
11447,342,248,590,
11452,555,415,970,
11454,566,483,1049,
11455,66,43,109,
11457,596,472,1068,
11459,94,75,169,
11460,994,769,1763,
11462,781,598,1379,
11465,815,665,1480,
11466,573,342,915,
11468,650,516,1166,
11469,238,211,449,
11471,285,221,506,
11472,1220,1052,2272,
11473,664,538,1202,
11474,52,30,82,
11475,1161,845,2006,
11477,1109,845,1954,
11478,714,570,1284,
11481,1163,915,2078,
11482,826,636,1462,
11486,235,219,454,
11488,547,454,1001,
11490,101,89,190,
11491,1446,1195,2641,
11493,928,704,1632,
11494,1085,879,1964,
11498,1088,896,1984,
11502,1230,1007,2237,
11505,655,490,1145,
11506,1142,908,2050,
11507,97,65,162,
11508,81,52,133,
11509,953,784,1737,
11510,75,56,131,
11511,1015,813,1828,
11512,855,674,1529,
11513,896,679,1575,
11514,1005,742,1747,
11516,870,693,1563,
11519,40,24,64,
11520,23,22,45,
11522,968,788,1756,
11523,102,75,177,
11526,412,319,731,
11527,85,72,157,
11528,389,342,731,
11531,463,370,833,
11534,669,494,1163,
11536,228,149,377,
11537,640,561,1201,
11540,1260,1044,2304,
11541,1095,808,1903,
11544,1192,910,2102,
11545,379,277,656,
11546,614,528,1142,
11548,262,271,533,
11549,859,689,1548,
11550,1323,973,2296,
11552,491,499,990,
11553,1255,998,2253,
11555,1898,1369,3267,
11558,218,180,398,
11559,293,235,528,
11560,131,96,227,
11561,1104,832,1936,
11562,1489,1171,2660,
11563,26,13,39,
11568,633,499,1132,
11569,1054,791,1845,
11575,1598,1103,2701,
11576,1112,842,1954,
11577,1029,862,1891,
11579,1504,1172,2676,
11580,238,215,453,
11583,925,750,1675,
11584,1082,889,1971,
11585,708,551,1259,
11586,519,376,895,
11587,1304,996,2300,
11591,287,214,501,
11593,984,777,1761,
11595,870,643,1513,
11597,194,183,377,
11599,1003,784,1787,
11605,133,118,251,
11606,1534,1183,2717,
11607,746,659,1405,
11611,1262,892,2154,
11614,922,706,1628,
11616,1293,996,2289,
11617,1092,808,1900,
11619,1014,785,1799,
11620,886,671,1557,
11621,1018,816,1834,
11626,24,28,52,
11627,678,553,1231,
11628,941,760,1701,
11629,1904,1509,3413,
11632,1032,785,1817,
11634,504,323,827,
11636,1517,1160,2677,
11639,1267,998,2265,
11643,1259,1159,2418,
11644,1537,1234,2771,
11645,1178,897,2075,
11653,183,157,340,
11654,1130,935,2065,
11657,1383,1134,2517,
11658,1242,915,2157,
11660,786,631,1417,
11661,1161,854,2015,
11662,431,329,760,
11663,594,473,1067,
11666,1005,803,1808,
11667,431,373,804,
11668,926,814,1740,
11671,1079,906,1985,
11672,134,84,218,
11673,869,709,1578,
11674,339,333,672,
11678,898,719,1617,
11679,1386,1025,2411,
11680,337,252,589,
11684,332,248,580,
11685,622,482,1104,
11687,627,470,1097,
11688,1367,1150,2517,
11689,178,150,328,
11690,978,701,1679,
11691,84,80,164,
11692,481,393,874,
11693,409,263,672,
11697,1053,883,1936,
11699,1884,1487,3371,
11701,808,620,1428,
11702,1389,1202,2591,
11704,622,492,1114,
11705,944,811,1755,
11707,1270,1087,2357,
11708,1080,905,1985,
11709,1126,793,1919,
11710,81,62,143,
11711,1462,1136,2598,
11712,922,723,1645,
11713,1743,1481,3224,
11715,189,130,319,
11716,1390,1068,2458,
11720,809,710,1519,
11726,295,238,533,
11727,1214,942,2156,
11728,260,234,494,
11729,354,273,627,
11732,1254,1000,2254,
11733,512,445,957,
11735,188,137,325,
11737,979,786,1765,
11739,1002,701,1703,
11741,43,35,78,
11744,435,353,788,
11745,788,583,1371,
11747,968,772,1740,
11750,443,267,710,
11751,1411,1096,2507,
11753,1108,942,2050,
11754,80,62,142,
11755,1253,982,2235,
11757,424,373,797,
11759,1279,919,2198,
11763,1160,914,2074,
11764,241,170,411,
11767,494,444,938,
11770,145,101,246,
11772,1205,999,2204,
11773,1274,1029,2303,
11774,613,475,1088,
11775,885,655,1540,
11777,1157,885,2042,
11778,737,510,1247,
11780,138,94,232,
11781,1169,952,2121,
11786,813,663,1476,
11787,1823,1432,3255,
11790,521,388,909,
11792,1736,1397,3133,
11793,709,563,1272,
11794,739,583,1322,
11795,114,61,175,
11801,952,818,1770,
11804,1229,993,2222,
11808,1137,949,2086,
11809,349,285,634,
11812,1238,937,2175,
11813,1198,1009,2207,
11814,56,25,81,
11815,806,718,1524,
11817,1149,1009,2158,
11819,253,188,441,
11822,653,567,1220,
11824,809,649,1458,
11825,910,742,1652,
11826,1875,1494,3369,
11827,428,296,724,
11830,1059,821,1880,
11832,916,734,1650,
11833,745,571,1316,
11834,399,328,727,
11836,931,802,1733,
11837,1148,864,2012,
11840,1140,747,1887,
11841,987,770,1757,
11842,95,78,173,
11843,936,699,1635,
11844,559,394,953,
11849,900,784,1684,
11851,967,807,1774,
11852,1568,1216,2784,
11853,1350,1035,2385,
11856,300,202,502,
11858,559,422,981,
11861,243,193,436,
11862,307,246,553,
11864,1159,954,2113,
11866,244,171,415,
11867,313,253,566,
11870,1739,1600,3339,
11871,1608,1223,2831,
11875,1226,942,2168,
11879,525,480,1005,
11881,1061,865,1926,
11882,938,728,1666,
11884,480,422,902,
11885,634,536,1170,
11887,1397,1092,2489,
11888,339,280,619,
11891,342,300,642,
11894,345,263,608,
11896,352,287,639,
11901,976,795,1771,
11903,482,355,837,
11904,152,140,292,
11905,707,580,1287,
11909,1153,936,2089,
11912,182,154,336,
11914,1442,1051,2493,
11915,1014,771,1785,
11917,10,24,34,
11920,166,123,289,
11921,414,319,733,
11924,1109,881,1990,
11925,820,691,1511,
11928,735,604,1339,
11933,822,620,1442,
11934,966,727,1693,
11937,922,750,1672,
11938,630,563,1193,
11940,771,638,1409,
11941,1323,1121,2444,
11943,1072,799,1871,
11944,1220,1056,2276,
11945,396,310,706,
11946,1692,1230,2922,
11947,736,592,1328,
11949,1850,1488,3338,
11950,35,42,77,
11951,1314,1162,2476,
11956,38,30,68,
11958,1201,960,2161,
11962,164,118,282,
11963,965,740,1705,
11964,338,249,587,
11967,1006,818,1824,
11969,1886,1391,3277,
11970,1499,1197,2696,
11971,1191,986,2177,
11972,721,510,1231,
11974,1011,869,1880,
11975,1338,967,2305,
11976,1123,864,1987,
11977,759,553,1312,
11978,474,432,906,
11979,1084,894,1978,
11982,825,629,1454,
11983,1317,1052,2369,
11984,1307,844,2151,
11985,687,545,1232,
11986,877,744,1621,
11990,1205,950,2155,
11992,1614,1136,2750,
11995,1249,950,2199,
11996,1374,1145,2519,
11998,229,188,417,
12001,285,224,509,
12002,1128,867,1995,
12004,355,249,604,
12005,1037,806,1843,
12007,1081,901,1982,
12008,1031,837,1868,
12009,62,49,111,
12010,715,590,1305,
12013,328,280,608,
12014,612,470,1082,
12015,403,303,706,
12017,1919,1485,3404,
12018,1471,1137,2608,
12019,1046,844,1890,
12020,1579,1216,2795,
12021,436,327,763,
12024,1177,965,2142,
12026,248,218,466,
12027,1119,841,1960,
12028,960,739,1699,
12031,226,151,377,
12032,835,644,1479,
12034,1023,855,1878,
12035,96,74,170,
12036,32,28,60,
12040,1078,888,1966,
12041,34,25,59,
12042,63,53,116,
12043,785,587,1372,
12044,243,180,423,
12045,178,156,334,
12046,1194,928,2122,
12048,499,410,909,
12049,1250,937,2187,
12050,1218,947,2165,
12054,999,726,1725,
12055,1170,901,2071,
12057,479,344,823,
12059,650,445,1095,
12060,1251,969,2220,
12061,411,304,715,
12068,537,384,921,
12069,664,456,1120,
12070,797,631,1428,
12072,903,703,1606,
12073,872,691,1563,
12074,1105,842,1947,
12077,973,706,1679,
12078,1099,845,1944,
12081,1909,1393,3302,
12083,1184,1012,2196,
12089,1213,930,2143,
12091,1081,908,1989,
12092,1198,906,2104,
12093,1014,849,1863,
12094,888,665,1553,
12095,1187,934,2121,
12096,1286,1001,2287,
12098,1155,812,1967,
12099,232,175,407,
12102,443,351,794,
12103,487,286,773,
12104,1627,1260,2887,
12105,402,302,704,
12107,300,262,562,
12109,1050,851,1901,
12110,711,560,1271,
12112,1264,907,2171,
12113,253,251,504,
12116,985,790,1775,
12117,954,742,1696,
12119,84,73,157,
12120,1106,885,1991,
12121,1042,815,1857,
12122,1122,890,2012,
12123,860,692,1552,
12124,1384,1071,2455,
12125,112,88,200,
12128,1359,1096,2455,
12129,1050,762,1812,
12131,162,131,293,
12133,1145,831,1976,
12135,1061,792,1853,
12140,720,573,1293,
12141,938,704,1642,
12143,1858,1370,3228,
12144,1120,881,2001,
12145,420,348,768,
12146,1185,984,2169,
12147,203,176,379,
12148,747,569,1316,
12151,1052,877,1929,
12152,1870,1402,3272,
12153,1625,1316,2941,
12156,1359,984,2343,
12157,1520,1203,2723,
12160,342,253,595,
12162,651,472,1123,
12164,241,270,511,
12166,500,400,900,
12167,1188,1022,2210,
12170,1892,1395,3287,
12172,25,19,44,
12173,1022,842,1864,
12174,123,95,218,
12177,384,362,746,
12182,59,61,120,
12184,858,664,1522,
12187,747,619,1366,
12188,1139,866,2005,
12190,1191,892,2083,
12191,581,449,1030,
12192,968,720,1688,
12196,918,721,1639,
12197,118,91,209,
12198,1129,841,1970,
12202,982,783,1765,
12203,337,260,597,
12204,306,280,586,
12205,706,691,1397,
12206,134,106,240,
12211,1940,1357,3297,
12213,627,546,1173,
12214,483,375,858,
12215,1002,880,1882,
12218,848,695,1543,
12221,398,265,663,
12222,503,363,866,
12223,386,303,689,
12226,1171,948,2119,
12227,568,460,1028,
12231,177,142,319,
12232,1254,928,2182,
12236,1271,955,2226,
12238,831,662,1493,
12243,18,15,33,
12244,126,102,228,
12245,1320,1039,2359,
12246,309,247,556,
12247,647,454,1101,
12248,563,483,1046,
12250,184,138,322,
12251,826,653,1479,
12253,1384,1075,2459,
12254,1034,853,1887,
12256,244,192,436,
12259,1212,870,2082,
12261,1262,1011,2273,
12262,1946,1496,3442,
12264,479,365,844,
12266,1147,941,2088,
12267,735,577,1312,
12270,494,397,891,
12272,390,281,671,
12273,4,2,6,
12274,1165,858,2023,
12276,931,707,1638,
12278,1260,1063,2323,
12281,1865,1407,3272,
12282,981,779,1760,
12284,1507,1298,2805,
12285,890,693,1583,
12289,1234,941,2175,
12292,734,581,1315,
12295,757,590,1347,
12298,860,760,1620,
12299,1063,848,1911,
12301,944,750,1694,
12302,439,371,810,
12303,966,756,1722,
12305,748,584,1332,
12309,735,603,1338,
12310,530,388,918,
12314,1011,785,1796,
12316,405,324,729,
12317,1285,987,2272,
12319,1445,1123,2568,
12320,83,71,154,
12322,1092,855,1947,
12323,1522,1177,2699,
12324,566,468,1034,
12326,1020,812,1832,
12327,1813,1538,3351,
12329,360,255,615,
12333,296,240,536,
12335,226,185,411,
12337,731,578,1309,
12338,1793,1411,3204,
12339,1542,1193,2735,
12340,306,202,508,
12343,1927,1390,3317,
12345,814,637,1451,
12346,569,415,984,
12347,988,811,1799,
12348,777,558,1335,
12351,872,639,1511,
12352,1248,1035,2283,
12354,1052,797,1849,
12357,1188,927,2115,
12359,1045,895,1940,
12365,1197,970,2167,
12368,912,836,1748,
12370,1527,1153,2680,
12373,1290,1158,2448,
12374,985,752,1737,
12375,1238,898,2136,
12376,1889,1437,3326,
12378,551,489,1040,
12380,1371,1038,2409,
12383,702,537,1239,
12388,1336,1116,2452,
12389,130,85,215,
12390,1175,838,2013,
12391,161,132,293,
12393,588,403,991,
12394,515,398,913,
12396,796,687,1483,
12400,1134,858,1992,
12401,163,121,284,
12402,865,676,1541,
12403,1920,1383,3303,
12404,425,322,747,
12406,573,465,1038,
12410,448,335,783,
12411,468,381,849,
12412,365,258,623,
12413,1390,1154,2544,
12415,678,539,1217,
12417,1293,1096,2389,
12418,765,609,1374,
12419,768,517,1285,
12420,211,142,353,
12422,1134,815,1949,
12424,908,762,1670,
12425,1219,995,2214,
12430,532,411,943,
12431,176,132,308,
12432,153,148,301,
12433,17,22,39,
12437,1251,932,2183,
12438,958,721,1679,
12439,1283,992,2275,
12440,1480,1105,2585,
12443,222,178,400,
12446,845,726,1571,
12448,110,90,200,
12449,433,367,800,
12450,323,247,570,
12451,895,703,1598,
12454,298,222,520,
12456,847,651,1498,
12457,1017,748,1765,
12458,1765,1533,3298,
12459,464,366,830,
12461,999,857,1856,
12462,784,606,1390,
12470,186,130,316,
12471,302,201,503,
12472,766,618,1384,
12473,1969,1375,3344,
12474,18,13,31,
12476,675,508,1183,
12477,1307,839,2146,
12482,1194,972,2166,
12485,542,439,981,
12488,821,593,1414,
12490,1042,778,1820,
12492,1250,1023,2273,
12494,238,197,435,
12495,2028,1367,3395,
12497,1064,857,1921,
12502,686,565,1251,
12503,413,365,778,
12506,1110,903,2013,
12509,254,190,444,
12510,237,223,460,
12512,46,37,83,
12513,1210,1001,2211,
12518,1009,827,1836,
12521,1817,1488,3305,
12522,576,440,1016,
12523,147,108,255,
12525,1262,915,2177,
12526,88,72,160,
12529,219,158,377,
12530,1198,966,2164,
12531,717,491,1208,
12537,301,197,498,
12538,1856,1451,3307,
12540,1152,813,1965,
12541,680,512,1192,
12543,810,682,1492,
12545,783,634,1417,
12546,572,380,952,
12547,1472,1204,2676,
12549,1369,1003,2372,
12551,1011,736,1747,
12552,784,639,1423,
12553,1124,855,1979,
12554,1186,959,2145,
12555,1463,1131,2594,
12559,683,574,1257,
12561,1252,1035,2287,
12562,1674,1523,3197,
12565,377,280,657,
12566,1601,1158,2759,
12567,808,581,1389,
12571,2057,1388,3445,
12572,1468,1168,2636,
12574,501,407,908,
12577,1437,1126,2563,
12580,917,722,1639,
12582,58,40,98,
12584,250,159,409,
12587,701,556,1257,
12588,877,707,1584,
12592,1918,1450,3368,
12593,1115,897,2012,
12598,928,710,1638,
12600,230,184,414,
12601,218,166,384,
12602,1034,958,1992,
12603,789,623,1412,
12604,776,593,1369,
12607,719,568,1287,
12608,1043,886,1929,
12609,418,300,718,
12610,866,714,1580,
12612,981,794,1775,
12618,1162,879,2041,
12621,93,66,159,
12622,1117,898,2015,
12627,397,341,738,
12632,677,504,1181,
12633,18,16,34,
12634,933,766,1699,
12635,33,37,70,
12636,565,472,1037,
12637,411,313,724,
12639,1471,1176,2647,
12640,867,592,1459,
12641,790,722,1512,
12645,359,315,674,
12646,673,605,1278,
12647,1271,1041,2312,
12648,1251,944,2195,
12649,347,272,619,
12650,1894,1449,3343,
12653,1233,948,2181,
12654,1202,953,2155,
12659,1277,864,2141,
12661,1748,1479,3227,
12662,954,725,1679,
12663,1256,1003,2259,
12664,151,135,286,
12665,5,4,9,
12669,1223,951,2174,
12671,1377,1052,2429,
12672,1526,1205,2731,
12673,1414,1067,2481,
12674,85,50,135,
12675,1024,770,1794,
12676,1011,816,1827,
12679,678,567,1245,
12682,1226,928,2154,
12683,1377,1142,2519,
12688,475,392,867,
12689,1122,920,2042,
12690,163,102,265,
12691,574,487,1061,
12692,996,776,1772,
12694,48,29,77,
12696,1092,804,1896,
12698,715,558,1273,
12699,283,216,499,
12700,378,305,683,
12703,495,368,863,
12704,6,9,15,
12705,592,432,1024,
12706,794,649,1443,
12708,719,558,1277,
12709,1001,839,1840,
12711,1456,1201,2657,
12712,1502,1238,2740,
12717,746,523,1269,
12720,107,87,194,
12721,1246,1011,2257,
12722,344,238,582,
12723,1226,944,2170,
12725,54,55,109,
12726,859,629,1488,
12727,903,709,1612,
12728,788,631,1419,
12730,758,579,1337,
12731,1714,1532,3246,
12733,1251,1104,2355,
12735,625,505,1130,
12736,1839,1469,3308,
12737,541,445,986,
12739,958,737,1695,
12740,334,273,607,
12741,1189,964,2153,
12745,979,879,1858,
12746,87,81,168,
12747,594,475,1069,
12749,496,406,902,
12750,293,199,492,
12751,144,125,269,
12753,684,528,1212,
12757,1343,1091,2434,
12759,285,270,555,
12760,44,22,66,
12761,984,761,1745,
12762,1180,921,2101,
12766,1162,917,2079,
12767,1267,942,2209,
12768,1325,1070,2395,
12769,820,606,1426,
12770,125,95,220,
12771,1310,1041,2351,
12772,975,734,1709,
12774,719,431,1150,
12776,1318,1055,2373,
12778,1143,856,1999,
12779,763,584,1347,
12780,946,747,1693,
12781,152,108,260,
12782,77,60,137,
12783,1089,835,1924,
12784,1181,929,2110,
12787,684,550,1234,
12788,967,724,1691,
12790,1350,949,2299,
12791,883,666,1549,
12794,949,630,1579,
12795,1105,879,1984,
12796,1152,920,2072,
12799,990,770,1760,
12805,1412,1099,2511,
12807,316,246,562,
12814,1121,892,2013,
12816,527,421,948,
12817,552,480,1032,
12819,674,498,1172,
12820,770,583,1353,
12821,1075,805,1880,
12822,1242,981,2223,
12823,1047,807,1854,
12825,952,748,1700,
12828,1355,1005,2360,
12829,1207,1036,2243,
12830,1103,890,1993,
12833,1102,792,1894,
12834,720,573,1293,
12835,531,367,898,
12836,433,331,764,
12837,317,216,533,
12838,75,66,141,
12840,241,204,445,
12841,1019,768,1787,
12843,1041,791,1832,
12844,1838,1513,3351,
12846,212,175,387,
12847,834,648,1482,
12849,1340,1031,2371,
12850,1945,1439,3384,
12852,1301,1041,2342,
12854,329,277,606,
12856,183,125,308,
12857,1029,792,1821,
12860,1021,851,1872,
12864,987,766,1753,
12865,957,775,1732,
12868,466,377,843,
12869,246,250,496,
12870,567,479,1046,
12872,731,620,1351,
12873,1196,871,2067,
12874,454,335,789,
12875,90,68,158,
12878,804,634,1438,
12879,757,601,1358,
12880,1202,934,2136,
12881,532,435,967,
12887,1125,920,2045,
12888,1884,1482,3366,
12890,864,656,1520,
12892,1121,860,1981,
12894,969,801,1770,
12899,660,540,1200,
12900,298,243,541,
12901,41,44,85,
12905,360,346,706,
12906,42,28,70,
12908,1397,1067,2464,
12911,1001,812,1813,
12912,1368,1147,2515,
12913,995,729,1724,
12914,641,546,1187,
12915,519,404,923,
12916,1924,1454,3378,
12919,927,753,1680,
12923,1176,971,2147,
12925,1023,810,1833,
12928,453,448,901,
12930,1685,1241,2926,
12932,833,619,1452,
12933,531,432,963,
12940,792,590,1382,
12942,47,25,72,
12943,242,181,423,
12945,57,49,106,
12948,748,570,1318,
12949,634,502,1136,
12950,712,569,1281,
12952,52,39,91,
12953,303,215,518,
12955,1147,915,2062,
12956,1245,945,2190,
12959,1321,1012,2333,
12962,192,166,358,
12963,97,82,179,
12964,980,821,1801,
12965,421,333,754,
12970,695,541,1236,
12972,126,126,252,
12974,1097,946,2043,
12975,1298,1012,2310,
12976,309,197,506,
12977,1458,1082,2540,
12979,988,753,1741,
12982,1222,1024,2246,
12989,175,113,288,
12990,20,20,40,
12991,18,12,30,
12992,145,125,270,
12995,938,678,1616,
12997,1018,797,1815,
13003,545,442,987,
13005,610,433,1043,
13007,1129,854,1983,
13008,1262,969,2231,
13009,732,604,1336,
13010,385,281,666,
13013,1163,816,1979,
13014,1807,1414,3221,
13015,527,398,925,
13016,1193,921,2114,
13018,478,415,893,
13020,1151,901,2052,
13021,302,231,533,
13025,1032,915,1947,
13026,1258,988,2246,
13027,305,225,530,
13028,1116,858,1974,
13030,1849,1385,3234,
13033,606,493,1099,
13034,670,498,1168,
13036,1597,1202,2799,
13039,1199,929,2128,
13040,1208,909,2117,
13041,467,394,861,
13045,373,294,667,
13047,1193,782,1975,
13048,1182,1028,2210,
13050,928,707,1635,
13051,1261,1065,2326,
13052,355,315,670,
13055,424,408,832,
13056,1008,776,1784,
13057,508,408,916,
13059,428,326,754,
13060,765,546,1311,
13062,439,330,769,
13063,1882,1418,3300,
13065,1179,941,2120,
13066,1239,777,2016,
13067,834,549,1383,
13068,422,327,749,
13070,1122,937,2059,
13073,899,763,1662,
13074,275,196,471,
13075,1139,892,2031,
13076,1238,980,2218,
13077,1306,995,2301,
13079,874,692,1566,
13080,212,189,401,
13082,593,477,1070,
13087,19,18,37,
13089,330,300,630,
13092,1113,871,1984,
13095,922,699,1621,
13102,896,683,1579,
13104,1019,827,1846,
13105,1116,871,1987,
13106,926,780,1706,
13107,1221,782,2003,
13108,110,80,190,
13112,30,29,59,
13116,1149,914,2063,
13117,877,670,1547,
13118,536,457,993,
13119,1139,872,2011,
13120,1241,970,2211,
13121,990,816,1806,
13122,625,516,1141,
13125,1084,832,1916,
13126,35,28,63,
13128,208,169,377,
13129,525,398,923,
13130,1111,883,1994,
13134,888,634,1522,
13135,727,575,1302,
13136,503,422,925,
13138,309,271,580,
13139,1401,1056,2457,
13140,225,200,425,
13141,771,648,1419,
13142,1246,1010,2256,
13143,275,201,476,
13144,878,692,1570,
13145,842,596,1438,
13146,1831,1486,3317,
13147,1208,827,2035,
13150,221,192,413,
13151,108,56,164,
13152,1029,765,1794,
13153,1362,1046,2408,
13154,1432,1090,2522,
13155,1179,1039,2218,
13156,522,395,917,
13160,172,131,303,
13162,1393,937,2330,
13164,1468,1197,2665,
13165,942,760,1702,
13166,930,717,1647,
13167,1057,861,1918,
13169,698,620,1318,
13171,894,691,1585,
13172,1091,915,2006,
13173,329,308,637,
13174,26,37,63,
13175,730,558,1288,
13177,388,289,677,
13179,31,22,53,
13181,1403,1078,2481,
13183,520,352,872,
13184,544,415,959,
13185,1587,1270,2857,
13187,1400,1154,2554,
13188,1493,1193,2686,
13192,11,6,17,
13193,1291,1011,2302,
13194,471,345,816,
13195,222,188,410,
13197,1823,1545,3368,
13201,966,764,1730,
13202,1001,794,1795,
13204,31,26,57,
13205,1193,877,2070,
13208,227,184,411,
13209,460,300,760,
13210,1358,1098,2456,
13211,680,514,1194,
13212,128,97,225,
13215,486,382,868,
13218,1960,1434,3394,
13221,1173,964,2137,
13222,1337,1058,2395,
13223,595,454,1049,
13224,993,786,1779,
13231,1163,895,2058,
13232,539,410,949,
13233,595,522,1117,
13234,1639,1265,2904,
13235,136,87,223,
13237,109,64,173,
13239,104,90,194,
13240,982,837,1819,
13242,383,281,664,
13245,226,187,413,
13246,649,551,1200,
13248,424,319,743,
13249,973,783,1756,
13250,1204,912,2116,
13251,688,562,1250,
13252,27,17,44,
13253,1437,1134,2571,
13254,886,695,1581,
13255,670,532,1202,
13256,447,348,795,
13257,447,381,828,
13260,441,384,825,
13263,1051,805,1856,
13265,1174,895,2069,
13266,1157,905,2062,
13267,1197,988,2185,
13269,699,535,1234,
13271,754,570,1324,
13272,951,786,1737,
13273,243,212,455,
13276,1693,1202,2895,
13278,520,387,907,
13280,1238,974,2212,
13281,1137,820,1957,
13282,969,722,1691,
13284,136,126,262,
13285,1214,887,2101,
13287,1939,1452,3391,
13288,1109,916,2025,
13290,1080,866,1946,
13292,33,20,53,
13294,1245,964,2209,
13297,1495,1023,2518,
13298,19,13,32,
13300,925,687,1612,
13303,1450,1048,2498,
13304,1209,913,2122,
13307,1065,851,1916,
13308,1302,1007,2309,
13309,445,354,799,
13311,392,288,680,
13314,1528,1139,2667,
13315,21,9,30,
13318,322,287,609,
13321,315,208,523,
13322,823,586,1409,
13324,1182,877,2059,
13325,1211,940,2151,
13326,239,194,433,
13327,333,289,622,
13329,979,751,1730,
13333,466,372,838,
13334,391,254,645,
13337,413,327,740,
13339,1890,1448,3338,
13340,1081,876,1957,
13341,34,23,57,
13342,539,434,973,
13345,843,610,1453,
13347,752,580,1332,
13348,852,689,1541,
13349,132,102,234,
13351,474,359,833,
13353,386,270,656,
13354,855,677,1532,
13355,780,602,1382,
13360,1221,985,2206,
13361,566,431,997,
13363,118,95,213,
13364,1246,938,2184,
13365,594,483,1077,
13366,1226,952,2178,
13367,1344,1042,2386,
13369,790,533,1323,
13371,1436,1104,2540,
13372,777,646,1423,
13375,166,119,285,
13376,109,89,198,
13379,1921,1446,3367,
13380,665,617,1282,
13381,1853,1483,3336,
13383,691,520,1211,
13384,212,160,372,
13385,20,7,27,
13386,588,441,1029,
13388,1009,772,1781,
13392,113,98,211,
13393,1847,1425,3272,
13394,1240,984,2224,
13395,1309,975,2284,
13397,1349,1043,2392,
13399,1127,923,2050,
13402,1270,988,2258,
13404,684,466,1150,
13405,1053,853,1906,
13406,1231,954,2185,
13408,28,27,55,
13409,402,279,681,
13411,1187,947,2134,
13414,198,157,355,
13415,271,204,475,
13418,218,198,416,
13422,384,304,688,
13423,429,342,771,
13425,193,127,320,
13426,691,520,1211,
13427,1254,1044,2298,
13429,837,672,1509,
13430,535,398,933,
13431,671,538,1209,
13433,1034,808,1842,
13434,397,310,707,
13435,1126,855,1981,
13436,1158,910,2068,
13437,98,73,171,
13440,283,173,456,
13444,221,180,401,
13446,107,71,178,
13447,1135,883,2018,
13451,315,241,556,
13452,180,129,309,
13454,804,657,1461,
13455,85,52,137,
13457,547,434,981,
13459,908,734,1642,
13460,485,372,857,
13462,1215,1059,2274,
13464,366,319,685,
13465,629,467,1096,
13466,984,684,1668,
13468,1306,1100,2406,
13469,174,138,312,
13471,1120,827,1947,
13474,998,791,1789,
13476,1349,1025,2374,
13478,1878,1459,3337,
