eventID,numReachedDown,numReachedUp,numPE,
0,208,161,369,
1,201,156,357,
2,241,161,402,
3,227,175,402,
4,219,171,390,
5,230,167,397,
6,180,164,344,
7,222,187,409,
8,192,189,381,
9,209,153,362,
10,12,11,23,
11,214,157,371,
12,203,165,368,
13,219,174,393,
14,212,140,352,
15,211,160,371,
16,149,105,254,
17,207,159,366,
18,196,169,365,
20,240,165,405,
21,244,187,431,
22,222,166,388,
23,194,192,386,
25,182,172,354,
26,23,24,47,
29,207,178,385,
30,224,169,393,
33,220,167,387,
34,209,174,383,
35,221,163,384,
37,129,129,258,
40,209,161,370,
41,222,156,378,
42,220,156,376,
43,190,148,338,
44,210,160,370,
45,200,166,366,
47,41,27,68,
48,219,170,389,
49,198,165,363,
50,235,168,403,
51,223,171,394,
52,214,150,364,
53,213,177,390,
54,247,173,420,
55,211,174,385,
56,200,156,356,
57,224,159,383,
59,18,27,45,
60,232,173,405,
61,214,147,361,
62,22,14,36,
64,189,185,374,
65,227,155,382,
66,208,156,364,
68,206,159,365,
69,202,173,375,
70,208,170,378,
71,230,162,392,
72,212,184,396,
73,205,190,395,
74,199,169,368,
75,216,158,374,
76,205,155,360,
77,181,155,336,
79,226,153,379,
83,203,175,378,
84,212,135,347,
85,27,20,47,
86,215,167,382,
87,193,137,330,
88,216,191,407,
89,45,26,71,
90,212,171,383,
91,220,166,386,
93,223,156,379,
94,199,138,337,
96,175,128,303,
97,19,5,24,
98,191,186,377,
99,215,142,357,
100,170,170,340,
102,220,158,378,
106,184,157,341,
109,212,165,377,
110,210,159,369,
111,198,186,384,
113,211,166,377,
114,216,140,356,
116,214,142,356,
117,214,155,369,
118,202,142,344,
120,234,162,396,
122,209,177,386,
123,41,19,60,
124,210,139,349,
126,230,169,399,
127,196,171,367,
129,222,179,401,
130,234,148,382,
132,225,159,384,
133,210,184,394,
135,224,176,400,
136,219,165,384,
137,209,165,374,
138,211,183,394,
140,216,141,357,
141,24,26,50,
142,184,162,346,
143,181,149,330,
145,209,154,363,
146,216,138,354,
148,204,135,339,
149,235,180,415,
150,181,191,372,
151,219,176,395,
152,218,169,387,
153,222,154,376,
154,209,144,353,
156,201,178,379,
157,215,151,366,
158,202,179,381,
160,220,174,394,
161,215,153,368,
162,228,149,377,
163,235,172,407,
165,215,175,390,
166,222,158,380,
167,209,159,368,
168,193,166,359,
169,215,170,385,
170,184,192,376,
171,216,165,381,
172,39,32,71,
173,204,123,327,
174,204,151,355,
176,229,147,376,
177,225,174,399,
178,210,150,360,
179,214,174,388,
180,229,179,408,
181,177,158,335,
182,211,152,363,
183,209,164,373,
184,203,146,349,
185,210,149,359,
186,206,159,365,
187,210,183,393,
188,199,178,377,
189,199,155,354,
190,222,167,389,
191,206,166,372,
192,179,156,335,
193,210,167,377,
194,194,160,354,
195,205,160,365,
197,182,166,348,
198,218,169,387,
199,196,156,352,
200,174,186,360,
201,212,153,365,
202,223,166,389,
204,208,167,375,
205,196,171,367,
206,217,181,398,
207,218,166,384,
208,187,150,337,
209,215,147,362,
211,40,39,79,
212,192,151,343,
213,206,170,376,
214,187,169,356,
215,211,168,379,
216,217,170,387,
218,179,172,351,
219,31,32,63,
220,203,161,364,
221,233,171,404,
222,225,173,398,
224,51,50,101,
225,199,154,353,
226,170,123,293,
228,214,165,379,
229,214,176,390,
230,237,177,414,
231,145,124,269,
232,201,147,348,
233,224,168,392,
235,189,172,361,
236,206,173,379,
237,207,149,356,
238,181,187,368,
240,205,177,382,
241,199,158,357,
242,232,162,394,
244,203,140,343,
245,193,166,359,
247,234,169,403,
250,213,179,392,
252,219,161,380,
254,173,122,295,
255,214,176,390,
256,22,14,36,
257,132,133,265,
258,222,183,405,
259,190,142,332,
260,216,172,388,
262,213,168,381,
263,200,173,373,
265,194,154,348,
266,193,164,357,
268,216,151,367,
269,188,118,306,
270,204,163,367,
271,187,177,364,
272,242,161,403,
273,195,190,385,
274,210,182,392,
275,227,158,385,
276,207,148,355,
277,198,155,353,
278,209,173,382,
280,207,168,375,
282,222,152,374,
283,238,135,373,
286,195,157,352,
288,193,161,354,
290,207,174,381,
291,206,151,357,
292,210,135,345,
293,201,170,371,
294,199,152,351,
295,208,152,360,
297,217,170,387,
298,201,169,370,
301,227,141,368,
303,189,146,335,
304,230,168,398,
305,215,181,396,
306,218,182,400,
307,237,175,412,
310,201,177,378,
311,28,16,44,
313,199,182,381,
314,189,145,334,
315,207,196,403,
317,188,190,378,
318,50,34,84,
320,214,157,371,
321,236,160,396,
322,216,169,385,
325,195,183,378,
326,209,182,391,
327,226,171,397,
328,203,158,361,
329,214,169,383,
330,215,154,369,
331,200,168,368,
333,155,149,304,
335,212,184,396,
337,230,150,380,
338,191,174,365,
339,200,154,354,
340,203,175,378,
341,191,164,355,
342,209,173,382,
343,190,156,346,
344,170,182,352,
346,227,149,376,
347,225,173,398,
348,218,162,380,
349,189,168,357,
350,163,171,334,
351,230,187,417,
352,220,171,391,
353,225,154,379,
356,215,157,372,
357,205,165,370,
358,173,138,311,
359,215,175,390,
360,187,164,351,
361,215,159,374,
362,176,164,340,
363,177,179,356,
364,175,187,362,
367,228,160,388,
368,204,154,358,
369,214,159,373,
371,197,160,357,
372,27,30,57,
375,208,177,385,
377,190,153,343,
379,228,162,390,
380,210,167,377,
381,190,171,361,
383,186,162,348,
384,193,146,339,
385,224,154,378,
386,204,194,398,
387,208,177,385,
388,32,20,52,
389,216,169,385,
390,218,163,381,
391,207,180,387,
394,171,161,332,
395,205,152,357,
397,215,165,380,
398,189,182,371,
399,191,179,370,
400,195,162,357,
401,204,163,367,
402,183,165,348,
403,206,177,383,
404,203,143,346,
405,203,160,363,
406,148,114,262,
407,38,30,68,
408,220,147,367,
409,44,19,63,
411,198,180,378,
412,234,180,414,
413,234,181,415,
414,223,175,398,
416,211,164,375,
417,112,93,205,
418,226,187,413,
419,186,189,375,
420,194,186,380,
421,189,181,370,
422,243,137,380,
424,221,164,385,
425,210,153,363,
427,223,164,387,
428,197,162,359,
429,203,160,363,
430,203,149,352,
431,220,170,390,
432,222,144,366,
436,191,175,366,
437,184,169,353,
438,9,13,22,
439,225,156,381,
440,212,168,380,
441,223,193,416,
442,213,154,367,
446,220,160,380,
447,210,161,371,
448,209,167,376,
449,188,162,350,
450,215,171,386,
452,180,164,344,
454,204,163,367,
457,34,32,66,
458,195,146,341,
460,209,151,360,
462,222,192,414,
463,221,167,388,
465,211,171,382,
467,196,178,374,
468,215,167,382,
470,202,175,377,
473,165,114,279,
476,194,150,344,
477,188,190,378,
478,226,190,416,
479,210,177,387,
480,187,146,333,
481,207,144,351,
482,185,169,354,
484,211,166,377,
485,217,163,380,
486,199,170,369,
488,177,185,362,
489,207,169,376,
490,213,162,375,
491,214,161,375,
492,218,161,379,
493,206,162,368,
495,199,165,364,
496,23,25,48,
497,192,173,365,
498,220,145,365,
499,215,141,356,
503,214,179,393,
507,229,144,373,
510,36,29,65,
513,189,145,334,
514,199,164,363,
515,195,187,382,
519,232,166,398,
521,185,171,356,
522,216,142,358,
523,202,179,381,
524,179,150,329,
525,228,137,365,
526,207,148,355,
527,187,158,345,
528,216,135,351,
529,216,171,387,
530,203,165,368,
532,201,182,383,
534,203,166,369,
535,209,189,398,
536,199,161,360,
537,206,178,384,
538,216,180,396,
539,218,153,371,
540,209,170,379,
541,196,164,360,
542,216,131,347,
545,217,183,400,
546,199,174,373,
547,216,150,366,
548,172,168,340,
549,212,171,383,
551,208,200,408,
552,216,165,381,
553,36,17,53,
554,225,170,395,
555,205,156,361,
556,200,163,363,
557,220,181,401,
558,215,180,395,
559,230,156,386,
560,222,169,391,
561,5,9,14,
562,221,174,395,
563,201,171,372,
564,231,165,396,
572,214,173,387,
573,229,146,375,
575,171,174,345,
576,33,28,61,
577,231,174,405,
579,212,193,405,
581,228,175,403,
583,206,172,378,
584,216,166,382,
586,213,180,393,
587,199,173,372,
589,221,164,385,
590,202,175,377,
591,186,173,359,
592,210,168,378,
593,207,149,356,
594,211,164,375,
596,204,166,370,
597,212,151,363,
598,188,161,349,
599,193,138,331,
600,187,155,342,
601,218,158,376,
602,195,166,361,
603,199,175,374,
605,210,185,395,
607,221,165,386,
608,207,179,386,
612,183,148,331,
613,205,195,400,
614,236,128,364,
615,167,144,311,
617,196,167,363,
618,217,159,376,
619,206,147,353,
620,207,161,368,
621,228,171,399,
622,199,147,346,
623,226,161,387,
624,227,161,388,
625,193,166,359,
626,239,192,431,
627,218,167,385,
628,198,192,390,
629,222,162,384,
630,230,168,398,
632,180,123,303,
633,216,162,378,
636,215,165,380,
637,210,165,375,
638,237,161,398,
639,191,151,342,
640,213,166,379,
641,184,175,359,
642,189,175,364,
643,188,159,347,
645,227,147,374,
646,179,111,290,
647,180,167,347,
648,205,162,367,
649,239,156,395,
650,225,171,396,
652,210,146,356,
654,218,162,380,
655,239,170,409,
656,215,152,367,
657,152,99,251,
659,217,159,376,
660,9,11,20,
661,184,174,358,
664,226,185,411,
666,221,143,364,
667,194,173,367,
670,218,147,365,
671,228,154,382,
672,207,179,386,
675,203,155,358,
676,202,158,360,
677,181,159,340,
679,221,156,377,
680,157,97,254,
681,198,149,347,
682,164,187,351,
683,188,172,360,
684,214,166,380,
686,191,163,354,
687,203,164,367,
689,212,179,391,
690,162,192,354,
691,212,168,380,
692,201,180,381,
693,236,158,394,
695,216,156,372,
696,212,172,384,
697,197,164,361,
698,198,163,361,
699,205,167,372,
700,194,167,361,
701,2,3,5,
702,222,182,404,
703,218,175,393,
709,205,165,370,
710,231,160,391,
711,195,148,343,
713,214,160,374,
714,178,118,296,
715,226,143,369,
719,213,161,374,
721,216,155,371,
722,216,162,378,
724,216,166,382,
725,238,153,391,
727,188,114,302,
728,188,165,353,
730,209,190,399,
731,255,157,412,
732,207,184,391,
733,43,35,78,
734,247,172,419,
735,198,143,341,
738,220,165,385,
739,224,118,342,
740,185,145,330,
741,217,152,369,
745,259,155,414,
746,207,168,375,
747,207,181,388,
749,182,162,344,
752,212,173,385,
754,227,172,399,
755,179,178,357,
757,210,155,365,
758,178,150,328,
759,244,118,362,
761,182,158,340,
762,190,171,361,
763,199,163,362,
764,234,195,429,
766,211,169,380,
767,212,169,381,
770,214,156,370,
771,208,179,387,
772,216,185,401,
773,227,177,404,
775,227,170,397,
776,190,198,388,
777,214,162,376,
778,205,164,369,
779,130,105,235,
781,220,158,378,
784,209,159,368,
785,202,140,342,
786,233,167,400,
787,220,168,388,
789,203,154,357,
791,210,175,385,
792,221,178,399,
793,207,180,387,
795,230,167,397,
796,225,174,399,
797,199,151,350,
798,202,161,363,
799,235,158,393,
800,218,162,380,
801,189,155,344,
802,196,169,365,
804,199,140,339,
805,185,154,339,
806,221,161,382,
809,23,15,38,
810,204,170,374,
813,226,147,373,
814,232,160,392,
815,214,177,391,
817,223,153,376,
819,246,155,401,
821,216,142,358,
823,192,173,365,
824,198,163,361,
826,208,154,362,
827,223,157,380,
829,221,160,381,
830,202,192,394,
831,223,172,395,
833,181,139,320,
834,245,165,410,
835,195,166,361,
836,208,166,374,
840,223,179,402,
841,207,158,365,
842,226,170,396,
843,198,186,384,
845,234,159,393,
846,205,153,358,
847,214,165,379,
848,208,146,354,
849,222,164,386,
851,46,31,77,
852,193,187,380,
855,189,174,363,
856,221,154,375,
858,215,156,371,
859,204,184,388,
860,208,185,393,
863,194,162,356,
864,220,178,398,
866,198,170,368,
867,209,161,370,
868,205,174,379,
871,196,170,366,
872,152,119,271,
873,164,120,284,
874,211,163,374,
877,211,158,369,
878,194,146,340,
879,207,154,361,
880,179,110,289,
882,221,185,406,
883,215,153,368,
885,229,151,380,
886,201,156,357,
887,207,160,367,
888,213,154,367,
889,203,153,356,
890,139,113,252,
891,232,145,377,
892,202,192,394,
893,201,171,372,
894,214,167,381,
896,189,162,351,
897,208,171,379,
898,222,155,377,
900,222,153,375,
903,202,162,364,
905,203,153,356,
906,209,161,370,
907,231,173,404,
908,197,182,379,
910,221,189,410,
911,223,169,392,
912,192,129,321,
913,217,156,373,
914,216,143,359,
915,1,1,2,
916,153,194,347,
917,211,154,365,
918,221,163,384,
919,199,161,360,
920,204,160,364,
921,212,172,384,
922,189,136,325,
923,227,191,418,
924,198,168,366,
925,213,163,376,
926,213,163,376,
927,203,154,357,
928,191,172,363,
929,210,163,373,
930,239,155,394,
931,147,161,308,
933,217,161,378,
935,227,165,392,
936,215,191,406,
938,176,168,344,
940,199,174,373,
941,197,175,372,
943,199,198,397,
944,197,145,342,
945,216,161,377,
946,215,173,388,
947,242,185,427,
948,190,162,352,
949,207,168,375,
950,216,160,376,
953,208,167,375,
954,211,169,380,
955,181,153,334,
957,179,154,333,
958,219,166,385,
959,216,161,377,
960,191,170,361,
961,29,26,55,
963,191,153,344,
966,189,151,340,
967,214,171,385,
969,227,156,383,
970,216,172,388,
971,214,150,364,
972,189,150,339,
973,208,138,346,
974,201,158,359,
976,200,147,347,
977,200,172,372,
979,196,171,367,
980,187,159,346,
981,210,192,402,
984,200,160,360,
985,189,184,373,
986,209,185,394,
987,191,156,347,
989,215,160,375,
990,232,168,400,
992,201,165,366,
994,215,158,373,
995,218,169,387,
996,230,140,370,
997,224,160,384,
999,220,152,372,
1000,215,165,380,
1001,198,155,353,
1002,170,181,351,
1003,233,154,387,
1004,32,28,60,
1005,23,22,45,
1006,201,146,347,
1007,236,158,394,
1009,31,28,59,
1010,219,141,360,
1011,208,163,371,
1012,191,158,349,
1013,34,38,72,
1014,213,172,385,
1017,192,173,365,
1018,181,173,354,
1020,240,155,395,
1022,220,138,358,
1023,205,144,349,
1026,9,8,17,
1027,209,165,374,
1028,217,165,382,
1029,201,173,374,
1030,238,157,395,
1031,199,159,358,
1033,230,148,378,
1034,209,156,365,
1035,199,158,357,
1037,199,151,350,
1038,233,165,398,
1039,231,195,426,
1040,227,155,382,
1042,226,153,379,
1043,211,147,358,
1044,207,161,368,
1045,184,165,349,
1046,201,160,361,
1049,213,165,378,
1050,184,151,335,
1051,234,157,391,
1052,215,156,371,
1053,228,160,388,
1055,227,170,397,
1057,136,140,276,
1058,188,151,339,
1059,219,144,363,
1060,212,178,390,
1061,49,34,83,
1062,233,162,395,
1063,214,159,373,
1065,229,164,393,
1067,246,179,425,
1069,214,169,383,
1070,205,171,376,
1071,233,164,397,
1072,185,210,395,
1073,182,179,361,
1074,218,176,394,
1076,197,169,366,
1077,242,143,385,
1078,226,194,420,
1079,233,181,414,
1081,192,141,333,
1082,218,162,380,
1083,175,162,337,
1084,218,123,341,
1085,225,152,377,
1086,236,161,397,
1087,208,167,375,
1088,20,23,43,
1089,235,155,390,
1090,211,172,383,
1091,205,134,339,
1092,40,28,68,
1093,214,178,392,
1096,48,36,84,
1097,220,172,392,
1099,204,170,374,
1100,222,152,374,
1103,153,113,266,
1104,233,154,387,
1105,186,185,371,
1106,248,172,420,
1107,238,162,400,
1108,186,122,308,
1110,208,167,375,
1111,221,152,373,
1112,192,147,339,
1113,219,168,387,
1114,231,160,391,
1115,207,166,373,
1116,237,165,402,
1117,209,184,393,
1120,211,147,358,
1121,161,111,272,
1124,207,170,377,
1125,203,161,364,
1126,213,181,394,
1127,207,164,371,
1129,222,158,380,
1130,212,157,369,
1131,202,148,350,
1132,225,165,390,
1133,221,165,386,
1134,176,166,342,
1138,186,159,345,
1141,203,172,375,
1142,212,165,377,
1144,220,153,373,
1145,191,162,353,
1146,206,171,377,
1147,192,172,364,
1148,205,156,361,
1149,218,182,400,
1151,202,175,377,
1152,186,158,344,
1153,237,168,405,
1154,211,176,387,
1158,220,151,371,
1160,222,163,385,
1161,209,157,366,
1162,216,170,386,
1163,202,171,373,
1164,228,155,383,
1165,202,187,389,
1166,226,179,405,
1167,200,166,366,
1168,200,170,370,
1169,213,161,374,
1171,223,165,388,
1172,204,191,395,
1173,216,163,379,
1174,204,152,356,
1175,163,103,266,
1176,222,177,399,
1179,193,177,370,
1180,219,160,379,
1183,202,187,389,
1185,210,193,403,
1186,210,178,388,
1187,259,174,433,
1188,219,155,374,
1190,232,157,389,
1191,235,148,383,
1192,218,174,392,
1194,210,146,356,
1195,200,153,353,
1196,236,174,410,
1197,190,146,336,
1198,217,174,391,
1199,199,144,343,
1200,189,147,336,
1203,212,179,391,
1206,221,154,375,
1207,230,187,417,
1208,210,157,367,
1210,186,164,350,
1211,203,163,366,
1214,169,168,337,
1217,234,154,388,
1218,227,145,372,
1221,27,29,56,
1222,200,175,375,
1224,218,161,379,
1226,202,189,391,
1227,219,173,392,
1228,36,44,80,
1229,202,168,370,
1231,24,21,45,
1232,245,150,395,
1233,226,167,393,
1234,201,156,357,
1235,203,166,369,
1236,190,168,358,
1237,205,149,354,
1238,173,154,327,
1239,210,161,371,
1240,215,188,403,
1241,215,168,383,
1242,232,168,400,
1243,225,184,409,
1244,238,165,403,
1245,199,149,348,
1246,210,156,366,
1248,208,136,344,
1249,207,166,373,
1250,208,166,374,
1251,223,156,379,
1252,224,174,398,
1253,200,188,388,
1254,216,150,366,
1255,205,163,368,
1257,228,158,386,
1258,222,161,383,
1259,189,167,356,
1260,224,148,372,
1262,231,184,415,
1263,216,161,377,
1264,24,17,41,
1265,221,172,393,
1267,190,173,363,
1268,186,191,377,
1269,227,173,400,
1271,212,172,384,
1272,218,187,405,
1273,208,177,385,
1274,194,178,372,
1276,220,150,370,
1278,215,177,392,
1279,202,172,374,
1280,222,190,412,
1281,200,168,368,
1283,189,161,350,
1285,244,156,400,
1286,215,131,346,
1288,209,155,364,
1289,153,123,276,
1290,218,184,402,
1291,192,176,368,
1292,205,173,378,
1293,207,146,353,
1294,195,156,351,
1295,179,154,333,
1296,194,140,334,
1298,211,177,388,
1299,216,167,383,
1300,221,164,385,
1301,208,170,378,
1302,177,151,328,
1303,231,187,418,
1305,216,176,392,
1306,203,180,383,
1307,180,169,349,
1309,211,155,366,
1310,195,161,356,
1312,185,169,354,
1314,203,154,357,
1317,208,151,359,
1321,200,155,355,
1322,215,155,370,
1323,211,172,383,
1324,236,167,403,
1325,139,119,258,
1326,210,154,364,
1327,183,162,345,
1329,226,171,397,
1330,208,187,395,
1331,208,138,346,
1332,221,193,414,
1333,202,168,370,
1335,235,160,395,
1336,201,157,358,
1338,200,138,338,
1339,181,175,356,
1340,229,165,394,
1342,230,184,414,
1343,220,164,384,
1344,191,177,368,
1347,241,173,414,
1349,216,165,381,
1351,205,173,378,
1352,182,176,358,
1353,210,153,363,
1354,220,154,374,
1356,215,199,414,
1358,237,188,425,
1359,202,184,386,
1360,206,175,381,
1361,200,168,368,
1362,223,155,378,
1363,232,158,390,
1364,190,189,379,
1365,213,163,376,
1366,216,142,358,
1367,16,10,26,
1369,215,167,382,
1370,130,98,228,
1371,12,13,25,
1372,179,136,315,
1373,233,186,419,
1374,198,153,351,
1376,237,165,402,
1377,193,164,357,
1378,213,155,368,
1379,225,191,416,
1380,176,170,346,
1381,201,157,358,
1384,208,165,373,
1387,197,162,359,
1389,235,171,406,
1390,219,166,385,
1391,223,166,389,
1392,202,162,364,
1393,179,139,318,
1394,156,130,286,
1396,184,144,328,
1397,193,186,379,
1398,210,179,389,
1399,195,152,347,
1400,198,171,369,
1404,211,157,368,
1405,217,148,365,
1406,12,10,22,
1410,204,163,367,
1411,206,161,367,
1412,214,154,368,
1413,200,172,372,
1415,191,191,382,
1417,226,142,368,
1418,207,172,379,
1419,204,178,382,
1421,195,141,336,
1422,172,171,343,
1423,7,6,13,
1424,190,187,377,
1425,196,167,363,
1426,198,194,392,
1427,202,166,368,
1428,189,157,346,
1429,224,166,390,
1430,189,145,334,
1431,232,173,405,
1432,235,165,400,
1433,207,209,416,
1434,214,167,381,
1435,171,144,315,
1436,200,172,372,
1438,203,166,369,
1440,192,161,353,
1441,11,14,25,
1443,177,135,312,
1444,211,156,367,
1445,190,155,345,
1446,197,173,370,
1447,212,164,376,
1451,220,169,389,
1453,198,150,348,
1454,214,197,411,
1455,222,180,402,
1456,211,165,376,
1457,214,162,376,
1458,214,152,366,
1459,9,21,30,
1460,205,182,387,
1462,221,168,389,
1464,209,171,380,
1466,183,169,352,
1467,223,154,377,
1469,227,169,396,
1470,210,209,419,
1471,39,29,68,
1472,209,154,363,
1473,229,174,403,
1475,220,166,386,
1476,126,103,229,
1478,230,159,389,
1479,217,167,384,
1480,203,188,391,
1481,219,159,378,
1483,242,162,404,
1484,170,140,310,
1485,208,186,394,
1487,180,166,346,
1488,203,142,345,
1489,204,143,347,
1490,206,168,374,
1492,207,181,388,
1493,211,167,378,
1495,193,177,370,
1496,185,143,328,
1498,199,185,384,
1499,207,168,375,
1500,218,191,409,
1501,205,177,382,
1502,201,177,378,
1503,213,159,372,
1504,206,178,384,
1505,203,177,380,
1506,216,171,387,
1507,205,158,363,
1508,210,156,366,
1509,192,163,355,
1511,200,197,397,
1512,168,106,274,
1513,190,166,356,
1514,175,160,335,
1518,204,160,364,
1519,136,135,271,
1520,218,151,369,
1522,208,165,373,
1523,222,173,395,
1524,224,169,393,
1525,222,148,370,
1527,259,162,421,
1529,222,163,385,
1530,186,163,349,
1531,210,144,354,
1532,203,144,347,
1533,217,170,387,
1534,226,164,390,
1538,219,170,389,
1539,196,156,352,
1540,194,173,367,
1543,213,191,404,
1544,209,175,384,
1545,8,15,23,
1548,149,89,238,
1549,216,164,380,
1550,204,159,363,
1552,192,159,351,
1553,209,188,397,
1555,208,153,361,
1556,210,160,370,
1557,227,155,382,
1558,163,116,279,
1560,216,154,370,
1561,221,140,361,
1563,223,175,398,
1566,194,175,369,
1567,231,181,412,
1568,198,181,379,
1569,201,155,356,
1570,203,159,362,
1571,196,185,381,
1572,215,178,393,
1573,204,148,352,
1574,226,152,378,
1576,191,164,355,
1577,227,161,388,
1578,215,163,378,
1579,225,173,398,
1580,185,128,313,
1581,208,148,356,
1582,223,175,398,
1584,213,152,365,
1585,130,100,230,
1586,208,172,380,
1587,197,140,337,
1588,217,170,387,
1590,214,188,402,
1592,228,153,381,
1594,215,170,385,
1595,225,168,393,
1597,212,155,367,
1598,212,163,375,
1599,218,175,393,
1602,210,171,381,
1603,184,167,351,
1604,210,166,376,
1607,191,150,341,
1608,190,173,363,
1609,260,150,410,
1610,117,121,238,
1611,210,165,375,
1613,215,155,370,
1614,190,149,339,
1615,218,151,369,
1616,198,159,357,
1618,221,169,390,
1620,220,148,368,
1622,220,160,380,
1624,237,161,398,
1625,235,144,379,
1626,230,178,408,
1627,189,180,369,
1629,225,164,389,
1630,209,158,367,
1631,238,186,424,
1633,198,152,350,
1634,221,165,386,
1635,206,173,379,
1636,7,6,13,
1637,207,178,385,
1638,210,167,377,
1639,229,157,386,
1640,220,165,385,
1641,245,166,411,
1644,200,162,362,
1645,208,174,382,
1646,213,179,392,
1647,224,153,377,
1648,220,139,359,
1649,218,165,383,
1650,209,178,387,
1651,209,167,376,
1652,196,145,341,
1653,189,179,368,
1654,202,177,379,
1658,33,27,60,
1660,198,165,363,
1661,207,200,407,
1662,192,168,360,
1663,239,150,389,
1664,223,146,369,
1666,225,176,401,
1667,28,32,60,
1669,168,175,343,
1670,182,129,311,
1671,224,152,376,
1672,39,19,58,
1674,215,166,381,
1675,201,185,386,
1677,221,172,393,
1678,206,159,365,
1679,219,164,383,
1680,218,157,375,
1682,38,19,57,
1683,39,25,64,
1685,213,160,373,
1686,209,163,372,
1687,195,175,370,
1688,182,151,333,
1690,221,186,407,
1691,15,17,32,
1692,186,153,339,
1693,203,152,355,
1694,30,25,55,
1695,216,185,401,
1697,248,169,417,
1699,197,161,358,
1700,172,176,348,
1701,210,180,390,
1702,195,168,363,
1703,208,179,387,
1704,199,163,362,
1705,242,161,403,
1706,213,180,393,
1707,219,170,389,
1708,237,169,406,
1709,189,167,356,
1710,190,165,355,
1712,209,178,387,
1716,233,166,399,
1717,202,158,360,
1721,211,155,366,
1722,203,173,376,
1723,209,143,352,
1724,228,142,370,
1725,171,126,297,
1729,211,168,379,
1730,212,175,387,
1731,5,1,6,
1734,203,137,340,
1735,210,178,388,
1738,128,111,239,
1739,231,174,405,
1740,191,161,352,
1741,209,155,364,
1743,212,176,388,
1745,221,153,374,
1746,228,167,395,
1747,193,160,353,
1749,36,39,75,
1751,207,148,355,
1754,196,163,359,
1755,196,163,359,
1756,226,152,378,
1757,15,19,34,
1758,204,178,382,
1759,203,170,373,
1760,139,118,257,
1761,209,151,360,
1762,197,153,350,
1763,180,178,358,
1764,240,134,374,
1765,216,153,369,
1767,190,171,361,
1768,163,144,307,
1769,204,154,358,
1770,208,184,392,
1771,196,157,353,
1773,197,167,364,
1775,191,157,348,
1776,16,11,27,
1777,213,195,408,
1778,181,173,354,
1779,223,168,391,
1780,215,166,381,
1781,142,106,248,
1782,242,187,429,
1785,203,173,376,
1786,181,158,339,
1787,217,154,371,
1788,209,164,373,
1789,206,152,358,
1790,204,163,367,
1791,251,172,423,
1792,179,151,330,
1793,219,156,375,
1794,197,171,368,
1795,224,179,403,
1796,191,171,362,
1797,190,159,349,
1798,204,188,392,
1799,221,137,358,
1800,218,178,396,
1801,213,181,394,
1802,243,166,409,
1803,205,175,380,
1804,201,147,348,
1806,233,149,382,
1808,203,156,359,
1809,222,185,407,
1810,223,170,393,
1811,198,165,363,
1812,199,166,365,
1813,216,151,367,
1814,211,164,375,
1815,217,173,390,
1816,213,158,371,
1818,204,146,350,
1819,212,163,375,
1821,55,36,91,
1822,219,159,378,
1823,215,163,378,
1824,195,139,334,
1826,197,150,347,
1827,226,165,391,
1828,200,162,362,
1829,210,178,388,
1830,243,160,403,
1831,221,161,382,
1832,224,171,395,
1833,209,178,387,
1834,210,136,346,
1836,216,171,387,
1837,233,140,373,
1838,203,162,365,
1839,216,151,367,
1840,235,177,412,
1842,224,165,389,
1843,186,143,329,
1844,202,162,364,
1845,198,173,371,
1846,46,24,70,
1847,238,169,407,
1849,197,170,367,
1850,174,135,309,
1851,203,175,378,
1852,205,162,367,
1853,161,115,276,
1854,180,155,335,
1855,211,166,377,
1858,192,164,356,
1859,238,182,420,
1862,39,23,62,
1863,219,165,384,
1866,210,151,361,
1867,217,154,371,
1868,205,163,368,
1869,214,166,380,
1871,200,164,364,
1872,210,146,356,
1874,23,25,48,
1875,237,146,383,
1877,205,159,364,
1879,238,170,408,
1880,199,158,357,
1881,206,157,363,
1882,213,166,379,
1883,218,171,389,
1884,195,189,384,
1885,209,155,364,
1889,29,32,61,
1890,243,140,383,
1891,223,149,372,
1894,180,155,335,
1898,191,177,368,
1901,230,177,407,
1902,225,173,398,
1903,221,183,404,
1904,224,139,363,
1905,202,184,386,
1906,223,163,386,
1907,199,166,365,
1908,22,17,39,
1909,197,149,346,
1911,194,167,361,
1912,216,156,372,
1913,217,157,374,
1914,210,157,367,
1915,195,166,361,
1917,215,148,363,
1918,219,164,383,
1921,235,174,409,
1922,207,185,392,
1923,202,163,365,
1924,166,174,340,
1925,171,135,306,
1926,222,192,414,
1929,217,161,378,
1931,214,173,387,
1932,204,132,336,
1933,205,153,358,
1934,21,19,40,
1935,41,28,69,
1936,196,156,352,
1937,212,152,364,
1940,175,141,316,
1942,206,189,395,
1943,202,177,379,
1944,200,160,360,
1945,231,168,399,
1946,172,154,326,
1947,202,173,375,
1948,202,152,354,
1949,215,158,373,
1950,209,157,366,
1951,214,155,369,
1952,46,48,94,
1953,195,179,374,
1954,162,110,272,
1955,221,181,402,
1956,207,162,369,
1957,229,165,394,
1958,209,155,364,
1959,220,170,390,
1960,206,164,370,
1961,194,152,346,
1962,196,168,364,
1963,159,173,332,
1964,227,164,391,
1965,237,169,406,
1966,215,140,355,
1968,217,170,387,
1970,199,181,380,
1972,203,151,354,
1973,201,165,366,
1974,241,179,420,
1977,189,164,353,
1978,202,189,391,
1979,211,173,384,
1980,196,173,369,
1982,228,163,391,
1983,187,154,341,
1984,195,179,374,
1985,232,166,398,
1987,198,163,361,
1988,223,172,395,
1989,239,144,383,
1990,185,167,352,
1991,210,166,376,
1993,223,180,403,
1995,206,156,362,
1996,157,133,290,
1998,189,157,346,
1999,195,152,347,
2000,208,168,376,
2001,198,162,360,
2002,237,133,370,
2004,190,151,341,
2005,215,167,382,
2007,184,194,378,
2009,182,192,374,
2010,216,161,377,
2011,205,164,369,
2012,207,135,342,
2014,231,172,403,
2015,194,155,349,
2016,205,179,384,
2017,191,148,339,
2018,206,158,364,
2019,208,136,344,
2021,220,194,414,
2022,214,149,363,
2023,217,169,386,
2024,140,97,237,
2025,225,177,402,
2026,183,166,349,
2028,196,167,363,
2029,211,143,354,
2030,214,171,385,
2032,186,149,335,
2033,219,205,424,
2035,239,173,412,
2038,220,148,368,
2041,236,140,376,
2042,230,137,367,
2043,184,172,356,
2044,31,31,62,
2045,217,173,390,
2046,212,147,359,
2049,24,15,39,
2050,203,164,367,
2051,207,170,377,
2053,191,187,378,
2054,216,157,373,
2055,207,151,358,
2056,207,166,373,
2057,198,182,380,
2058,213,174,387,
2061,224,196,420,
2063,225,159,384,
2064,210,180,390,
2066,33,18,51,
2068,213,165,378,
2069,236,160,396,
2071,208,144,352,
2072,223,172,395,
2073,47,37,84,
2074,32,18,50,
2076,213,172,385,
2079,209,161,370,
2080,1,2,3,
2081,216,179,395,
2084,210,171,381,
2086,186,161,347,
2087,232,163,395,
2089,33,28,61,
2090,228,161,389,
2092,188,180,368,
2094,213,172,385,
2095,207,150,357,
2096,210,144,354,
2097,211,177,388,
2098,194,176,370,
2099,190,147,337,
2100,169,161,330,
2101,26,30,56,
2102,224,186,410,
2103,215,166,381,
2104,215,169,384,
2105,23,21,44,
2106,198,165,363,
2107,234,179,413,
2108,192,157,349,
2109,198,163,361,
2110,195,167,362,
2111,187,169,356,
2113,196,152,348,
2114,210,168,378,
2115,170,138,308,
2117,234,144,378,
2118,196,162,358,
2119,200,144,344,
2120,209,154,363,
2121,217,157,374,
2122,249,164,413,
2123,190,167,357,
2124,214,143,357,
2125,198,161,359,
2126,213,170,383,
2127,206,170,376,
2128,214,160,374,
2129,178,132,310,
2130,213,150,363,
2131,221,168,389,
2132,161,160,321,
2133,217,154,371,
2134,166,204,370,
2135,214,165,379,
2136,190,144,334,
2138,193,148,341,
2139,175,113,288,
2140,174,150,324,
2141,222,158,380,
2142,216,165,381,
2143,218,171,389,
2144,213,156,369,
2145,197,129,326,
2146,215,162,377,
2147,192,169,361,
2148,214,141,355,
2149,193,179,372,
2150,164,127,291,
2151,220,186,406,
2152,240,175,415,
2153,242,173,415,
2154,216,171,387,
2155,204,155,359,
2157,186,166,352,
2158,215,170,385,
2159,208,178,386,
2160,232,183,415,
2162,203,171,374,
2165,209,158,367,
2166,219,169,388,
2167,214,161,375,
2168,207,182,389,
2171,228,145,373,
2173,222,155,377,
2174,229,163,392,
2175,168,181,349,
2177,208,182,390,
2178,191,163,354,
2179,199,174,373,
2180,230,165,395,
2182,228,175,403,
2184,226,166,392,
2185,224,146,370,
2186,195,173,368,
2187,214,147,361,
2188,36,24,60,
2189,196,172,368,
2190,225,149,374,
2193,216,159,375,
2194,232,162,394,
2195,213,148,361,
2196,145,139,284,
2197,205,187,392,
2199,186,151,337,
2200,198,165,363,
2201,189,164,353,
2202,192,153,345,
2203,206,176,382,
2204,44,46,90,
2205,208,153,361,
2206,190,161,351,
2207,211,166,377,
2208,219,158,377,
2209,197,181,378,
2210,173,165,338,
2212,204,172,376,
2213,203,164,367,
2214,222,160,382,
2215,226,145,371,
2216,212,167,379,
2218,212,162,374,
2219,194,166,360,
2220,201,185,386,
2221,223,139,362,
2222,210,165,375,
2223,206,157,363,
2224,218,162,380,
2225,176,151,327,
2226,187,138,325,
2227,203,162,365,
2228,195,181,376,
2229,208,166,374,
2230,217,169,386,
2231,211,162,373,
2232,217,178,395,
2233,196,159,355,
2234,197,175,372,
2238,191,149,340,
2239,228,161,389,
2240,199,159,358,
2241,195,170,365,
2242,219,171,390,
2243,206,173,379,
2245,243,176,419,
2248,198,174,372,
2249,221,178,399,
2251,223,174,397,
2252,208,166,374,
2253,14,3,17,
2254,205,167,372,
2255,211,171,382,
2256,217,160,377,
2258,208,169,377,
2259,222,164,386,
2260,221,183,404,
2261,220,154,374,
2262,209,169,378,
2263,206,164,370,
2264,205,180,385,
2266,203,163,366,
2267,233,156,389,
2269,34,23,57,
2272,201,165,366,
2274,212,147,359,
2275,216,146,362,
2279,209,151,360,
2280,214,174,388,
2281,197,158,355,
2283,203,186,389,
2284,189,157,346,
2285,18,14,32,
2286,215,148,363,
2287,213,147,360,
2289,210,158,368,
2290,7,14,21,
2291,25,34,59,
2292,176,144,320,
2293,207,170,377,
2294,195,165,360,
2295,235,186,421,
2296,221,152,373,
2297,224,176,400,
2298,224,166,390,
2299,234,175,409,
2300,219,145,364,
2302,209,153,362,
2303,214,145,359,
2305,221,200,421,
2306,207,171,378,
2307,245,152,397,
2308,198,156,354,
2309,200,164,364,
2310,201,178,379,
2311,219,164,383,
2312,229,146,375,
2313,225,171,396,
2314,35,33,68,
2315,213,146,359,
2318,219,160,379,
2319,198,159,357,
2320,224,175,399,
2322,235,172,407,
2323,228,167,395,
2324,162,124,286,
2325,200,189,389,
2327,195,179,374,
2328,205,148,353,
2329,205,178,383,
2330,221,190,411,
2331,213,173,386,
2332,190,183,373,
2334,212,157,369,
2335,25,22,47,
2336,241,150,391,
2337,215,196,411,
2338,212,150,362,
2339,193,156,349,
2340,9,3,12,
2341,231,175,406,
2342,14,8,22,
2343,200,155,355,
2344,193,180,373,
2345,237,160,397,
2346,223,162,385,
2347,223,158,381,
2348,192,167,359,
2349,192,176,368,
2350,217,161,378,
2352,204,156,360,
2353,212,162,374,
2354,211,165,376,
2355,225,155,380,
2356,236,183,419,
2357,213,166,379,
2359,217,174,391,
2360,134,111,245,
2361,21,18,39,
2362,188,157,345,
2363,191,162,353,
2364,228,152,380,
2367,210,159,369,
2368,190,144,334,
2369,203,150,353,
2370,213,168,381,
2371,212,147,359,
2372,187,164,351,
2373,191,153,344,
2374,207,170,377,
2376,211,192,403,
2377,194,171,365,
2378,221,138,359,
2379,201,190,391,
2381,212,179,391,
2382,47,35,82,
2383,241,177,418,
2384,200,138,338,
2385,217,183,400,
2386,40,26,66,
2388,205,155,360,
2389,185,160,345,
2390,220,171,391,
2391,235,151,386,
2392,203,158,361,
2393,187,177,364,
2394,249,164,413,
2395,204,180,384,
2396,191,140,331,
2397,195,169,364,
2398,205,148,353,
2399,197,161,358,
2400,211,169,380,
2401,196,176,372,
2402,182,150,332,
2406,214,182,396,
2407,198,150,348,
2409,5,8,13,
2411,34,26,60,
2412,241,151,392,
2414,230,158,388,
2415,151,179,330,
2416,221,147,368,
2418,230,155,385,
2419,224,161,385,
2420,244,164,408,
2421,209,174,383,
2422,196,173,369,
2423,231,165,396,
2424,236,166,402,
2425,178,167,345,
2426,212,144,356,
2427,209,161,370,
2428,228,174,402,
2429,215,152,367,
2430,190,126,316,
2431,208,153,361,
2432,222,165,387,
2433,212,172,384,
2434,201,163,364,
2436,233,172,405,
2437,197,149,346,
2438,210,160,370,
2439,228,168,396,
2440,232,175,407,
2441,196,170,366,
2443,199,157,356,
2444,212,164,376,
2445,221,151,372,
2446,218,150,368,
2447,206,165,371,
2448,228,156,384,
2449,33,36,69,
2450,199,153,352,
2451,221,161,382,
2452,192,148,340,
2454,160,112,272,
2456,195,160,355,
2457,186,171,357,
2460,213,167,380,
2462,194,144,338,
2463,208,180,388,
2465,211,173,384,
2466,227,157,384,
2467,227,149,376,
2468,210,160,370,
2469,210,163,373,
2471,206,158,364,
2473,210,164,374,
2474,220,167,387,
2475,195,167,362,
2476,213,171,384,
2477,235,156,391,
2478,208,173,381,
2479,222,167,389,
2480,220,178,398,
2482,203,173,376,
2484,214,132,346,
2485,198,188,386,
2486,235,166,401,
2488,200,164,364,
2489,206,167,373,
2490,24,20,44,
2491,193,165,358,
2492,219,143,362,
2493,217,161,378,
2494,252,155,407,
2498,230,175,405,
2499,60,49,109,
2501,202,155,357,
2503,219,148,367,
2504,181,158,339,
2505,219,133,352,
2506,26,24,50,
2508,197,160,357,
2509,220,165,385,
2510,198,154,352,
2511,200,156,356,
2512,184,162,346,
2513,200,162,362,
2514,216,162,378,
2515,195,155,350,
2516,230,145,375,
2517,209,192,401,
2518,223,151,374,
2519,202,161,363,
2520,192,177,369,
2521,232,136,368,
2522,211,163,374,
2523,230,146,376,
2526,207,159,366,
2527,222,182,404,
2528,197,148,345,
2530,187,162,349,
2531,216,185,401,
2532,221,175,396,
2533,228,158,386,
2534,191,130,321,
2535,218,183,401,
2536,239,165,404,
2537,214,164,378,
2538,224,174,398,
2539,139,116,255,
2540,215,158,373,
2541,21,21,42,
2543,208,169,377,
2544,196,143,339,
2545,217,149,366,
2546,226,153,379,
2547,254,152,406,
2548,229,165,394,
2549,194,183,377,
2550,200,190,390,
2551,214,150,364,
2552,192,137,329,
2553,22,18,40,
2554,209,164,373,
2555,232,186,418,
2557,192,152,344,
2558,233,182,415,
2562,191,169,360,
2564,225,162,387,
2565,225,155,380,
2566,208,189,397,
2567,201,191,392,
2568,205,180,385,
2569,210,185,395,
2570,206,170,376,
2571,226,152,378,
2572,24,12,36,
2574,171,149,320,
2575,244,173,417,
2576,225,133,358,
2577,194,182,376,
2578,217,170,387,
2579,215,168,383,
2580,234,172,406,
2581,211,169,380,
2582,213,144,357,
2583,205,176,381,
2587,176,164,340,
2588,217,176,393,
2589,213,165,378,
2593,215,168,383,
2595,210,164,374,
2596,21,6,27,
2597,221,162,383,
2598,195,186,381,
2600,213,175,388,
2601,203,154,357,
2606,196,160,356,
2607,36,19,55,
2608,204,159,363,
2609,216,162,378,
2610,205,151,356,
2611,201,165,366,
2612,184,137,321,
2613,187,183,370,
2615,188,153,341,
2616,224,194,418,
2620,226,153,379,
2621,218,159,377,
2623,205,156,361,
2625,221,196,417,
2626,189,183,372,
2627,230,173,403,
2628,214,167,381,
2630,223,165,388,
2632,226,144,370,
2633,183,154,337,
2635,230,174,404,
2636,200,152,352,
2637,195,174,369,
2639,238,174,412,
2640,213,135,348,
2641,206,183,389,
2642,214,162,376,
2643,216,158,374,
2644,238,173,411,
2645,192,134,326,
2646,18,20,38,
2649,30,17,47,
2650,222,156,378,
2651,165,114,279,
2652,207,159,366,
2653,201,166,367,
2654,233,161,394,
2655,209,141,350,
2657,204,196,400,
2658,204,156,360,
2660,204,161,365,
2661,210,170,380,
2662,198,165,363,
2663,220,174,394,
2665,210,151,361,
2666,223,181,404,
2667,196,138,334,
2669,234,140,374,
2670,243,172,415,
2673,224,160,384,
2674,216,180,396,
2676,200,167,367,
2677,237,171,408,
2678,25,16,41,
2682,224,183,407,
2683,230,187,417,
2685,27,30,57,
2686,222,178,400,
2687,222,158,380,
2689,229,159,388,
2690,216,157,373,
2691,41,45,86,
2692,196,174,370,
2693,216,187,403,
2694,195,160,355,
2697,222,146,368,
2698,197,151,348,
2699,190,166,356,
2700,181,127,308,
2701,206,159,365,
2702,220,144,364,
2703,219,148,367,
2704,203,182,385,
2705,203,170,373,
2706,237,163,400,
2708,229,165,394,
2709,194,172,366,
2711,210,159,369,
2713,22,19,41,
2714,198,168,366,
2715,193,165,358,
2716,221,150,371,
2717,208,162,370,
2718,146,104,250,
2719,29,19,48,
2720,222,172,394,
2721,206,165,371,
2723,189,188,377,
2724,189,173,362,
2726,203,145,348,
2728,200,141,341,
2729,44,21,65,
2731,186,165,351,
2732,211,181,392,
2733,221,169,390,
2734,189,171,360,
2735,242,137,379,
2737,186,156,342,
2738,199,161,360,
2739,178,186,364,
2740,197,169,366,
2741,200,181,381,
2742,202,181,383,
2743,207,169,376,
2744,218,156,374,
2745,164,186,350,
2747,194,171,365,
2749,215,174,389,
2750,215,159,374,
2751,212,151,363,
2752,212,160,372,
2754,207,147,354,
2755,189,153,342,
2757,194,188,382,
2758,213,184,397,
2760,195,179,374,
2762,190,174,364,
2763,208,160,368,
2764,203,190,393,
2766,228,147,375,
2767,193,157,350,
2768,224,173,397,
2769,180,151,331,
2770,194,164,358,
2772,239,175,414,
2773,27,29,56,
2775,34,19,53,
2776,206,174,380,
2777,218,170,388,
2778,209,147,356,
2779,199,181,380,
2780,200,143,343,
2781,210,149,359,
2783,222,177,399,
2784,210,174,384,
2786,139,138,277,
2789,217,165,382,
2790,209,165,374,
2791,151,111,262,
2792,221,178,399,
2794,198,166,364,
2795,196,151,347,
2796,215,171,386,
2797,235,150,385,
2798,194,157,351,
2799,190,177,367,
2801,208,174,382,
2802,217,171,388,
2803,172,132,304,
2804,210,152,362,
2806,176,161,337,
2807,216,167,383,
2808,213,158,371,
2809,211,153,364,
2810,206,153,359,
2811,182,173,355,
2813,186,165,351,
2814,202,167,369,
2815,206,166,372,
2816,201,170,371,
2817,228,136,364,
2818,190,175,365,
2819,221,189,410,
2821,13,8,21,
2823,198,168,366,
2824,208,168,376,
2825,228,149,377,
2826,218,167,385,
2827,230,159,389,
2828,220,155,375,
2829,204,162,366,
2831,226,144,370,
2832,29,15,44,
2833,190,157,347,
2834,203,138,341,
2835,205,155,360,
2836,197,146,343,
2837,192,138,330,
2839,223,146,369,
2840,193,151,344,
2842,215,176,391,
2843,193,184,377,
2844,211,166,377,
2845,183,170,353,
2846,200,145,345,
2848,191,164,355,
2850,188,173,361,
2852,224,184,408,
2853,182,159,341,
2854,210,163,373,
2856,218,154,372,
2858,216,189,405,
2859,207,156,363,
2860,222,183,405,
2861,196,176,372,
2862,228,196,424,
2864,204,169,373,
2865,199,153,352,
2866,197,167,364,
2868,218,174,392,
2869,235,176,411,
2870,217,164,381,
2871,222,125,347,
2872,202,185,387,
2874,202,170,372,
2875,246,167,413,
2876,230,169,399,
2877,176,165,341,
2878,218,162,380,
2879,193,131,324,
2880,4,2,6,
2881,224,151,375,
2882,214,166,380,
2883,197,162,359,
2884,210,186,396,
2885,235,178,413,
2886,189,167,356,
2887,222,152,374,
2890,208,162,370,
2891,196,159,355,
2892,217,140,357,
2893,188,166,354,
2895,187,168,355,
2896,229,139,368,
2897,36,21,57,
2899,15,16,31,
2901,210,181,391,
2902,194,160,354,
2904,187,163,350,
2905,190,132,322,
2907,226,194,420,
2908,209,158,367,
2909,210,170,380,
2911,216,172,388,
2913,214,156,370,
2914,217,164,381,
2915,217,183,400,
2916,182,155,337,
2918,127,117,244,
2919,8,3,11,
2920,235,182,417,
2922,12,4,16,
2924,203,149,352,
2925,191,154,345,
2926,218,167,385,
2928,229,157,386,
2930,215,187,402,
2931,209,148,357,
2932,237,145,382,
2933,213,189,402,
2934,186,200,386,
2935,216,173,389,
2936,201,177,378,
2937,214,157,371,
2938,188,174,362,
2939,195,167,362,
2941,212,160,372,
2943,201,174,375,
2944,191,171,362,
2945,214,161,375,
2946,227,144,371,
2949,228,145,373,
2951,232,156,388,
2952,51,37,88,
2953,213,149,362,
2954,199,154,353,
2955,187,171,358,
2957,218,183,401,
2958,211,166,377,
2959,233,178,411,
2960,215,175,390,
2961,192,180,372,
2962,206,186,392,
2963,203,168,371,
2964,201,165,366,
2965,201,142,343,
2966,216,167,383,
2967,213,151,364,
2968,213,169,382,
2970,203,172,375,
2972,197,146,343,
2973,219,162,381,
2975,228,186,414,
2976,250,168,418,
2977,210,164,374,
2978,199,147,346,
2980,205,193,398,
2982,244,166,410,
2983,177,119,296,
2985,202,142,344,
2987,231,163,394,
2989,204,169,373,
2990,196,158,354,
2991,202,165,367,
2992,197,179,376,
2994,185,173,358,
2995,213,158,371,
2996,189,156,345,
2997,183,165,348,
2999,190,157,347,
3000,225,162,387,
3001,200,176,376,
3002,222,172,394,
3003,233,163,396,
3004,52,47,99,
3006,195,153,348,
3007,232,162,394,
3008,216,139,355,
3011,198,173,371,
3012,207,181,388,
3014,222,141,363,
3015,185,159,344,
3017,198,164,362,
3018,236,156,392,
3019,222,184,406,
3020,197,179,376,
3021,187,145,332,
3022,209,155,364,
3023,238,161,399,
3024,185,159,344,
3027,195,187,382,
3028,194,185,379,
3029,218,172,390,
3030,228,178,406,
3031,45,24,69,
3032,205,158,363,
3034,217,145,362,
3035,183,166,349,
3036,188,167,355,
3038,215,153,368,
3039,207,163,370,
3040,212,156,368,
3041,197,162,359,
3042,178,180,358,
3043,193,164,357,
3044,198,165,363,
3045,193,175,368,
3046,225,153,378,
3047,222,167,389,
3048,199,157,356,
3050,221,168,389,
3051,204,167,371,
3052,219,173,392,
3054,220,152,372,
3055,220,173,393,
3056,197,143,340,
3057,192,161,353,
3058,229,153,382,
3059,37,30,67,
3060,205,182,387,
3061,218,167,385,
3064,212,183,395,
3065,220,160,380,
3066,189,142,331,
3068,207,161,368,
3071,224,151,375,
3072,209,182,391,
3073,195,169,364,
3074,33,27,60,
3077,204,148,352,
3079,211,166,377,
3080,227,159,386,
3082,229,169,398,
3083,201,151,352,
3084,201,162,363,
3085,205,155,360,
3086,205,184,389,
3087,220,155,375,
3089,6,5,11,
3090,214,154,368,
3091,194,189,383,
3093,169,180,349,
3094,223,139,362,
3095,205,164,369,
3096,194,175,369,
3097,230,165,395,
3098,218,167,385,
3100,194,176,370,
3101,225,174,399,
3102,183,161,344,
3103,248,158,406,
3104,158,145,303,
3105,208,182,390,
3106,207,146,353,
3108,212,167,379,
3109,196,163,359,
3111,187,197,384,
3113,223,155,378,
3114,223,158,381,
3115,230,193,423,
3117,214,156,370,
3118,212,145,357,
3119,201,154,355,
3120,194,148,342,
3121,208,167,375,
3122,202,182,384,
3125,208,160,368,
3126,192,155,347,
3127,160,115,275,
3130,215,189,404,
3131,218,179,397,
3134,186,148,334,
3135,214,155,369,
3136,210,172,382,
3137,210,169,379,
3138,199,161,360,
3139,209,147,356,
3140,230,153,383,
3141,180,156,336,
3142,216,179,395,
3143,216,159,375,
3144,218,167,385,
3145,209,154,363,
3146,22,15,37,
3147,190,194,384,
3149,197,158,355,
3150,235,164,399,
3151,203,165,368,
3153,189,184,373,
3154,207,135,342,
3155,216,166,382,
3156,215,156,371,
3157,169,171,340,
3158,185,168,353,
3159,193,165,358,
3160,214,164,378,
3161,206,175,381,
3162,218,167,385,
3164,161,111,272,
3165,209,156,365,
3166,202,163,365,
3168,26,30,56,
3169,204,175,379,
3170,215,154,369,
3171,226,171,397,
3173,217,159,376,
3175,209,162,371,
3176,209,184,393,
3177,232,146,378,
3178,212,159,371,
3179,222,179,401,
3180,230,135,365,
3181,231,167,398,
3182,217,164,381,
3183,19,20,39,
3184,225,147,372,
3185,204,188,392,
3186,199,172,371,
3187,211,163,374,
3188,224,160,384,
3189,219,163,382,
3190,197,169,366,
3194,221,167,388,
3195,206,177,383,
3196,206,174,380,
3198,189,153,342,
3199,235,183,418,
3200,175,160,335,
3202,199,173,372,
3203,234,175,409,
3204,206,163,369,
3205,193,184,377,
3206,204,188,392,
3207,230,161,391,
3208,237,151,388,
3209,206,160,366,
3210,24,22,46,
3211,166,128,294,
3212,246,168,414,
3213,230,168,398,
3214,194,179,373,
3215,175,146,321,
3218,201,179,380,
3219,184,184,368,
3220,190,169,359,
3223,209,186,395,
3224,200,189,389,
3225,193,155,348,
3227,186,179,365,
3228,200,171,371,
3229,209,172,381,
3230,189,139,328,
3232,221,140,361,
3235,182,176,358,
3237,218,176,394,
3238,202,180,382,
3239,227,151,378,
3240,208,161,369,
3241,216,150,366,
3242,124,99,223,
3244,237,163,400,
3245,193,157,350,
3247,194,176,370,
3248,234,169,403,
3249,197,156,353,
3250,200,183,383,
3252,179,168,347,
3253,220,178,398,
3255,210,160,370,
3256,224,174,398,
3257,194,168,362,
3258,225,189,414,
3259,199,183,382,
3260,215,180,395,
3261,194,156,350,
3262,186,182,368,
3263,203,154,357,
3264,203,132,335,
3265,199,158,357,
3266,201,164,365,
3267,218,155,373,
3268,205,164,369,
3269,216,157,373,
3271,217,169,386,
3273,199,168,367,
3275,200,183,383,
3276,220,189,409,
3277,218,194,412,
3278,204,147,351,
3280,191,147,338,
3282,195,163,358,
3283,218,144,362,
3284,204,188,392,
3285,202,162,364,
3286,223,169,392,
3287,197,169,366,
3288,218,134,352,
3289,204,170,374,
3290,227,174,401,
3291,205,160,365,
3292,224,169,393,
3294,213,179,392,
3295,207,170,377,
3296,191,140,331,
3297,198,152,350,
3298,224,185,409,
3299,225,160,385,
3300,215,150,365,
3301,200,185,385,
3303,209,156,365,
3305,243,143,386,
3306,213,169,382,
3307,210,169,379,
3308,188,157,345,
3309,208,179,387,
3310,209,190,399,
3312,193,132,325,
3313,214,186,400,
3315,204,169,373,
3316,193,164,357,
3317,224,159,383,
3318,214,183,397,
3319,217,177,394,
3320,213,168,381,
3321,229,155,384,
3322,205,175,380,
3323,11,9,20,
3324,179,146,325,
3325,191,149,340,
3326,198,179,377,
3327,202,181,383,
3328,211,184,395,
3329,203,166,369,
3330,207,163,370,
3331,22,35,57,
3332,195,180,375,
3333,216,166,382,
3334,13,14,27,
3335,190,173,363,
3337,206,173,379,
3339,214,163,377,
3340,245,180,425,
3345,212,157,369,
3346,219,168,387,
3347,174,144,318,
3348,194,157,351,
3349,207,174,381,
3350,243,168,411,
3353,157,123,280,
3356,216,187,403,
3357,210,158,368,
3358,191,172,363,
3359,244,174,418,
3360,229,187,416,
3361,213,170,383,
3362,205,182,387,
3363,221,166,387,
3364,194,140,334,
3366,191,172,363,
3368,208,151,359,
3369,216,158,374,
3370,222,173,395,
3371,230,159,389,
3372,238,185,423,
3373,226,163,389,
3376,204,180,384,
3377,198,174,372,
3378,189,165,354,
3380,193,149,342,
3381,210,174,384,
3383,220,164,384,
3384,200,165,365,
3387,209,170,379,
3388,240,173,413,
3389,42,31,73,
3390,208,148,356,
3392,213,137,350,
3394,238,146,384,
3396,214,192,406,
3397,188,162,350,
3398,188,174,362,
3401,200,188,388,
3402,172,140,312,
3403,181,131,312,
3404,240,171,411,
3406,210,162,372,
3407,228,159,387,
3409,220,168,388,
3410,195,188,383,
3414,166,115,281,
3415,216,163,379,
3416,240,176,416,
3417,208,159,367,
3418,191,158,349,
3419,205,162,367,
3420,177,140,317,
3421,204,160,364,
3422,197,139,336,
3423,226,154,380,
3425,205,183,388,
3426,159,129,288,
3427,199,177,376,
3430,216,180,396,
3431,207,173,380,
3432,195,175,370,
3433,198,177,375,
3434,220,173,393,
3436,246,163,409,
3437,180,149,329,
3438,210,162,372,
3439,176,170,346,
3440,208,156,364,
3441,175,162,337,
3443,237,154,391,
3444,204,178,382,
3445,199,167,366,
3447,229,168,397,
3448,203,132,335,
3449,198,163,361,
3450,224,168,392,
3451,200,171,371,
3452,28,24,52,
3454,224,142,366,
3455,165,137,302,
3456,213,170,383,
3461,213,171,384,
3463,222,162,384,
3465,204,143,347,
3466,205,168,373,
3467,218,153,371,
3468,176,172,348,
3470,188,176,364,
3471,192,152,344,
3472,203,158,361,
3473,235,147,382,
3474,211,161,372,
3475,231,150,381,
3476,181,149,330,
3477,203,166,369,
3478,225,166,391,
3479,206,171,377,
3481,156,121,277,
3483,203,189,392,
3484,221,150,371,
3485,208,177,385,
3486,207,170,377,
3487,209,152,361,
3488,243,158,401,
3489,200,170,370,
3490,161,134,295,
3492,193,159,352,
3493,210,181,391,
3496,203,175,378,
3497,180,138,318,
3498,201,151,352,
3499,212,145,357,
3500,232,156,388,
3501,210,157,367,
3502,184,180,364,
3503,211,176,387,
3504,193,174,367,
3506,214,142,356,
3508,202,169,371,
3509,218,159,377,
3511,228,169,397,
3515,215,161,376,
3516,11,6,17,
3518,221,174,395,
3519,227,185,412,
3520,165,132,297,
3521,207,141,348,
3522,212,179,391,
3524,224,170,394,
3526,194,181,375,
3527,225,172,397,
3528,194,174,368,
3530,192,164,356,
3531,229,177,406,
3535,219,141,360,
3536,217,178,395,
3537,209,159,368,
3539,209,156,365,
3540,37,29,66,
3542,214,161,375,
3544,207,148,355,
3545,41,36,77,
3546,190,156,346,
3547,238,153,391,
3548,166,126,292,
3549,221,173,394,
3551,214,148,362,
3552,213,129,342,
3553,228,154,382,
3554,205,164,369,
3556,209,147,356,
3557,245,146,391,
3558,209,145,354,
3559,211,158,369,
3561,196,166,362,
3562,206,145,351,
3563,206,156,362,
3564,200,184,384,
3565,229,144,373,
3566,210,198,408,
3567,217,151,368,
3568,233,160,393,
3569,166,158,324,
3570,208,158,366,
3572,225,131,356,
3575,203,183,386,
3576,243,167,410,
3577,210,148,358,
3578,208,157,365,
3579,159,141,300,
3580,206,159,365,
3581,226,152,378,
3582,216,150,366,
3583,209,173,382,
3584,202,158,360,
3585,230,174,404,
3586,207,162,369,
3587,195,158,353,
3588,203,169,372,
3590,182,177,359,
3592,215,176,391,
3593,223,132,355,
3594,205,167,372,
3595,180,160,340,
3596,222,167,389,
3597,199,168,367,
3598,205,160,365,
3600,3,5,8,
3601,202,164,366,
3602,213,180,393,
3603,207,166,373,
3604,194,180,374,
3607,221,164,385,
3609,216,175,391,
3610,180,163,343,
3612,182,172,354,
3613,199,172,371,
3614,219,153,372,
3617,180,178,358,
3618,209,160,369,
3619,191,166,357,
3620,140,82,222,
3621,212,169,381,
3622,210,178,388,
3623,24,19,43,
3624,217,136,353,
3625,223,182,405,
3626,207,166,373,
3627,219,155,374,
3628,229,186,415,
3630,207,152,359,
3631,29,28,57,
3632,198,183,381,
3633,223,161,384,
3634,203,161,364,
3635,217,173,390,
3636,228,190,418,
3637,206,183,389,
3638,220,142,362,
3639,209,165,374,
3640,223,144,367,
3641,216,169,385,
3642,200,174,374,
3643,194,169,363,
3644,209,157,366,
3645,216,155,371,
3646,214,157,371,
3647,212,175,387,
3648,242,162,404,
3649,196,174,370,
3651,198,149,347,
3653,211,173,384,
3657,210,138,348,
3658,222,158,380,
3659,198,159,357,
3661,211,152,363,
3662,210,140,350,
3664,22,21,43,
3665,199,145,344,
3666,203,162,365,
3667,230,167,397,
3668,194,173,367,
3670,207,190,397,
3671,179,141,320,
3672,25,27,52,
3673,215,174,389,
3674,197,170,367,
3676,33,26,59,
3677,181,147,328,
3678,229,163,392,
3679,204,166,370,
3681,221,175,396,
3682,229,171,400,
3683,34,22,56,
3684,195,151,346,
3685,219,162,381,
3686,210,150,360,
3688,233,177,410,
3689,195,158,353,
3690,240,153,393,
3693,212,150,362,
3695,230,149,379,
3696,194,154,348,
3697,205,160,365,
3699,216,177,393,
3700,236,162,398,
3702,204,164,368,
3704,217,140,357,
3706,225,167,392,
3708,190,128,318,
3709,197,165,362,
3710,190,170,360,
3712,198,183,381,
3713,35,29,64,
3715,220,166,386,
3716,23,23,46,
3717,205,161,366,
3719,220,169,389,
3720,209,186,395,
3721,161,151,312,
3722,186,167,353,
3723,199,181,380,
3724,216,156,372,
3725,203,177,380,
3726,214,177,391,
3728,203,177,380,
3729,12,12,24,
3730,200,159,359,
3731,233,149,382,
3732,200,181,381,
3733,206,169,375,
3734,206,167,373,
3735,43,25,68,
3736,181,162,343,
3739,203,177,380,
3741,217,147,364,
3743,213,187,400,
3744,192,156,348,
3745,224,177,401,
3748,210,168,378,
3749,227,168,395,
3750,213,180,393,
3751,203,167,370,
3754,218,157,375,
3760,208,160,368,
3761,233,167,400,
3762,218,192,410,
3763,226,149,375,
3764,204,168,372,
3765,204,204,408,
3766,175,160,335,
3767,19,10,29,
3768,175,154,329,
3769,227,169,396,
3770,217,175,392,
3771,213,159,372,
3772,214,149,363,
3773,222,154,376,
3774,210,148,358,
3775,210,174,384,
3776,22,33,55,
3778,220,196,416,
3779,221,158,379,
3780,221,175,396,
3781,173,147,320,
3782,212,128,340,
3784,204,158,362,
3785,202,167,369,
3786,2,1,3,
3787,208,187,395,
3788,219,162,381,
3789,221,173,394,
3790,260,186,446,
3791,221,162,383,
3792,208,182,390,
3796,232,167,399,
3797,232,147,379,
3798,193,150,343,
3799,224,146,370,
3800,241,165,406,
3801,215,162,377,
3802,185,159,344,
3803,185,157,342,
3804,178,137,315,
3805,210,154,364,
3806,212,163,375,
3808,24,23,47,
3809,35,31,66,
3810,167,115,282,
3812,199,192,391,
3813,194,155,349,
3814,201,175,376,
3815,211,165,376,
3816,232,172,404,
3818,195,162,357,
3819,182,159,341,
3820,200,164,364,
3821,150,134,284,
3822,208,179,387,
3824,208,156,364,
3825,212,160,372,
3826,208,152,360,
3827,187,161,348,
3829,199,181,380,
3831,14,8,22,
3832,209,154,363,
3833,227,171,398,
3834,198,175,373,
3835,196,179,375,
3837,232,154,386,
3838,21,12,33,
3839,206,169,375,
3840,34,17,51,
3841,211,183,394,
3843,214,176,390,
3844,31,22,53,
3845,224,155,379,
3846,219,184,403,
3847,202,160,362,
3849,200,127,327,
3851,7,7,14,
3852,213,159,372,
3853,183,130,313,
3854,209,191,400,
3855,6,6,12,
3856,204,147,351,
3857,218,167,385,
3858,197,151,348,
3859,213,146,359,
3860,199,152,351,
3861,215,176,391,
3862,29,26,55,
3863,200,161,361,
3864,239,171,410,
3865,185,182,367,
3867,200,149,349,
3868,227,166,393,
3869,229,183,412,
3870,193,171,364,
3871,220,167,387,
3872,219,167,386,
3873,227,171,398,
3874,196,176,372,
3875,200,167,367,
3877,224,161,385,
3879,200,162,362,
3880,182,165,347,
3881,228,144,372,
3883,194,166,360,
3884,202,168,370,
3885,199,153,352,
3887,192,159,351,
3888,28,19,47,
3889,218,156,374,
3891,193,156,349,
3893,195,188,383,
3894,203,170,373,
3895,236,163,399,
3896,162,113,275,
3897,198,156,354,
3899,219,144,363,
3900,242,173,415,
3902,222,148,370,
3903,229,157,386,
3904,183,142,325,
3905,220,141,361,
3907,197,149,346,
3910,199,150,349,
3911,217,173,390,
3912,188,169,357,
3913,206,155,361,
3914,227,180,407,
3915,211,162,373,
3916,211,173,384,
3918,203,179,382,
3919,191,149,340,
3920,217,176,393,
3922,209,157,366,
3923,227,176,403,
3924,220,154,374,
3925,219,161,380,
3926,206,158,364,
3928,208,169,377,
3929,214,155,369,
3930,206,171,377,
3932,223,171,394,
3933,204,160,364,
3934,205,158,363,
3936,206,170,376,
3938,221,171,392,
3939,184,179,363,
3940,211,165,376,
3941,211,141,352,
3942,222,141,363,
3943,34,16,50,
3944,226,203,429,
3945,193,160,353,
3946,200,169,369,
3948,219,183,402,
3950,193,199,392,
3951,239,167,406,
3952,187,168,355,
3956,211,193,404,
3957,196,169,365,
3958,224,176,400,
3959,223,162,385,
3960,191,183,374,
3961,198,175,373,
3962,191,173,364,
3964,199,140,339,
3965,186,173,359,
3966,233,174,407,
3968,217,175,392,
3969,188,168,356,
3970,221,178,399,
3971,32,21,53,
3972,226,177,403,
3973,214,176,390,
3974,224,166,390,
3975,211,139,350,
3976,188,165,353,
3977,174,156,330,
3979,218,170,388,
3983,213,165,378,
3984,193,156,349,
3985,211,160,371,
3986,234,161,395,
3987,200,172,372,
3988,199,179,378,
3989,163,123,286,
3990,214,160,374,
3991,219,178,397,
3992,231,140,371,
3993,195,163,358,
3994,204,174,378,
3995,199,156,355,
3997,208,177,385,
3998,209,172,381,
4003,200,164,364,
4005,201,177,378,
4007,204,171,375,
4008,211,166,377,
4009,201,209,410,
4010,221,184,405,
4011,216,185,401,
4013,217,168,385,
4014,203,142,345,
4015,208,160,368,
4017,199,167,366,
4018,212,143,355,
4019,203,169,372,
4020,221,149,370,
4021,206,162,368,
4022,218,155,373,
4023,219,161,380,
4024,201,166,367,
4025,184,165,349,
4026,203,162,365,
4027,224,169,393,
4028,221,187,408,
4032,206,169,375,
4033,210,183,393,
4035,168,162,330,
4036,212,142,354,
4038,212,185,397,
4039,199,167,366,
4040,239,147,386,
4041,21,12,33,
4043,17,13,30,
4044,202,151,353,
4045,222,157,379,
4046,208,177,385,
4048,194,157,351,
4049,188,162,350,
4051,218,172,390,
4052,193,175,368,
4053,225,148,373,
4056,218,157,375,
4059,213,157,370,
4060,222,150,372,
4061,213,155,368,
4062,187,148,335,
4064,5,10,15,
4065,230,180,410,
4066,200,169,369,
4067,213,173,386,
4068,143,122,265,
4069,197,146,343,
4072,234,178,412,
4075,173,136,309,
4077,190,189,379,
4078,199,162,361,
4079,194,178,372,
4080,177,171,348,
4081,189,156,345,
4082,252,168,420,
4083,200,191,391,
4084,227,146,373,
4085,194,139,333,
4086,199,167,366,
4089,203,157,360,
4090,23,8,31,
4091,214,167,381,
4093,218,164,382,
4094,232,161,393,
4095,179,183,362,
4096,211,170,381,
4097,201,161,362,
4098,116,99,215,
4099,185,156,341,
4100,222,168,390,
4101,188,142,330,
4102,200,149,349,
4104,183,194,377,
4105,246,146,392,
4106,212,183,395,
4107,221,167,388,
4108,214,146,360,
4109,220,163,383,
4111,230,142,372,
4112,203,144,347,
4114,197,174,371,
4115,228,157,385,
4116,204,185,389,
4118,210,169,379,
4119,236,178,414,
4120,182,147,329,
4122,198,144,342,
4123,217,147,364,
4124,218,181,399,
4125,220,191,411,
4126,198,142,340,
4127,234,178,412,
4128,9,7,16,
4131,202,173,375,
4132,204,172,376,
4133,211,180,391,
4134,222,122,344,
4137,209,171,380,
4138,190,176,366,
4139,165,147,312,
4141,191,143,334,
4142,225,164,389,
4145,206,166,372,
4146,180,126,306,
4148,202,166,368,
4151,194,181,375,
4152,214,178,392,
4153,207,171,378,
4154,206,138,344,
4155,203,147,350,
4156,199,169,368,
4157,223,178,401,
4158,239,186,425,
4159,218,146,364,
4162,213,180,393,
4163,214,154,368,
4164,199,151,350,
4165,240,145,385,
4166,206,155,361,
4168,212,160,372,
4169,218,158,376,
4171,215,180,395,
4172,214,130,344,
4174,202,165,367,
4175,231,179,410,
4177,238,176,414,
4178,217,153,370,
4179,231,166,397,
4180,229,159,388,
4181,207,149,356,
4184,245,170,415,
4185,170,147,317,
4187,201,168,369,
4188,203,181,384,
4189,222,173,395,
4190,229,179,408,
4191,232,189,421,
4192,229,163,392,
4193,227,180,407,
4194,209,159,368,
4196,197,148,345,
4197,225,171,396,
4198,27,22,49,
4200,184,150,334,
4202,209,162,371,
4203,215,170,385,
4204,120,80,200,
4205,192,149,341,
4206,215,144,359,
4208,192,167,359,
4209,222,154,376,
4211,210,176,386,
4213,24,23,47,
4214,186,170,356,
4215,215,174,389,
4216,207,183,390,
4217,205,168,373,
4218,229,168,397,
4219,212,176,388,
4220,212,151,363,
4221,237,178,415,
4222,196,147,343,
4224,210,161,371,
4225,151,121,272,
4226,242,164,406,
4227,195,162,357,
4229,185,155,340,
4231,210,159,369,
4234,202,162,364,
4236,29,30,59,
4237,195,163,358,
4240,198,177,375,
4243,235,158,393,
4244,132,103,235,
4246,211,159,370,
4247,187,166,353,
4251,39,32,71,
4252,215,162,377,
4254,206,180,386,
4255,27,21,48,
4256,200,146,346,
4257,23,19,42,
4258,208,175,383,
4259,203,163,366,
4261,194,163,357,
4262,221,154,375,
4264,201,170,371,
4265,217,185,402,
4266,193,182,375,
4267,220,169,389,
4268,227,163,390,
4270,220,153,373,
4271,207,145,352,
4273,196,163,359,
4274,207,168,375,
4276,209,170,379,
4277,16,16,32,
4278,220,152,372,
4279,131,105,236,
4280,204,183,387,
4281,214,173,387,
4283,235,158,393,
4284,22,14,36,
4286,231,173,404,
4287,204,177,381,
4289,211,161,372,
4290,218,176,394,
4291,225,166,391,
4292,205,178,383,
4293,192,148,340,
4294,212,159,371,
4295,216,158,374,
4296,204,140,344,
4297,190,156,346,
4301,203,152,355,
4303,220,176,396,
4307,227,165,392,
4310,208,144,352,
4311,205,158,363,
4313,206,162,368,
4314,203,175,378,
4315,213,185,398,
4316,221,192,413,
4317,112,83,195,
4318,201,163,364,
4321,226,159,385,
4323,217,165,382,
4324,207,167,374,
4325,184,179,363,
4327,224,189,413,
4329,205,183,388,
4330,208,169,377,
4331,215,150,365,
4332,225,160,385,
4334,212,173,385,
4335,233,142,375,
4336,173,118,291,
4337,211,182,393,
4338,230,153,383,
4339,214,180,394,
4340,220,180,400,
4341,221,146,367,
4342,233,175,408,
4343,197,162,359,
4344,214,165,379,
4345,189,149,338,
4347,204,163,367,
4348,175,179,354,
4349,213,141,354,
4350,216,171,387,
4352,219,173,392,
4353,212,155,367,
4354,215,162,377,
4355,183,157,340,
4357,208,138,346,
4358,198,125,323,
4359,35,27,62,
4360,198,176,374,
4361,31,15,46,
4363,226,160,386,
4364,211,159,370,
4365,209,165,374,
4367,196,156,352,
4368,232,177,409,
4370,208,180,388,
4371,29,29,58,
4372,174,166,340,
4373,220,155,375,
4374,186,153,339,
4375,213,166,379,
4376,186,156,342,
4377,213,171,384,
4378,190,171,361,
4380,237,165,402,
4381,157,128,285,
4382,193,167,360,
4383,188,189,377,
4384,13,15,28,
4385,229,188,417,
4387,219,177,396,
4388,30,16,46,
4389,232,162,394,
4390,239,160,399,
4392,215,169,384,
4393,212,177,389,
4394,235,163,398,
4395,206,157,363,
4397,188,170,358,
4398,205,159,364,
4399,219,154,373,
4400,222,141,363,
4402,215,182,397,
4403,194,158,352,
4404,211,151,362,
4405,191,179,370,
4406,186,183,369,
4407,35,40,75,
4410,210,169,379,
4412,217,157,374,
4413,188,163,351,
4415,201,167,368,
4417,214,163,377,
4418,230,155,385,
4420,215,151,366,
4421,216,172,388,
4422,217,164,381,
4423,195,165,360,
4424,229,158,387,
4425,206,184,390,
4426,170,164,334,
4428,213,152,365,
4430,197,145,342,
4431,226,169,395,
4432,215,155,370,
4433,208,150,358,
4434,11,9,20,
4435,211,167,378,
4437,184,163,347,
4438,198,142,340,
4439,219,161,380,
4440,242,141,383,
4441,187,162,349,
4442,202,176,378,
4443,197,153,350,
4444,210,148,358,
4446,225,165,390,
4447,188,172,360,
4448,217,175,392,
4449,202,172,374,
4450,216,175,391,
4451,218,164,382,
4452,35,31,66,
4453,40,29,69,
4454,216,179,395,
4455,206,172,378,
4456,212,154,366,
4459,217,173,390,
4460,201,168,369,
4461,183,160,343,
4463,189,161,350,
4464,244,154,398,
4465,210,154,364,
4466,186,151,337,
4467,226,170,396,
4468,218,162,380,
4471,222,154,376,
4472,207,174,381,
4473,209,154,363,
4475,202,148,350,
4476,213,159,372,
4477,219,161,380,
4479,226,133,359,
4480,195,165,360,
4481,212,148,360,
4482,194,171,365,
4484,222,177,399,
4485,195,161,356,
4486,42,40,82,
4487,207,165,372,
4489,210,131,341,
4490,192,141,333,
4491,218,153,371,
4492,197,161,358,
4493,29,24,53,
4495,210,171,381,
4496,173,129,302,
4497,132,130,262,
4499,196,166,362,
4500,188,162,350,
4502,192,161,353,
4503,204,159,363,
4504,198,154,352,
4505,241,167,408,
4506,217,183,400,
4507,199,168,367,
4508,195,179,374,
4510,186,185,371,
4511,229,150,379,
4512,223,176,399,
4513,197,174,371,
4514,191,174,365,
4516,209,162,371,
4517,190,135,325,
4518,213,162,375,
4519,184,179,363,
4520,222,147,369,
4521,230,168,398,
4522,203,162,365,
4523,229,152,381,
4524,193,160,353,
4525,220,158,378,
4526,189,168,357,
4527,212,164,376,
4528,207,163,370,
4529,203,181,384,
4530,227,153,380,
4531,180,180,360,
4532,204,171,375,
4533,250,167,417,
4534,199,160,359,
4536,212,177,389,
4537,206,159,365,
4539,226,150,376,
4540,211,151,362,
4541,207,168,375,
4542,218,183,401,
4544,199,157,356,
4547,213,167,380,
4548,204,164,368,
4549,192,168,360,
4550,222,167,389,
4551,206,170,376,
4552,196,172,368,
4553,217,155,372,
4555,211,173,384,
4557,224,185,409,
4558,200,174,374,
4559,213,150,363,
4563,200,177,377,
4564,196,156,352,
4565,227,159,386,
4566,205,172,377,
4567,221,184,405,
4568,198,167,365,
4570,208,149,357,
4572,221,167,388,
4573,217,167,384,
4574,213,166,379,
4575,156,125,281,
4577,187,157,344,
4578,205,169,374,
4579,204,172,376,
4580,239,180,419,
4581,212,157,369,
4582,188,152,340,
4584,193,136,329,
4585,186,166,352,
4586,237,142,379,
4587,199,176,375,
4588,223,163,386,
4589,219,173,392,
4591,241,169,410,
4592,227,195,422,
4595,236,177,413,
4596,192,149,341,
4597,203,160,363,
4598,200,188,388,
4599,196,153,349,
4601,215,176,391,
4602,197,163,360,
4606,214,168,382,
4607,227,163,390,
4610,208,179,387,
4612,194,183,377,
4613,239,168,407,
4614,209,152,361,
4615,223,183,406,
4616,252,164,416,
4618,215,157,372,
4619,218,158,376,
4620,217,152,369,
4622,180,168,348,
4623,223,145,368,
4624,230,182,412,
4625,192,185,377,
4626,192,170,362,
4628,201,200,401,
4629,205,181,386,
4632,215,156,371,
4634,215,178,393,
4635,219,161,380,
4636,213,153,366,
4638,212,178,390,
4639,215,189,404,
4640,147,117,264,
4641,213,172,385,
4642,223,163,386,
4643,208,182,390,
4644,242,155,397,
4646,187,164,351,
4647,178,168,346,
4649,212,178,390,
4650,223,152,375,
4652,191,165,356,
4653,218,154,372,
4654,211,152,363,
4655,218,159,377,
4656,192,177,369,
4658,209,193,402,
4659,225,159,384,
4660,219,177,396,
4662,209,172,381,
4663,189,186,375,
4664,232,189,421,
4665,219,167,386,
4666,205,190,395,
4669,18,16,34,
4670,191,185,376,
4672,198,155,353,
4673,210,175,385,
4674,230,136,366,
4675,222,178,400,
4677,22,19,41,
4678,222,181,403,
4679,214,174,388,
4680,199,179,378,
4681,201,142,343,
4682,206,164,370,
4684,205,157,362,
4686,236,155,391,
4687,217,159,376,
4689,197,164,361,
4691,220,169,389,
4692,212,186,398,
4694,203,200,403,
4695,213,168,381,
4696,219,181,400,
4697,196,164,360,
4698,233,125,358,
4699,175,142,317,
4700,198,168,366,
4701,165,171,336,
4702,213,162,375,
4703,216,168,384,
4704,198,170,368,
4705,204,180,384,
4706,215,160,375,
4708,195,198,393,
4709,201,194,395,
4710,223,174,397,
4711,209,145,354,
4712,214,180,394,
4713,233,157,390,
4714,244,146,390,
4715,225,171,396,
4716,223,172,395,
4718,214,182,396,
4721,213,171,384,
4724,203,162,365,
4727,200,172,372,
4728,222,170,392,
4729,205,146,351,
4730,211,139,350,
4731,201,167,368,
4732,227,177,404,
4733,217,154,371,
4734,214,174,388,
4735,218,172,390,
4736,10,15,25,
4737,230,173,403,
4738,32,36,68,
4739,47,21,68,
4740,192,150,342,
4741,224,148,372,
4742,196,166,362,
4743,132,117,249,
4745,197,191,388,
4746,216,155,371,
4747,225,174,399,
4748,198,148,346,
4749,231,174,405,
4751,203,164,367,
4752,192,173,365,
4754,212,162,374,
4757,203,155,358,
4758,211,159,370,
4760,224,152,376,
4761,210,169,379,
4762,205,167,372,
4763,204,158,362,
4764,220,149,369,
4766,203,156,359,
4767,204,129,333,
4768,209,172,381,
4772,228,153,381,
4773,212,163,375,
4775,232,162,394,
4776,204,143,347,
4778,206,137,343,
4780,187,167,354,
4782,193,175,368,
4784,205,189,394,
4787,175,160,335,
4791,216,187,403,
4792,213,154,367,
4793,238,172,410,
4794,215,174,389,
4796,220,177,397,
4797,195,139,334,
4798,200,192,392,
4801,192,126,318,
4802,213,164,377,
4803,217,174,391,
4804,201,172,373,
4805,23,26,49,
4806,221,166,387,
4807,190,157,347,
4809,213,178,391,
4810,214,151,365,
4812,186,198,384,
4814,208,162,370,
4815,242,178,420,
4816,224,149,373,
4817,217,159,376,
4818,200,150,350,
4819,181,164,345,
4820,204,145,349,
4822,190,152,342,
4823,150,121,271,
4824,233,156,389,
4826,215,155,370,
4827,196,161,357,
4829,195,160,355,
4830,210,204,414,
4831,205,178,383,
4832,194,179,373,
4833,197,165,362,
4834,203,175,378,
4836,212,171,383,
4837,180,129,309,
4838,214,175,389,
4839,192,162,354,
4840,181,165,346,
4841,218,176,394,
4842,230,162,392,
4843,219,143,362,
4844,213,173,386,
4845,231,182,413,
4847,223,175,398,
4849,225,182,407,
4850,209,174,383,
4851,195,160,355,
4852,193,192,385,
4853,221,164,385,
4854,226,157,383,
4855,223,156,379,
4857,207,144,351,
4858,202,172,374,
4859,215,162,377,
4861,225,164,389,
4862,194,164,358,
4863,192,167,359,
4864,168,184,352,
4865,236,148,384,
4866,202,173,375,
4867,200,169,369,
4869,209,146,355,
4870,213,158,371,
4871,221,184,405,
4873,242,155,397,
4874,195,184,379,
4875,251,161,412,
4876,204,174,378,
4877,35,36,71,
4878,212,172,384,
4879,212,167,379,
4880,203,162,365,
4881,213,178,391,
4882,182,112,294,
4885,201,166,367,
4886,191,146,337,
4887,202,166,368,
4888,221,161,382,
4889,200,158,358,
4890,218,173,391,
4891,2,2,4,
4892,198,180,378,
4893,226,161,387,
4895,193,181,374,
4896,226,171,397,
4898,175,168,343,
4899,211,161,372,
4900,213,174,387,
4901,228,179,407,
4902,193,120,313,
4903,222,183,405,
4905,229,167,396,
4906,226,154,380,
4908,213,147,360,
4909,28,35,63,
4911,217,145,362,
4912,219,163,382,
4913,235,136,371,
4916,215,169,384,
4917,213,175,388,
4919,24,13,37,
4920,206,160,366,
4921,231,167,398,
4922,188,178,366,
4924,195,167,362,
4925,213,175,388,
4926,166,154,320,
4927,220,187,407,
4928,220,166,386,
4929,199,173,372,
4930,187,165,352,
4931,201,185,386,
4932,200,156,356,
4933,176,166,342,
4934,197,154,351,
4936,211,157,368,
4938,202,148,350,
4939,199,182,381,
4940,224,182,406,
4941,209,149,358,
4942,199,164,363,
4943,210,165,375,
4946,206,145,351,
4947,198,149,347,
4948,217,139,356,
4949,248,175,423,
4950,195,140,335,
4953,31,25,56,
4955,198,160,358,
4958,220,164,384,
4959,228,130,358,
4960,222,180,402,
4961,205,181,386,
4962,203,177,380,
4963,226,152,378,
4964,217,181,398,
4965,195,163,358,
4966,16,13,29,
4967,191,157,348,
4968,218,154,372,
4969,208,163,371,
4970,221,157,378,
4971,196,146,342,
4972,215,156,371,
4973,192,186,378,
4974,217,164,381,
4976,210,187,397,
4978,157,119,276,
4979,200,149,349,
4981,44,47,91,
4983,194,162,356,
4984,217,160,377,
4986,215,196,411,
4987,203,176,379,
4988,228,174,402,
4990,153,118,271,
4991,231,156,387,
4992,213,125,338,
4994,218,169,387,
4997,217,184,401,
4998,219,186,405,
4999,198,167,365,
5001,207,157,364,
5002,193,188,381,
5003,214,141,355,
5004,211,156,367,
5005,219,161,380,
5006,194,160,354,
5007,214,174,388,
5008,214,173,387,
5009,211,153,364,
5010,185,154,339,
5011,219,158,377,
5014,198,158,356,
5015,207,159,366,
5016,232,148,380,
5017,204,189,393,
5018,189,173,362,
5019,230,174,404,
5020,217,156,373,
5021,207,171,378,
5022,227,165,392,
5023,190,156,346,
5024,250,164,414,
5025,214,154,368,
5026,197,183,380,
5027,192,167,359,
5028,211,175,386,
5029,220,187,407,
5030,33,34,67,
5031,197,175,372,
5032,202,183,385,
5033,218,147,365,
5034,220,163,383,
5035,212,180,392,
5036,217,171,388,
5037,231,188,419,
5038,13,5,18,
5039,205,182,387,
5041,200,161,361,
5042,202,151,353,
5043,230,185,415,
5044,217,168,385,
5045,226,145,371,
5046,226,187,413,
5047,206,165,371,
5048,235,180,415,
5051,12,10,22,
5052,209,161,370,
5053,206,153,359,
5054,229,169,398,
5056,205,165,370,
5057,220,151,371,
5058,226,180,406,
5060,198,168,366,
5062,206,140,346,
5063,228,158,386,
5064,215,158,373,
5066,185,178,363,
5067,193,164,357,
5068,220,135,355,
5069,193,127,320,
5070,195,170,365,
5072,183,198,381,
5073,205,152,357,
5074,204,172,376,
5075,189,166,355,
5077,213,148,361,
5078,216,166,382,
5079,184,184,368,
5080,231,158,389,
5084,230,177,407,
5086,182,184,366,
5087,218,153,371,
5088,199,154,353,
5089,240,165,405,
5090,221,179,400,
5091,230,164,394,
5092,187,153,340,
5094,217,176,393,
5095,211,174,385,
5096,206,169,375,
5097,201,156,357,
5098,194,173,367,
5099,195,172,367,
5100,215,164,379,
5103,220,151,371,
5104,221,172,393,
5106,214,179,393,
5107,203,154,357,
5108,206,192,398,
5109,199,162,361,
5110,188,157,345,
5111,218,157,375,
5112,213,176,389,
5113,212,153,365,
5114,233,158,391,
5115,244,142,386,
5117,201,175,376,
5118,213,183,396,
5119,201,165,366,
5121,158,170,328,
5122,209,158,367,
5123,229,197,426,
5124,253,176,429,
5126,231,141,372,
5127,176,182,358,
5128,205,154,359,
5129,232,157,389,
5130,218,160,378,
5131,203,166,369,
5132,220,180,400,
5133,209,172,381,
5134,175,159,334,
5136,212,157,369,
5137,232,160,392,
5139,185,169,354,
5140,200,147,347,
5141,25,17,42,
5142,192,166,358,
5143,217,148,365,
5144,30,14,44,
5145,221,164,385,
5146,206,144,350,
5147,200,160,360,
5148,210,169,379,
5149,216,161,377,
5150,198,170,368,
5152,241,165,406,
5153,216,157,373,
5154,195,148,343,
5155,196,152,348,
5156,179,131,310,
5157,192,180,372,
5158,212,186,398,
5159,181,155,336,
5160,237,164,401,
5161,219,163,382,
5164,226,169,395,
5165,203,161,364,
5168,199,185,384,
5169,221,159,380,
5170,220,182,402,
5171,252,157,409,
5172,213,180,393,
5173,212,151,363,
5174,207,186,393,
5176,199,162,361,
5177,218,140,358,
5179,218,137,355,
5182,231,157,388,
5183,219,163,382,
5184,199,161,360,
5185,202,159,361,
5187,203,164,367,
5188,237,181,418,
5189,200,148,348,
5190,200,168,368,
5191,41,43,84,
5192,190,207,397,
5193,224,175,399,
5195,21,25,46,
5197,206,172,378,
5198,214,170,384,
5199,211,165,376,
5200,209,166,375,
5202,194,181,375,
5203,214,158,372,
5204,225,165,390,
5205,217,165,382,
5206,205,176,381,
5208,170,160,330,
5209,212,179,391,
5210,195,183,378,
5212,194,151,345,
5215,226,153,379,
5216,34,21,55,
5217,215,182,397,
5219,211,185,396,
5220,25,19,44,
5221,243,179,422,
5223,190,142,332,
5226,206,159,365,
5227,217,153,370,
5228,206,144,350,
5229,203,161,364,
5230,220,164,384,
5232,28,18,46,
5233,222,159,381,
5234,231,145,376,
5235,206,182,388,
5236,227,139,366,
5237,232,173,405,
5238,198,162,360,
5239,219,156,375,
5240,206,170,376,
5241,206,171,377,
5242,213,187,400,
5243,165,134,299,
5247,35,17,52,
5248,206,171,377,
5249,197,173,370,
5250,193,189,382,
5251,210,169,379,
5254,208,160,368,
5255,192,178,370,
5257,190,157,347,
5258,204,154,358,
5259,205,171,376,
5260,201,169,370,
5261,211,177,388,
5263,198,172,370,
5264,239,139,378,
5265,206,157,363,
5266,208,170,378,
5267,191,181,372,
5268,209,153,362,
5269,234,178,412,
5270,215,158,373,
5271,224,165,389,
5272,194,197,391,
5273,221,150,371,
5274,243,163,406,
5275,214,150,364,
5276,218,154,372,
5277,238,175,413,
5279,191,179,370,
5280,203,147,350,
5281,207,176,383,
5282,196,116,312,
5283,239,177,416,
5284,225,182,407,
5286,188,193,381,
5287,6,4,10,
5288,211,169,380,
5290,200,153,353,
5291,178,158,336,
5292,210,170,380,
5293,227,155,382,
5294,209,190,399,
5295,192,159,351,
5297,206,163,369,
5298,204,148,352,
5300,210,177,387,
5301,167,187,354,
5302,219,178,397,
5303,183,168,351,
5304,189,177,366,
5305,33,24,57,
5306,221,160,381,
5307,217,154,371,
5308,223,163,386,
5309,183,136,319,
5310,191,154,345,
5311,208,170,378,
5312,210,165,375,
5313,209,181,390,
5314,1,7,8,
5315,220,170,390,
5316,165,131,296,
5317,196,170,366,
5318,194,161,355,
5320,194,162,356,
5321,213,162,375,
5322,202,159,361,
5323,246,195,441,
5326,196,169,365,
5327,196,185,381,
5329,224,160,384,
5330,228,172,400,
5331,212,166,378,
5332,207,150,357,
5333,208,142,350,
5334,217,153,370,
5335,226,151,377,
5336,204,167,371,
5337,219,170,389,
5339,186,173,359,
5342,205,177,382,
5344,193,162,355,
5345,18,18,36,
5346,170,150,320,
5348,213,123,336,
5349,231,139,370,
5350,191,141,332,
5351,35,26,61,
5353,204,165,369,
5354,199,165,364,
5357,174,112,286,
5360,214,152,366,
5361,181,170,351,
5362,217,143,360,
5363,14,17,31,
5364,209,174,383,
5365,225,166,391,
5367,204,179,383,
5369,215,166,381,
5370,192,170,362,
5371,216,145,361,
5372,233,174,407,
5374,221,156,377,
5376,207,171,378,
5377,190,170,360,
5380,212,176,388,
5381,223,165,388,
5382,202,183,385,
5383,189,170,359,
5384,181,154,335,
5385,183,150,333,
5386,225,140,365,
5387,213,173,386,
5388,188,185,373,
5389,202,159,361,
5390,229,158,387,
5393,195,168,363,
5395,207,169,376,
5396,184,151,335,
5397,206,163,369,
5399,225,172,397,
5400,197,160,357,
5401,181,140,321,
5402,202,160,362,
5403,212,160,372,
5404,214,141,355,
5405,194,147,341,
5407,215,152,367,
5408,203,176,379,
5409,227,147,374,
5410,184,164,348,
5412,7,3,10,
5413,208,166,374,
5414,221,161,382,
5415,201,187,388,
5416,193,185,378,
5419,171,133,304,
5421,215,163,378,
5423,211,173,384,
5424,224,156,380,
5426,221,156,377,
5427,237,161,398,
5428,194,162,356,
5429,223,152,375,
5430,207,149,356,
5431,212,160,372,
5432,213,180,393,
5433,191,151,342,
5435,237,143,380,
5436,225,144,369,
5437,235,175,410,
5438,24,14,38,
5439,181,155,336,
5441,247,176,423,
5442,215,178,393,
5444,214,169,383,
5446,213,164,377,
5447,232,146,378,
5449,223,138,361,
5451,216,162,378,
5452,204,170,374,
5454,140,134,274,
5455,207,153,360,
5456,40,23,63,
5457,198,159,357,
5458,218,163,381,
5459,209,167,376,
5460,197,159,356,
5462,203,146,349,
5463,222,186,408,
5464,203,159,362,
5465,228,185,413,
5466,196,188,384,
5467,208,175,383,
5470,38,46,84,
5471,234,161,395,
5473,207,168,375,
5474,232,168,400,
5475,199,148,347,
5478,225,173,398,
5479,187,158,345,
5480,241,158,399,
5481,138,151,289,
5483,170,145,315,
5484,228,171,399,
5485,214,197,411,
5486,213,175,388,
5487,219,156,375,
5488,224,166,390,
5489,193,180,373,
5491,200,172,372,
5492,248,149,397,
5494,191,192,383,
5495,208,152,360,
5496,222,152,374,
5497,236,163,399,
5499,212,156,368,
5500,227,139,366,
5501,22,24,46,
5502,204,198,402,
5503,226,182,408,
5505,199,190,389,
5506,192,189,381,
5507,209,185,394,
5508,222,166,388,
5509,220,159,379,
5510,223,164,387,
5511,221,161,382,
5514,208,172,380,
5515,213,141,354,
5516,218,151,369,
5517,178,167,345,
5518,212,146,358,
5519,197,153,350,
5520,217,144,361,
5521,214,146,360,
5522,227,115,342,
5523,204,178,382,
5524,206,161,367,
5525,206,163,369,
5526,209,136,345,
5527,220,164,384,
5528,192,181,373,
5529,218,152,370,
5531,187,151,338,
5532,222,173,395,
5534,200,158,358,
5535,213,146,359,
5539,218,155,373,
5540,26,34,60,
5543,214,148,362,
5544,195,167,362,
5545,186,165,351,
5546,202,182,384,
5547,205,173,378,
5548,207,173,380,
5549,184,162,346,
5553,242,167,409,
5555,232,176,408,
5556,217,180,397,
5557,215,136,351,
5559,184,173,357,
5561,210,155,365,
5562,213,182,395,
5563,208,169,377,
5564,219,162,381,
5565,205,173,378,
5566,243,170,413,
5568,233,164,397,
5569,24,26,50,
5570,222,151,373,
5571,215,162,377,
5572,221,176,397,
5573,195,158,353,
5575,211,156,367,
5576,223,154,377,
5577,216,175,391,
5578,7,15,22,
5579,216,162,378,
5580,19,15,34,
5582,213,160,373,
5583,214,189,403,
5584,177,160,337,
5585,206,170,376,
5586,214,171,385,
5587,190,173,363,
5589,219,182,401,
5590,29,22,51,
5591,168,164,332,
5592,238,166,404,
5593,212,157,369,
5595,221,133,354,
5596,213,157,370,
5597,193,147,340,
5598,226,160,386,
5600,210,187,397,
5602,196,146,342,
5603,228,175,403,
5605,210,160,370,
5606,225,169,394,
5607,188,150,338,
5610,237,161,398,
5611,205,178,383,
5613,207,174,381,
5614,160,161,321,
5615,238,175,413,
5618,243,152,395,
5619,192,194,386,
5620,181,148,329,
5621,238,128,366,
5622,27,14,41,
5623,193,170,363,
5626,206,175,381,
5627,199,161,360,
5628,200,153,353,
5629,219,152,371,
5630,27,15,42,
5631,222,154,376,
5633,214,166,380,
5634,214,147,361,
5635,185,161,346,
5636,209,157,366,
5637,237,165,402,
5638,230,146,376,
5639,193,161,354,
5640,39,24,63,
5643,206,161,367,
5644,216,160,376,
5645,199,178,377,
5646,212,156,368,
5648,217,159,376,
5649,200,163,363,
5650,33,27,60,
5651,188,162,350,
5652,212,166,378,
5654,176,197,373,
5657,238,174,412,
5658,186,153,339,
5659,233,168,401,
5660,211,154,365,
5661,211,149,360,
5662,220,161,381,
5663,208,147,355,
5664,14,13,27,
5665,199,153,352,
5666,200,157,357,
5667,216,157,373,
5668,226,156,382,
5669,219,159,378,
5670,210,168,378,
5671,128,143,271,
5672,203,164,367,
5674,200,164,364,
5675,223,150,373,
5676,219,162,381,
5677,210,169,379,
5679,216,167,383,
5680,210,177,387,
5681,157,105,262,
5682,208,160,368,
5684,211,197,408,
5686,200,128,328,
5687,249,161,410,
5688,196,171,367,
5689,212,177,389,
5690,210,169,379,
5691,233,164,397,
5692,244,143,387,
5693,183,168,351,
5694,178,148,326,
5696,188,178,366,
5697,223,170,393,
5701,203,148,351,
5702,189,190,379,
5703,214,164,378,
5704,226,183,409,
5705,211,147,358,
5709,240,156,396,
5710,216,161,377,
5711,186,155,341,
5712,220,194,414,
5713,203,152,355,
5715,235,163,398,
5716,195,188,383,
5718,212,153,365,
5719,191,150,341,
5720,18,15,33,
5721,193,188,381,
5722,198,150,348,
5723,224,125,349,
5724,225,157,382,
5726,6,8,14,
5729,205,161,366,
5730,219,156,375,
5731,190,174,364,
5732,202,154,356,
5735,21,21,42,
5736,216,148,364,
5737,207,188,395,
5738,222,152,374,
5739,196,143,339,
5742,213,162,375,
5743,196,154,350,
5744,183,146,329,
5746,222,142,364,
5747,188,167,355,
5748,222,178,400,
5749,213,159,372,
5750,196,154,350,
5751,203,160,363,
5752,192,167,359,
5753,142,98,240,
5754,219,159,378,
5755,178,172,350,
5756,196,168,364,
5758,209,158,367,
5760,215,161,376,
5762,210,162,372,
5765,205,163,368,
5766,220,200,420,
5767,212,169,381,
5769,225,176,401,
5772,198,145,343,
5774,236,177,413,
5775,233,158,391,
5777,51,32,83,
5778,217,173,390,
5779,199,158,357,
5780,222,153,375,
5781,218,143,361,
5782,236,161,397,
5783,216,145,361,
5785,185,173,358,
5787,205,174,379,
5788,206,159,365,
5789,218,151,369,
5790,232,156,388,
5791,180,155,335,
5793,218,149,367,
5794,202,157,359,
5796,223,174,397,
5797,188,167,355,
5798,231,183,414,
5800,213,180,393,
5801,183,156,339,
5802,175,161,336,
5803,214,169,383,
5804,31,40,71,
5805,226,142,368,
5806,189,165,354,
5807,196,158,354,
5808,203,164,367,
5809,5,2,7,
5810,234,155,389,
5811,211,180,391,
5812,214,161,375,
5813,198,144,342,
5814,212,147,359,
5815,189,162,351,
5819,204,195,399,
5821,203,166,369,
5822,225,127,352,
5823,200,161,361,
5824,184,155,339,
5827,188,164,352,
5828,201,178,379,
5829,179,168,347,
5830,181,125,306,
5832,191,167,358,
5833,215,183,398,
5834,202,158,360,
5835,190,146,336,
5836,225,182,407,
5837,253,151,404,
5838,207,175,382,
5839,212,153,365,
5840,206,161,367,
5841,224,179,403,
5842,23,19,42,
5843,196,170,366,
5844,244,157,401,
5845,230,155,385,
5846,214,187,401,
5848,202,156,358,
5849,210,153,363,
5852,213,185,398,
5853,237,173,410,
5854,223,168,391,
5855,189,172,361,
5856,202,171,373,
5857,233,171,404,
5858,216,139,355,
5859,203,155,358,
5860,227,144,371,
5861,201,161,362,
5863,234,152,386,
5865,28,24,52,
5866,193,143,336,
5868,171,175,346,
5870,200,181,381,
5872,213,149,362,
5873,205,174,379,
5876,24,27,51,
5877,212,164,376,
5878,192,209,401,
5879,237,161,398,
5880,185,152,337,
5881,210,179,389,
5882,187,171,358,
5883,224,176,400,
5884,205,149,354,
5885,189,171,360,
5886,194,151,345,
5887,211,166,377,
5891,206,166,372,
5892,214,167,381,
5893,219,171,390,
5894,228,159,387,
5896,187,203,390,
5898,190,191,381,
5899,179,145,324,
5901,239,182,421,
5902,221,175,396,
5905,26,19,45,
5906,222,147,369,
5907,194,177,371,
5908,218,169,387,
5910,205,169,374,
5911,214,162,376,
5912,214,172,386,
5913,231,163,394,
5914,191,183,374,
5915,221,166,387,
5917,189,173,362,
5920,212,164,376,
5921,248,165,413,
5922,204,189,393,
5923,165,165,330,
5924,200,173,373,
5926,180,188,368,
5927,203,186,389,
5929,174,152,326,
5930,175,159,334,
5931,207,160,367,
5932,202,171,373,
5933,214,164,378,
5934,210,173,383,
5935,218,148,366,
5936,230,157,387,
5937,231,169,400,
5939,199,157,356,
5941,211,153,364,
5942,218,176,394,
5943,210,176,386,
5944,207,155,362,
5945,189,159,348,
5946,235,168,403,
5948,290,151,441,
5949,209,167,376,
5950,213,168,381,
5951,217,166,383,
5952,222,174,396,
5956,225,174,399,
5957,200,161,361,
5958,225,156,381,
5960,192,162,354,
5961,32,24,56,
5962,196,156,352,
5963,194,179,373,
5964,209,158,367,
5965,206,187,393,
5966,196,170,366,
5967,27,25,52,
5968,227,158,385,
5969,214,139,353,
5970,225,166,391,
5972,148,133,281,
5973,199,177,376,
5974,195,181,376,
5975,211,164,375,
5976,218,160,378,
5977,197,172,369,
5978,223,178,401,
5979,223,170,393,
5980,210,156,366,
5981,233,179,412,
5982,222,165,387,
5983,197,167,364,
5984,191,168,359,
5985,232,164,396,
5987,225,173,398,
5988,204,178,382,
5990,225,134,359,
5991,219,175,394,
5992,232,149,381,
5998,220,163,383,
5999,228,148,376,
6000,228,149,377,
6004,183,98,281,
6005,201,179,380,
6006,173,163,336,
6007,213,183,396,
6008,224,164,388,
6009,194,162,356,
6010,219,155,374,
6011,215,176,391,
6012,179,136,315,
6013,195,176,371,
6014,232,188,420,
6017,191,173,364,
6018,170,167,337,
6019,183,168,351,
6021,215,171,386,
6022,27,34,61,
6023,200,153,353,
6025,211,134,345,
6026,212,175,387,
6027,212,184,396,
6028,227,164,391,
6029,228,176,404,
6031,189,126,315,
6032,191,192,383,
6033,211,169,380,
6034,198,155,353,
6036,220,176,396,
6037,219,163,382,
6039,228,150,378,
6040,220,168,388,
6041,216,161,377,
6042,203,161,364,
6043,190,157,347,
6044,134,134,268,
6045,183,177,360,
6046,17,12,29,
6047,223,176,399,
6048,230,160,390,
6050,177,132,309,
6053,211,163,374,
6054,214,180,394,
6056,18,10,28,
6057,219,151,370,
6058,206,164,370,
6060,202,169,371,
6061,232,168,400,
6062,210,163,373,
6063,164,92,256,
6066,202,165,367,
6068,226,184,410,
6070,210,155,365,
6071,217,141,358,
6072,223,158,381,
6073,204,166,370,
6075,229,162,391,
6076,203,151,354,
6077,223,164,387,
6078,220,154,374,
6080,179,182,361,
6081,188,169,357,
6082,211,153,364,
6084,224,169,393,
6085,220,182,402,
6086,190,177,367,
6087,199,178,377,
6088,207,150,357,
6092,203,164,367,
6093,207,184,391,
6096,229,143,372,
6097,190,178,368,
6098,207,150,357,
6099,194,167,361,
6100,29,24,53,
6102,227,173,400,
6103,186,168,354,
6104,202,160,362,
6105,217,159,376,
6110,224,150,374,
6111,248,153,401,
6112,26,10,36,
6113,219,185,404,
6115,198,175,373,
6117,194,150,344,
6118,197,159,356,
6119,231,178,409,
6120,185,161,346,
6121,218,144,362,
6122,209,156,365,
6123,220,132,352,
6124,211,158,369,
6125,231,152,383,
6127,225,164,389,
6128,226,156,382,
6129,218,163,381,
6130,5,2,7,
6131,202,194,396,
6133,36,31,67,
6134,34,22,56,
6135,202,162,364,
6137,219,164,383,
6138,224,170,394,
6139,217,152,369,
6141,217,160,377,
6142,195,176,371,
6143,232,155,387,
6146,205,176,381,
6147,25,16,41,
6148,230,173,403,
6149,208,198,406,
6150,236,157,393,
6152,33,25,58,
6153,207,169,376,
6154,217,170,387,
6155,231,174,405,
6156,210,144,354,
6158,234,171,405,
6160,206,155,361,
6161,217,159,376,
6162,222,144,366,
6163,204,173,377,
6164,28,24,52,
6165,217,164,381,
6166,208,143,351,
6167,196,153,349,
6168,232,153,385,
6170,220,158,378,
6171,225,161,386,
6172,159,145,304,
6173,201,184,385,
6174,215,161,376,
6175,180,145,325,
6177,241,167,408,
6178,212,172,384,
6179,238,169,407,
6180,220,180,400,
6181,191,171,362,
6182,233,157,390,
6183,247,150,397,
6184,225,159,384,
6185,210,161,371,
6186,179,166,345,
6187,202,192,394,
6189,243,151,394,
6191,219,177,396,
6192,229,144,373,
6193,224,164,388,
6194,220,155,375,
6196,202,191,393,
6197,215,151,366,
6198,238,164,402,
6199,198,175,373,
6200,218,155,373,
6202,156,109,265,
6203,195,192,387,
6204,216,161,377,
6206,168,166,334,
6207,193,166,359,
6208,144,112,256,
6209,194,156,350,
6210,206,143,349,
6211,228,155,383,
6212,200,165,365,
6214,217,173,390,
6215,200,166,366,
6216,228,148,376,
6217,199,179,378,
6219,221,160,381,
6223,231,141,372,
6224,215,173,388,
6225,208,181,389,
6226,188,167,355,
6228,201,163,364,
6229,242,160,402,
6231,207,152,359,
6234,251,158,409,
6235,201,186,387,
6236,204,178,382,
6237,198,198,396,
6238,195,156,351,
6240,40,28,68,
6241,189,167,356,
6242,208,166,374,
6243,212,153,365,
6244,44,34,78,
6245,42,28,70,
6247,208,191,399,
6248,188,125,313,
6249,237,187,424,
6250,216,168,384,
6251,226,159,385,
6252,213,189,402,
6253,202,156,358,
6254,209,181,390,
6255,228,167,395,
6256,215,171,386,
6257,215,165,380,
6258,182,145,327,
6259,236,163,399,
6262,206,167,373,
6263,198,151,349,
6265,213,164,377,
6266,206,192,398,
6267,199,153,352,
6268,219,138,357,
6269,201,171,372,
6270,210,165,375,
6271,207,168,375,
6272,205,152,357,
6273,231,164,395,
6274,203,174,377,
6275,210,155,365,
6276,203,160,363,
6277,193,156,349,
6278,200,165,365,
6280,200,170,370,
6281,202,166,368,
6282,216,152,368,
6283,208,157,365,
6284,213,163,376,
6285,182,161,343,
6286,190,151,341,
6287,217,188,405,
6288,218,157,375,
6289,222,145,367,
6290,216,134,350,
6293,206,151,357,
6294,221,166,387,
6295,208,168,376,
6297,195,130,325,
6298,212,162,374,
6299,204,204,408,
6301,12,16,28,
6302,218,155,373,
6303,217,185,402,
6306,210,195,405,
6307,222,169,391,
6308,204,173,377,
6309,27,25,52,
6310,209,152,361,
6311,229,161,390,
6314,219,144,363,
6315,137,93,230,
6316,208,135,343,
6317,171,101,272,
6318,230,124,354,
6319,266,174,440,
6320,227,137,364,
6321,197,176,373,
6322,215,185,400,
6323,213,168,381,
6325,222,151,373,
6327,164,147,311,
6328,224,168,392,
6330,205,170,375,
6331,195,173,368,
6333,216,188,404,
6334,145,104,249,
6335,233,150,383,
6336,198,168,366,
6337,27,17,44,
6339,215,201,416,
6340,198,159,357,
6342,225,161,386,
6343,221,160,381,
6345,202,174,376,
6346,238,158,396,
6347,215,167,382,
6349,182,156,338,
6350,221,184,405,
6351,205,148,353,
6356,226,166,392,
6359,199,163,362,
6360,222,166,388,
6361,218,163,381,
6366,222,155,377,
6367,224,173,397,
6369,230,178,408,
6370,205,144,349,
6371,204,159,363,
6372,225,168,393,
6373,209,157,366,
6374,199,178,377,
6376,240,177,417,
6377,16,10,26,
6378,214,165,379,
6381,180,193,373,
6382,180,147,327,
6385,204,165,369,
6386,237,150,387,
6387,176,175,351,
6388,203,162,365,
6389,204,179,383,
6392,192,163,355,
6393,189,178,367,
6394,218,174,392,
6395,185,171,356,
6396,197,172,369,
6397,191,155,346,
6398,145,106,251,
6399,218,171,389,
6401,45,35,80,
6402,219,186,405,
6403,215,139,354,
6405,215,185,400,
6406,199,156,355,
6408,193,175,368,
6409,216,156,372,
6410,211,165,376,
6411,156,104,260,
6412,200,157,357,
6414,147,115,262,
6415,203,141,344,
6417,205,161,366,
6418,37,24,61,
6420,233,166,399,
6421,224,190,414,
6423,189,135,324,
6424,203,148,351,
6425,203,170,373,
6426,195,182,377,
6427,195,165,360,
6428,209,182,391,
6429,206,207,413,
6430,214,162,376,
6431,213,164,377,
6432,212,196,408,
6433,250,145,395,
6434,197,171,368,
6436,237,154,391,
6437,206,159,365,
6438,227,166,393,
6439,209,161,370,
6440,159,99,258,
6441,209,156,365,
6442,206,167,373,
6443,216,148,364,
6444,227,144,371,
6445,207,179,386,
6446,216,193,409,
6447,190,165,355,
6448,20,18,38,
6449,222,146,368,
6450,225,159,384,
6451,213,145,358,
6452,214,201,415,
6453,169,138,307,
6454,209,146,355,
6455,212,165,377,
6456,230,148,378,
6457,168,168,336,
6458,194,176,370,
6459,196,160,356,
6461,233,151,384,
6462,191,162,353,
6463,197,184,381,
6466,223,151,374,
6467,219,169,388,
6468,224,166,390,
6469,220,155,375,
6470,242,172,414,
6471,214,166,380,
6472,222,178,400,
6473,200,146,346,
6475,208,159,367,
6476,212,160,372,
6477,215,153,368,
6478,207,149,356,
6479,203,179,382,
6480,205,157,362,
6481,228,170,398,
6482,31,25,56,
6483,204,175,379,
6484,191,149,340,
6485,181,178,359,
6486,206,157,363,
6488,229,154,383,
6489,225,173,398,
6490,205,170,375,
6491,203,180,383,
6492,197,180,377,
6493,215,171,386,
6494,209,173,382,
6495,226,166,392,
6496,24,22,46,
6497,212,174,386,
6498,186,141,327,
6499,224,175,399,
6500,209,160,369,
6501,223,149,372,
6502,192,145,337,
6504,212,131,343,
6505,233,168,401,
6507,240,140,380,
6509,178,156,334,
6511,40,27,67,
6512,194,191,385,
6513,193,157,350,
6515,217,161,378,
6516,213,189,402,
6517,206,166,372,
6518,193,156,349,
6520,24,19,43,
6521,231,165,396,
6522,204,151,355,
6523,195,151,346,
6524,195,152,347,
6525,185,161,346,
6526,210,171,381,
6527,211,162,373,
6529,219,151,370,
6530,216,212,428,
6531,183,156,339,
6532,150,142,292,
6533,229,141,370,
6535,223,160,383,
6536,204,178,382,
6537,240,173,413,
6538,201,155,356,
6539,219,178,397,
6540,198,156,354,
6541,225,180,405,
6543,212,170,382,
6544,190,180,370,
6545,198,181,379,
6546,212,155,367,
6547,225,146,371,
6549,221,184,405,
6550,220,150,370,
6551,216,185,401,
6552,199,174,373,
6553,236,165,401,
6554,227,171,398,
6555,209,160,369,
6556,193,176,369,
6557,190,163,353,
6558,198,192,390,
6559,220,159,379,
6561,212,162,374,
6562,206,189,395,
6564,30,32,62,
6565,206,165,371,
6566,220,181,401,
6567,235,163,398,
6569,212,171,383,
6571,197,145,342,
6572,210,178,388,
6573,220,142,362,
6574,232,149,381,
6575,207,176,383,
6576,207,159,366,
6578,213,161,374,
6581,199,141,340,
6582,193,164,357,
6583,194,165,359,
6584,202,172,374,
6587,186,160,346,
6588,200,176,376,
6590,202,161,363,
6591,241,157,398,
6592,202,176,378,
6593,47,50,97,
6594,197,153,350,
6596,214,179,393,
6597,202,158,360,
6598,206,159,365,
6599,220,169,389,
6601,193,158,351,
6602,218,177,395,
6603,192,164,356,
6604,206,157,363,
6605,180,151,331,
6610,223,155,378,
6611,183,175,358,
6612,200,161,361,
6613,17,14,31,
6614,210,149,359,
6615,212,177,389,
6616,231,164,395,
6617,226,180,406,
6618,192,161,353,
6619,216,181,397,
6620,181,159,340,
6621,188,158,346,
6622,240,181,421,
6623,208,165,373,
6624,195,181,376,
6625,253,160,413,
6627,202,161,363,
6629,198,175,373,
6630,212,175,387,
6631,212,163,375,
6632,204,164,368,
6633,37,32,69,
6635,212,159,371,
6636,203,180,383,
6637,207,157,364,
6638,228,163,391,
6639,226,180,406,
6640,192,165,357,
6643,209,156,365,
6645,204,168,372,
6646,204,186,390,
6648,239,168,407,
6649,196,191,387,
6651,206,159,365,
6654,211,153,364,
6655,236,175,411,
6656,243,146,389,
6657,244,154,398,
6658,212,166,378,
6659,250,141,391,
6661,200,169,369,
6663,176,145,321,
6664,205,160,365,
6665,215,150,365,
6666,31,17,48,
6667,209,163,372,
6668,197,153,350,
6670,221,159,380,
6672,216,195,411,
6674,202,176,378,
6675,210,185,395,
6676,212,163,375,
6677,208,174,382,
6678,186,176,362,
6679,202,165,367,
6680,225,139,364,
6682,205,173,378,
6684,192,171,363,
6685,210,185,395,
6686,192,186,378,
6687,182,158,340,
6689,198,165,363,
6690,198,192,390,
6691,234,169,403,
6692,236,179,415,
6693,37,26,63,
6694,208,157,365,
6695,185,110,295,
6696,193,167,360,
6698,198,161,359,
6699,217,173,390,
6700,203,178,381,
6701,194,149,343,
6702,212,168,380,
6704,201,159,360,
6705,204,170,374,
6706,218,133,351,
6707,211,146,357,
6708,209,184,393,
6709,206,155,361,
6710,225,164,389,
6713,206,172,378,
6716,239,173,412,
6718,183,152,335,
6721,242,154,396,
6722,189,130,319,
6724,209,166,375,
6726,199,163,362,
6727,233,184,417,
6729,202,155,357,
6730,219,158,377,
6731,200,152,352,
6732,196,147,343,
6735,216,158,374,
6736,185,189,374,
6737,227,179,406,
6738,231,141,372,
6740,216,152,368,
6742,232,151,383,
6743,215,184,399,
6745,191,174,365,
6746,188,166,354,
6747,178,179,357,
6748,208,144,352,
6749,12,12,24,
6750,197,160,357,
6751,192,169,361,
6754,214,163,377,
6755,225,180,405,
6759,193,154,347,
6760,244,165,409,
6761,205,178,383,
6762,221,169,390,
6763,219,155,374,
6764,206,154,360,
6765,196,184,380,
6767,198,168,366,
6769,197,172,369,
6770,213,168,381,
6771,231,154,385,
6772,194,147,341,
6773,212,161,373,
6774,218,158,376,
6775,237,134,371,
6776,74,59,133,
6777,156,106,262,
6778,225,163,388,
6780,211,162,373,
6782,203,180,383,
6783,212,159,371,
6784,199,145,344,
6785,199,171,370,
6787,198,146,344,
6788,210,163,373,
6789,224,149,373,
6790,221,147,368,
6791,27,27,54,
6792,233,150,383,
6793,198,152,350,
6794,213,175,388,
6795,202,173,375,
6796,232,156,388,
6797,222,163,385,
6798,214,148,362,
6799,197,159,356,
6801,199,148,347,
6802,224,173,397,
6804,200,124,324,
6805,218,173,391,
6807,216,163,379,
6808,241,186,427,
6810,199,141,340,
6811,207,156,363,
6813,217,176,393,
6814,209,153,362,
6815,32,17,49,
6816,214,182,396,
6817,230,184,414,
6818,214,139,353,
6819,4,4,8,
6820,231,176,407,
6821,191,166,357,
6822,187,167,354,
6823,236,161,397,
6824,206,178,384,
6825,28,28,56,
6826,221,173,394,
6828,195,204,399,
6829,217,177,394,
6830,228,165,393,
6831,204,172,376,
6832,218,157,375,
6833,231,174,405,
6835,180,146,326,
6837,190,123,313,
6839,211,148,359,
6840,219,170,389,
6841,204,161,365,
6842,230,157,387,
6843,28,28,56,
6844,220,156,376,
6845,180,168,348,
6846,200,172,372,
6847,202,164,366,
6848,238,173,411,
6850,205,173,378,
6851,215,176,391,
6854,242,159,401,
6856,193,148,341,
6857,231,166,397,
6858,67,66,133,
6859,216,181,397,
6860,212,157,369,
6862,216,179,395,
6863,211,159,370,
6865,217,183,400,
6866,193,192,385,
6867,217,175,392,
6868,228,162,390,
6869,203,143,346,
6870,184,161,345,
6871,194,167,361,
6873,233,180,413,
6877,204,162,366,
6879,206,151,357,
6881,202,168,370,
6882,189,152,341,
6883,199,172,371,
6885,189,147,336,
6887,227,147,374,
6888,211,173,384,
6889,227,171,398,
6890,236,155,391,
6891,215,161,376,
6892,197,138,335,
6893,190,163,353,
6894,163,112,275,
6895,185,139,324,
6896,208,148,356,
6897,220,155,375,
6898,213,173,386,
6899,195,182,377,
6901,190,158,348,
6903,200,161,361,
6904,212,175,387,
6905,224,149,373,
6907,57,42,99,
6909,220,158,378,
6910,219,187,406,
6911,203,164,367,
6912,33,32,65,
6913,205,164,369,
6914,198,153,351,
6915,212,184,396,
6916,135,127,262,
6917,193,161,354,
6918,228,160,388,
6920,208,144,352,
6921,236,161,397,
6923,214,156,370,
6924,198,162,360,
6925,194,160,354,
6927,204,150,354,
6928,229,178,407,
6929,33,26,59,
6930,209,156,365,
6931,225,178,403,
6932,14,17,31,
6933,205,209,414,
6934,214,143,357,
6935,184,165,349,
6936,190,159,349,
6937,216,170,386,
6939,216,172,388,
6940,202,193,395,
6941,206,167,373,
6942,229,154,383,
6943,181,170,351,
6944,202,161,363,
6945,203,158,361,
6946,201,168,369,
6948,239,158,397,
6949,213,180,393,
6950,200,185,385,
6951,203,156,359,
6952,183,154,337,
6953,210,161,371,
6954,208,160,368,
6955,221,179,400,
6957,187,190,377,
6958,222,174,396,
6959,194,180,374,
6960,215,157,372,
6961,170,118,288,
6962,135,103,238,
6963,205,177,382,
6964,222,158,380,
6965,210,163,373,
6966,211,168,379,
6967,198,175,373,
6969,239,168,407,
6971,183,172,355,
6972,216,162,378,
6975,186,153,339,
6976,206,176,382,
6977,198,141,339,
6978,211,155,366,
6979,206,182,388,
6980,225,163,388,
6981,218,176,394,
6982,211,171,382,
6984,194,155,349,
6986,224,153,377,
6987,228,152,380,
6988,204,164,368,
6989,186,174,360,
6990,41,20,61,
6991,196,144,340,
6992,221,171,392,
6993,211,181,392,
6994,183,180,363,
6995,248,191,439,
6996,224,137,361,
6997,249,163,412,
6999,223,164,387,
7001,213,162,375,
7002,210,161,371,
7003,197,156,353,
7004,221,155,376,
7005,224,161,385,
7011,191,184,375,
7012,207,151,358,
7014,25,9,34,
7015,212,166,378,
7016,194,165,359,
7017,215,167,382,
7019,230,179,409,
7020,236,177,413,
7021,224,156,380,
7022,219,172,391,
7023,184,188,372,
7026,207,173,380,
7027,207,170,377,
7030,205,153,358,
7031,207,175,382,
7033,223,146,369,
7034,233,150,383,
7035,196,128,324,
7039,210,178,388,
7040,225,150,375,
7041,235,170,405,
7042,199,150,349,
7044,228,174,402,
7046,232,146,378,
7047,220,172,392,
7048,15,16,31,
7051,191,161,352,
7052,196,187,383,
7053,216,159,375,
7056,215,168,383,
7057,192,162,354,
7058,202,178,380,
7062,219,159,378,
7063,216,160,376,
7064,212,173,385,
7067,226,184,410,
7068,27,13,40,
7069,193,160,353,
7070,224,162,386,
7071,225,165,390,
7074,216,141,357,
7075,205,156,361,
7077,196,166,362,
7078,229,156,385,
7080,224,172,396,
7081,214,156,370,
7082,112,101,213,
7083,207,167,374,
7085,201,192,393,
7086,216,181,397,
7088,214,156,370,
7089,215,174,389,
7090,203,158,361,
7091,196,151,347,
7094,192,146,338,
7095,207,173,380,
7097,174,113,287,
7099,157,137,294,
7100,208,161,369,
7102,217,133,350,
7103,204,185,389,
7104,225,166,391,
7106,209,173,382,
7107,7,17,24,
7108,243,175,418,
7109,226,164,390,
7110,193,159,352,
7111,214,165,379,
7113,216,181,397,
7114,117,73,190,
7115,203,174,377,
7116,214,172,386,
7118,215,165,380,
7119,241,188,429,
7121,174,155,329,
7122,228,167,395,
7123,244,163,407,
7124,217,174,391,
7125,209,152,361,
7126,204,158,362,
7129,184,154,338,
7130,188,163,351,
7131,194,147,341,
7132,211,162,373,
7133,205,162,367,
7136,200,161,361,
7137,208,160,368,
7138,19,10,29,
7139,222,158,380,
7142,219,161,380,
7143,206,147,353,
7144,210,195,405,
7145,185,175,360,
7146,205,161,366,
7147,211,158,369,
7148,202,159,361,
7149,199,158,357,
7150,202,174,376,
7151,216,181,397,
7153,208,168,376,
7155,204,165,369,
7156,202,158,360,
7157,210,149,359,
7158,193,141,334,
7160,208,162,370,
7161,199,168,367,
7162,229,163,392,
7163,217,144,361,
7164,214,167,381,
7165,214,180,394,
7166,203,171,374,
7167,206,166,372,
7168,235,171,406,
7170,220,161,381,
7172,195,149,344,
7173,157,143,300,
7175,210,153,363,
7176,197,164,361,
7178,181,167,348,
7179,202,171,373,
7181,202,142,344,
7182,211,165,376,
7183,240,169,409,
7184,215,169,384,
7185,211,175,386,
7186,199,174,373,
7187,202,156,358,
7189,194,163,357,
7190,228,170,398,
7191,221,181,402,
7192,176,138,314,
7193,203,169,372,
7194,222,171,393,
7196,250,167,417,
7197,216,171,387,
7201,225,156,381,
7202,207,170,377,
7203,213,180,393,
7204,199,195,394,
7205,178,146,324,
7206,166,125,291,
7207,35,29,64,
7208,203,163,366,
7209,231,169,400,
7212,216,166,382,
7213,216,181,397,
7214,200,180,380,
7217,195,170,365,
7218,205,167,372,
7219,209,152,361,
7220,230,152,382,
7221,204,180,384,
7222,213,179,392,
7223,204,165,369,
7224,196,186,382,
7226,175,166,341,
7227,219,165,384,
7228,170,147,317,
7230,225,162,387,
7231,214,173,387,
7232,226,142,368,
7233,214,154,368,
7236,229,156,385,
7237,235,156,391,
7238,190,156,346,
7239,226,147,373,
7242,234,166,400,
7243,18,16,34,
7244,187,172,359,
7245,233,157,390,
7246,222,150,372,
7247,202,163,365,
7248,196,167,363,
7249,208,166,374,
7250,171,146,317,
7251,227,184,411,
7252,250,156,406,
7253,189,175,364,
7254,194,188,382,
7256,217,168,385,
7257,163,144,307,
7259,202,183,385,
7261,205,148,353,
7262,7,12,19,
7263,184,166,350,
7264,214,147,361,
7268,203,171,374,
7269,200,134,334,
7270,213,183,396,
7271,199,150,349,
7274,182,155,337,
7275,209,172,381,
7276,43,23,66,
7277,225,172,397,
7278,231,164,395,
7279,206,177,383,
7280,223,207,430,
7282,198,143,341,
7283,204,174,378,
7285,207,172,379,
7286,204,164,368,
7287,202,175,377,
7288,188,175,363,
7289,216,167,383,
7290,208,160,368,
7291,35,20,55,
7292,212,151,363,
7293,27,19,46,
7295,195,160,355,
7296,210,168,378,
7297,199,166,365,
7298,219,163,382,
7299,236,153,389,
7300,237,174,411,
7301,202,168,370,
7304,174,161,335,
7305,242,189,431,
7306,200,156,356,
7309,179,149,328,
7310,217,170,387,
7311,237,169,406,
7312,227,158,385,
7313,215,170,385,
7314,208,228,436,
7316,201,186,387,
7319,161,174,335,
7320,215,167,382,
7322,159,72,231,
7323,214,170,384,
7324,225,171,396,
7325,217,165,382,
7326,225,180,405,
7328,206,174,380,
7329,211,170,381,
7331,213,168,381,
7332,214,153,367,
7333,237,168,405,
7334,201,141,342,
7336,227,165,392,
7338,226,151,377,
7340,193,151,344,
7341,30,22,52,
7343,201,145,346,
7345,239,179,418,
7346,187,170,357,
7347,211,196,407,
7348,211,158,369,
7350,187,159,346,
7353,183,163,346,
7354,212,153,365,
7356,211,169,380,
7358,214,172,386,
7359,195,166,361,
7361,210,150,360,
7362,222,179,401,
7363,167,182,349,
7364,209,156,365,
7365,222,149,371,
7366,30,26,56,
7367,198,162,360,
7368,210,157,367,
7369,23,19,42,
7370,182,157,339,
7371,202,190,392,
7373,218,134,352,
7374,224,157,381,
7375,216,157,373,
7378,209,164,373,
7382,236,157,393,
7383,207,155,362,
7384,23,21,44,
7385,197,171,368,
7387,216,177,393,
7388,218,176,394,
7390,225,180,405,
7392,209,151,360,
7394,210,160,370,
7395,196,165,361,
7396,206,153,359,
7398,211,161,372,
7399,214,188,402,
7400,210,170,380,
7401,211,160,371,
7402,4,5,9,
7405,217,155,372,
7406,193,181,374,
7407,240,153,393,
7409,234,173,407,
7410,204,155,359,
7411,221,169,390,
7412,244,170,414,
7413,236,163,399,
7414,206,193,399,
7415,198,170,368,
7416,218,129,347,
7417,235,168,403,
7419,207,162,369,
7420,232,182,414,
7421,200,180,380,
7422,227,177,404,
7424,67,55,122,
7425,240,157,397,
7426,212,169,381,
7427,227,152,379,
7428,204,182,386,
7429,146,123,269,
7430,211,183,394,
7431,215,151,366,
7432,216,156,372,
7433,191,142,333,
7434,32,18,50,
7435,213,162,375,
7436,258,165,423,
7437,209,163,372,
7438,204,160,364,
7439,238,181,419,
7441,231,170,401,
7443,189,167,356,
7444,235,174,409,
7446,241,160,401,
7447,220,165,385,
7448,228,177,405,
7449,209,170,379,
7450,219,177,396,
7451,178,176,354,
7452,204,169,373,
7454,219,170,389,
7455,216,167,383,
7456,199,175,374,
7457,215,146,361,
7459,215,161,376,
7460,225,168,393,
7461,225,141,366,
7462,6,10,16,
7463,210,187,397,
7464,199,168,367,
7465,219,171,390,
7466,222,167,389,
7468,225,160,385,
7469,216,155,371,
7471,222,133,355,
7472,206,158,364,
7474,229,191,420,
7475,238,167,405,
7476,185,156,341,
7477,213,165,378,
7478,230,175,405,
7479,197,171,368,
7480,198,151,349,
7481,203,147,350,
7482,172,175,347,
7483,226,152,378,
7484,186,167,353,
7485,230,168,398,
7486,44,39,83,
7487,209,169,378,
7488,185,170,355,
7489,214,166,380,
7490,211,158,369,
7491,221,139,360,
7492,245,174,419,
7494,208,184,392,
7497,230,141,371,
7498,199,184,383,
7499,238,177,415,
7501,216,181,397,
7502,179,156,335,
7504,220,156,376,
7505,230,156,386,
7506,220,178,398,
7508,215,178,393,
7509,207,170,377,
7510,178,170,348,
7511,192,166,358,
7512,195,165,360,
7513,198,172,370,
7514,219,177,396,
7515,226,171,397,
7516,13,6,19,
7518,190,151,341,
7519,199,168,367,
7520,228,172,400,
7521,208,180,388,
7524,239,163,402,
7526,222,191,413,
7529,217,179,396,
7530,199,152,351,
7531,207,161,368,
7532,215,152,367,
7533,201,179,380,
7534,23,15,38,
7536,233,166,399,
7537,213,159,372,
7538,221,160,381,
7539,214,151,365,
7540,221,190,411,
7541,164,126,290,
7542,209,182,391,
7543,234,166,400,
7544,192,208,400,
7545,196,175,371,
7546,204,153,357,
7548,215,149,364,
7549,193,175,368,
7550,218,175,393,
7551,204,193,397,
7552,216,179,395,
7553,195,134,329,
7554,214,172,386,
7555,204,152,356,
7557,146,103,249,
7558,206,194,400,
7559,202,149,351,
7560,197,149,346,
7562,221,147,368,
7563,178,162,340,
7564,206,163,369,
7566,202,173,375,
7567,229,152,381,
7568,211,201,412,
7569,30,26,56,
7570,39,22,61,
7571,200,182,382,
7572,214,151,365,
7573,199,187,386,
7574,205,149,354,
7575,197,172,369,
7576,210,168,378,
7578,203,183,386,
7579,211,167,378,
7580,183,180,363,
7581,32,24,56,
7582,211,153,364,
7584,219,173,392,
7585,214,136,350,
7587,18,12,30,
7588,226,202,428,
7591,200,188,388,
7593,212,161,373,
7597,265,171,436,
7598,203,160,363,
7599,162,147,309,
7600,221,153,374,
7601,223,173,396,
7602,184,172,356,
7603,200,141,341,
7604,212,158,370,
7605,196,144,340,
7606,209,173,382,
7607,199,147,346,
7608,223,167,390,
7609,204,166,370,
7610,136,135,271,
7612,228,174,402,
7615,204,171,375,
7616,173,164,337,
7617,211,161,372,
7618,220,193,413,
7619,202,188,390,
7620,189,161,350,
7621,205,149,354,
7622,242,163,405,
7623,206,182,388,
7625,210,154,364,
7626,220,165,385,
7628,196,174,370,
7631,222,183,405,
7632,149,119,268,
7635,217,165,382,
7638,178,125,303,
7640,200,158,358,
7643,40,31,71,
7644,202,171,373,
7645,205,133,338,
7646,234,161,395,
7648,195,151,346,
7649,208,181,389,
7650,183,161,344,
7651,228,168,396,
7652,220,164,384,
7653,182,150,332,
7654,207,174,381,
7656,199,160,359,
7659,203,160,363,
7660,19,9,28,
7661,213,167,380,
7663,205,161,366,
7664,205,163,368,
7665,227,182,409,
7667,201,186,387,
7669,221,171,392,
7670,225,168,393,
7673,205,158,363,
7674,212,166,378,
7675,210,160,370,
7676,181,168,349,
7678,197,174,371,
7679,210,158,368,
7680,209,169,378,
7681,218,173,391,
7682,209,199,408,
7683,224,192,416,
7684,205,177,382,
7685,228,179,407,
7686,193,173,366,
7687,34,35,69,
7688,183,195,378,
7689,229,166,395,
7690,185,152,337,
7691,207,159,366,
7692,217,153,370,
7694,223,179,402,
7697,215,157,372,
7698,227,189,416,
7699,207,197,404,
7702,216,152,368,
7703,233,189,422,
7704,215,169,384,
7705,198,163,361,
7706,225,172,397,
7708,221,179,400,
7709,202,183,385,
7710,243,154,397,
7711,234,151,385,
7712,206,174,380,
7713,200,168,368,
7714,231,165,396,
7715,196,144,340,
7716,208,185,393,
7717,162,134,296,
7718,205,148,353,
7719,219,150,369,
7720,199,154,353,
7721,202,166,368,
7722,221,157,378,
7725,195,154,349,
7726,205,172,377,
7728,232,137,369,
7731,223,187,410,
7734,219,150,369,
7736,199,181,380,
7737,227,179,406,
7738,226,157,383,
7740,193,179,372,
7741,188,139,327,
7742,209,170,379,
7743,225,147,372,
7747,176,127,303,
7748,227,170,397,
7749,224,143,367,
7750,228,144,372,
7751,34,22,56,
7752,219,159,378,
7753,197,160,357,
7754,226,143,369,
7756,231,175,406,
7757,170,156,326,
7758,202,181,383,
7759,217,165,382,
7761,178,182,360,
7762,208,174,382,
7763,212,169,381,
7765,197,171,368,
7766,224,156,380,
7767,240,173,413,
7768,197,145,342,
7770,211,168,379,
7771,224,151,375,
7772,206,170,376,
7773,200,153,353,
7775,229,173,402,
7776,189,175,364,
7777,233,167,400,
7778,244,172,416,
7780,224,159,383,
7784,194,167,361,
7786,201,161,362,
7787,220,165,385,
7788,212,169,381,
7789,190,158,348,
7791,209,152,361,
7792,222,150,372,
7794,34,35,69,
7795,197,152,349,
7796,205,176,381,
7799,158,131,289,
7800,202,175,377,
7801,211,175,386,
7802,182,187,369,
7807,201,161,362,
7808,190,152,342,
7809,204,168,372,
7810,174,153,327,
7811,201,190,391,
7812,210,142,352,
7813,199,154,353,
7814,193,171,364,
7815,223,174,397,
7816,225,149,374,
7817,219,151,370,
7818,221,162,383,
7819,204,150,354,
7820,13,5,18,
7822,188,152,340,
7823,209,174,383,
7824,213,167,380,
7825,32,34,66,
7827,199,175,374,
7828,199,178,377,
7830,204,165,369,
7831,32,25,57,
7833,223,175,398,
7834,213,178,391,
7836,224,143,367,
7837,206,172,378,
7838,194,184,378,
7839,168,173,341,
7840,204,145,349,
7841,198,160,358,
7842,199,150,349,
7843,195,158,353,
7844,1,1,2,
7845,202,177,379,
7846,203,178,381,
7847,197,158,355,
7848,213,193,406,
7849,226,161,387,
7850,146,129,275,
7852,198,196,394,
7853,196,144,340,
7854,175,171,346,
7855,24,22,46,
7856,236,155,391,
7857,223,143,366,
7860,25,34,59,
7861,221,156,377,
7862,215,174,389,
7863,212,166,378,
7864,222,164,386,
7865,224,179,403,
7866,196,158,354,
7867,212,166,378,
7868,204,146,350,
7871,206,184,390,
7872,190,161,351,
7873,216,149,365,
7874,218,141,359,
7875,198,178,376,
7876,233,157,390,
7878,194,190,384,
7879,195,152,347,
7880,218,173,391,
7881,213,160,373,
7882,172,106,278,
7883,180,159,339,
7886,201,137,338,
7887,202,159,361,
7890,197,164,361,
7891,9,6,15,
7892,177,163,340,
7893,186,174,360,
7894,215,148,363,
7895,177,174,351,
7896,195,154,349,
7897,214,163,377,
7899,196,150,346,
7900,174,130,304,
7901,225,163,388,
7903,235,147,382,
7905,224,163,387,
7906,200,185,385,
7907,168,150,318,
7908,220,191,411,
7909,22,20,42,
7910,208,183,391,
7911,204,165,369,
7912,229,159,388,
7913,211,175,386,
7914,190,178,368,
7915,234,165,399,
7916,195,188,383,
7917,200,175,375,
7918,217,157,374,
7920,216,169,385,
7921,238,144,382,
7922,209,183,392,
7925,223,149,372,
7927,201,163,364,
7928,187,151,338,
7930,210,181,391,
7931,189,168,357,
7933,132,84,216,
7936,200,151,351,
7937,191,173,364,
7938,213,165,378,
7939,216,165,381,
7940,217,159,376,
7941,205,139,344,
7942,128,109,237,
7943,231,152,383,
7948,250,158,408,
7949,225,163,388,
7950,170,167,337,
7951,211,154,365,
7952,228,157,385,
7955,199,183,382,
7956,206,158,364,
7959,234,165,399,
7960,210,148,358,
7961,244,171,415,
7962,202,173,375,
7963,185,162,347,
7966,243,163,406,
7968,214,158,372,
7969,216,161,377,
7970,224,188,412,
7971,231,158,389,
7977,194,122,316,
7978,212,149,361,
7980,208,122,330,
7981,228,157,385,
7982,201,159,360,
7983,210,145,355,
7984,225,168,393,
7985,209,161,370,
7986,19,20,39,
7987,223,154,377,
7989,177,140,317,
7990,26,23,49,
7992,219,181,400,
7993,198,152,350,
7994,234,150,384,
7995,206,149,355,
7996,196,183,379,
7997,221,164,385,
7999,199,171,370,
8002,200,170,370,
8004,181,173,354,
8005,222,169,391,
8006,198,164,362,
8007,232,160,392,
8008,169,125,294,
8011,221,159,380,
8012,199,149,348,
8013,16,18,34,
8014,220,171,391,
8016,228,172,400,
8017,232,147,379,
8019,215,160,375,
8021,200,163,363,
8022,190,150,340,
8023,208,176,384,
8026,217,173,390,
8028,208,159,367,
8032,197,167,364,
8033,183,153,336,
8034,206,137,343,
8036,212,184,396,
8037,226,158,384,
8038,39,26,65,
8040,206,151,357,
8041,208,149,357,
8042,235,200,435,
8043,172,177,349,
8044,217,188,405,
8046,197,153,350,
8047,216,157,373,
8048,24,21,45,
8049,200,176,376,
8050,206,165,371,
8051,224,167,391,
8052,222,165,387,
8053,210,150,360,
8054,208,148,356,
8055,211,179,390,
8056,210,166,376,
8057,203,159,362,
8058,200,154,354,
8059,237,173,410,
8060,209,147,356,
8061,19,20,39,
8062,206,153,359,
8063,198,169,367,
8065,227,161,388,
8066,199,147,346,
8067,207,173,380,
8069,221,132,353,
8070,238,174,412,
8071,223,173,396,
8072,227,162,389,
8074,224,167,391,
8075,193,145,338,
8076,190,135,325,
8077,228,157,385,
8078,214,164,378,
8079,156,128,284,
8081,193,172,365,
8083,203,153,356,
8084,160,129,289,
8086,219,182,401,
8087,206,188,394,
8088,201,144,345,
8091,239,162,401,
8095,119,99,218,
8096,31,18,49,
8099,225,184,409,
8100,216,167,383,
8101,214,174,388,
8102,215,157,372,
8103,29,14,43,
8104,190,163,353,
8105,212,167,379,
8106,196,164,360,
8107,190,154,344,
8108,213,169,382,
8109,183,178,361,
8110,230,161,391,
8111,225,173,398,
8112,194,166,360,
8115,35,22,57,
8116,199,180,379,
8117,206,166,372,
8119,220,182,402,
8120,226,159,385,
8121,210,173,383,
8122,210,191,401,
8123,191,168,359,
8124,8,14,22,
8126,186,154,340,
8127,215,157,372,
8128,197,160,357,
8129,197,144,341,
8130,233,157,390,
8131,188,165,353,
8132,33,39,72,
8133,196,162,358,
8135,216,168,384,
8137,177,176,353,
8138,210,159,369,
8139,214,160,374,
8140,215,160,375,
8141,202,159,361,
8142,195,172,367,
8143,176,128,304,
8144,228,149,377,
8148,216,153,369,
8149,35,31,66,
8150,187,165,352,
8151,231,171,402,
8152,221,171,392,
8153,212,160,372,
8154,183,153,336,
8155,215,165,380,
8156,217,172,389,
8157,198,178,376,
8159,203,184,387,
8160,221,157,378,
8161,215,167,382,
8163,209,151,360,
8164,187,153,340,
8165,199,174,373,
8167,173,122,295,
8168,195,148,343,
8169,238,196,434,
8170,196,173,369,
8171,212,170,382,
8172,198,141,339,
8176,213,162,375,
8179,263,166,429,
8180,224,153,377,
8181,216,163,379,
8182,210,178,388,
8183,196,164,360,
8184,205,152,357,
8185,193,143,336,
8186,207,152,359,
8187,186,168,354,
8188,179,165,344,
8189,176,163,339,
8190,210,154,364,
8191,229,173,402,
8195,199,157,356,
8196,212,169,381,
8197,230,146,376,
8198,200,194,394,
8199,215,188,403,
8200,196,148,344,
8201,206,171,377,
8202,199,169,368,
8204,215,143,358,
8205,200,153,353,
8207,230,172,402,
8210,224,156,380,
8211,204,170,374,
8212,232,158,390,
8213,193,141,334,
8215,181,170,351,
8216,189,142,331,
8218,201,169,370,
8219,171,129,300,
8220,204,161,365,
8222,169,183,352,
8223,224,156,380,
8224,189,155,344,
8225,218,181,399,
8226,195,163,358,
8227,190,166,356,
8228,225,168,393,
8229,18,14,32,
8230,235,139,374,
8231,182,173,355,
8232,233,142,375,
8233,215,158,373,
8234,184,158,342,
8237,218,153,371,
8239,191,178,369,
8240,207,166,373,
8241,24,26,50,
8243,220,163,383,
8244,201,175,376,
8245,192,160,352,
8246,244,141,385,
8247,181,185,366,
8248,223,176,399,
8249,198,173,371,
8250,205,174,379,
8252,204,177,381,
8253,219,150,369,
8254,229,169,398,
8255,203,167,370,
8256,194,162,356,
8257,213,165,378,
8259,204,166,370,
8260,210,185,395,
8262,214,178,392,
8264,197,149,346,
8265,212,163,375,
8268,202,166,368,
8269,197,173,370,
8270,193,123,316,
8271,195,164,359,
8273,217,190,407,
8274,226,161,387,
8277,215,169,384,
8278,219,147,366,
8279,156,131,287,
8281,195,141,336,
8283,231,171,402,
8284,182,187,369,
8286,188,161,349,
8287,222,175,397,
8288,24,17,41,
8290,225,161,386,
8291,29,27,56,
8293,212,159,371,
8294,217,161,378,
8297,193,164,357,
8298,163,104,267,
8300,205,162,367,
8301,35,25,60,
8302,204,159,363,
8303,199,161,360,
8305,205,140,345,
8306,194,157,351,
8307,225,167,392,
8309,231,162,393,
8310,223,169,392,
8311,218,161,379,
8312,220,169,389,
8313,206,157,363,
8315,229,165,394,
8316,243,141,384,
8317,234,178,412,
8318,215,161,376,
8319,208,139,347,
8320,215,172,387,
8321,36,30,66,
8322,236,168,404,
8323,197,166,363,
8324,224,170,394,
8325,212,140,352,
8326,204,149,353,
8327,212,162,374,
8330,185,157,342,
8331,231,180,411,
8332,195,135,330,
8333,196,112,308,
8334,247,138,385,
8335,204,188,392,
8336,196,162,358,
8338,228,149,377,
8339,204,169,373,
8340,218,161,379,
8341,235,166,401,
8343,210,187,397,
8344,203,170,373,
8345,227,165,392,
8346,191,178,369,
8349,224,138,362,
8350,195,173,368,
8351,200,161,361,
8352,207,171,378,
8353,187,167,354,
8354,225,159,384,
8356,216,169,385,
8358,7,2,9,
8361,209,159,368,
8362,196,171,367,
8363,230,158,388,
8364,177,167,344,
8366,225,161,386,
8367,163,135,298,
8368,192,181,373,
8369,225,174,399,
8370,223,146,369,
8371,221,169,390,
8372,215,158,373,
8374,222,147,369,
8375,202,195,397,
8376,228,155,383,
8377,197,162,359,
8378,185,148,333,
8379,189,168,357,
8380,208,185,393,
8381,192,159,351,
8383,219,148,367,
8384,227,142,369,
8385,187,170,357,
8386,215,139,354,
8387,225,170,395,
8389,184,159,343,
8390,186,174,360,
8391,218,148,366,
8393,191,143,334,
8394,224,167,391,
8395,186,162,348,
8396,200,168,368,
8397,243,157,400,
8399,205,174,379,
8400,196,157,353,
8402,220,165,385,
8403,207,172,379,
8404,8,7,15,
8405,214,171,385,
8406,231,155,386,
8407,216,180,396,
8409,217,176,393,
8410,198,142,340,
8411,234,150,384,
8412,198,186,384,
8413,229,150,379,
8414,209,161,370,
8415,196,151,347,
8416,208,193,401,
8417,222,190,412,
8419,216,145,361,
8420,206,175,381,
8421,185,157,342,
8423,220,155,375,
8424,217,165,382,
8425,225,172,397,
8426,230,179,409,
8427,196,148,344,
8428,226,145,371,
8429,207,178,385,
8430,193,159,352,
8431,192,181,373,
8432,224,155,379,
8433,217,177,394,
8437,207,174,381,
8438,201,185,386,
8439,238,174,412,
8442,197,165,362,
8443,194,190,384,
8444,224,170,394,
8445,192,176,368,
8446,203,156,359,
8447,186,170,356,
8449,223,150,373,
8450,240,170,410,
8451,214,183,397,
8452,186,144,330,
8453,212,144,356,
8454,214,164,378,
8455,211,189,400,
8456,179,149,328,
8457,210,165,375,
8459,229,163,392,
8460,197,155,352,
8461,220,165,385,
8462,235,145,380,
8463,208,158,366,
8464,214,178,392,
8465,212,183,395,
8466,192,170,362,
8467,223,152,375,
8469,251,136,387,
8471,215,158,373,
8472,224,152,376,
8473,214,167,381,
8474,207,181,388,
8475,206,160,366,
8477,205,146,351,
8478,217,176,393,
8479,214,161,375,
8480,213,143,356,
8481,198,168,366,
8482,228,170,398,
8483,217,178,395,
8486,184,180,364,
8487,151,130,281,
8488,229,155,384,
8491,243,184,427,
8492,212,159,371,
8493,231,175,406,
8494,204,172,376,
8496,210,173,383,
8497,194,167,361,
8499,38,25,63,
8500,171,143,314,
8501,203,165,368,
8502,196,169,365,
8504,214,143,357,
8505,206,143,349,
8508,205,172,377,
8509,211,165,376,
8510,223,171,394,
8511,207,168,375,
8512,247,170,417,
8513,196,176,372,
8514,224,174,398,
8515,219,181,400,
8516,225,152,377,
8518,242,168,410,
8519,240,151,391,
8520,230,163,393,
8521,209,170,379,
8523,215,173,388,
8524,209,178,387,
8525,226,148,374,
8527,218,169,387,
8528,197,181,378,
8529,201,159,360,
8531,230,148,378,
8532,209,154,363,
8533,210,156,366,
8535,214,186,400,
8537,173,164,337,
8539,205,151,356,
8540,194,163,357,
8541,225,166,391,
8542,226,169,395,
8543,209,154,363,
8544,154,121,275,
8545,208,125,333,
8546,221,161,382,
8547,224,141,365,
8549,193,166,359,
8550,209,138,347,
8551,192,165,357,
8552,3,4,7,
8554,190,144,334,
8556,218,154,372,
8557,24,19,43,
8558,203,157,360,
8559,226,170,396,
8560,217,167,384,
8561,221,184,405,
8563,225,185,410,
8564,215,187,402,
8565,181,150,331,
8566,249,182,431,
8567,199,187,386,
8568,206,174,380,
8569,211,172,383,
8570,218,186,404,
8571,24,28,52,
8574,207,168,375,
8577,229,181,410,
8578,203,153,356,
8579,224,152,376,
8580,199,157,356,
8582,224,163,387,
8585,213,157,370,
8586,39,40,79,
8587,222,192,414,
8588,222,189,411,
8590,193,188,381,
8591,199,156,355,
8592,217,155,372,
8593,217,159,376,
8594,203,138,341,
8595,231,150,381,
8596,215,154,369,
8597,25,15,40,
8599,211,132,343,
8601,222,164,386,
8602,207,158,365,
8603,206,173,379,
8604,204,151,355,
8605,183,164,347,
8606,204,150,354,
8607,208,168,376,
8608,3,4,7,
8610,202,162,364,
8611,195,159,354,
8612,216,150,366,
8613,227,202,429,
8614,231,147,378,
8615,179,158,337,
8616,200,165,365,
8617,201,173,374,
8618,26,28,54,
8621,227,179,406,
8622,207,166,373,
8623,209,159,368,
8624,212,179,391,
8626,237,177,414,
8627,191,167,358,
8629,196,173,369,
8630,189,141,330,
8631,216,175,391,
8632,218,158,376,
8633,20,8,28,
8635,205,167,372,
8636,206,158,364,
8637,223,165,388,
8638,202,186,388,
8639,226,165,391,
8641,242,166,408,
8642,202,178,380,
8646,214,146,360,
8647,184,163,347,
8648,210,180,390,
8649,229,190,419,
8650,188,144,332,
8651,215,153,368,
8652,193,171,364,
8654,236,162,398,
8655,225,181,406,
8656,207,167,374,
8657,179,170,349,
8658,255,180,435,
8659,223,160,383,
8660,215,154,369,
8662,215,167,382,
8663,200,136,336,
8664,231,162,393,
8665,214,143,357,
8666,199,132,331,
8669,229,158,387,
8670,182,163,345,
8671,213,163,376,
8672,235,168,403,
8673,230,166,396,
8674,196,152,348,
8675,196,186,382,
8677,198,167,365,
8678,226,155,381,
8680,199,164,363,
8681,35,17,52,
8683,209,155,364,
8684,224,159,383,
8685,201,152,353,
8686,217,149,366,
8687,204,189,393,
8689,223,171,394,
8690,217,146,363,
8691,219,170,389,
8692,227,164,391,
8693,192,170,362,
8694,240,163,403,
8695,218,182,400,
8696,199,171,370,
8698,196,166,362,
8699,218,186,404,
8702,222,159,381,
8703,213,158,371,
8705,30,21,51,
8706,202,169,371,
8707,210,162,372,
8708,216,152,368,
8709,213,182,395,
8710,204,159,363,
8712,243,164,407,
8713,189,153,342,
8714,176,172,348,
8715,187,188,375,
8716,185,144,329,
8717,214,182,396,
8718,205,171,376,
8720,233,162,395,
8722,196,153,349,
8723,238,158,396,
8729,30,22,52,
8730,221,159,380,
8731,228,130,358,
8733,219,196,415,
8737,233,162,395,
8738,230,197,427,
8739,182,159,341,
8740,201,156,357,
8741,212,180,392,
8742,216,164,380,
8744,205,194,399,
8745,216,162,378,
8747,213,165,378,
8748,209,170,379,
8749,209,182,391,
8753,212,168,380,
8754,192,152,344,
8760,220,175,395,
8762,226,194,420,
8763,206,163,369,
8764,241,181,422,
8765,205,177,382,
8766,168,134,302,
8767,221,147,368,
8768,202,158,360,
8769,32,20,52,
8771,215,162,377,
8772,191,182,373,
8773,214,178,392,
8774,192,155,347,
8775,221,153,374,
8777,9,12,21,
8778,200,167,367,
8781,230,181,411,
8783,200,187,387,
8784,223,156,379,
8785,216,183,399,
8786,241,172,413,
8787,211,159,370,
8788,210,147,357,
8790,194,153,347,
8791,171,118,289,
8792,204,181,385,
8793,203,172,375,
8794,40,31,71,
8795,214,169,383,
8797,219,170,389,
8800,182,149,331,
8801,233,198,431,
8802,216,188,404,
8803,204,174,378,
8806,199,171,370,
8807,206,162,368,
8808,199,146,345,
8809,190,155,345,
8811,210,191,401,
8813,204,153,357,
8815,188,179,367,
8816,193,168,361,
8818,115,117,232,
8820,29,24,53,
8824,204,178,382,
8825,234,157,391,
8827,180,181,361,
8828,180,149,329,
8829,206,159,365,
8830,193,148,341,
8831,176,166,342,
8832,224,174,398,
8833,195,161,356,
8837,194,173,367,
8838,215,155,370,
8839,198,175,373,
8840,25,19,44,
8841,208,142,350,
8842,202,168,370,
8843,201,168,369,
8844,178,161,339,
8845,230,166,396,
8846,227,164,391,
8847,226,176,402,
8848,218,158,376,
8850,223,155,378,
8852,203,156,359,
8853,192,171,363,
8854,207,148,355,
8855,218,146,364,
8856,190,163,353,
8857,203,183,386,
8858,207,149,356,
8859,216,189,405,
8861,243,177,420,
8862,220,177,397,
8863,221,159,380,
8864,183,182,365,
8865,202,183,385,
8867,191,184,375,
8868,176,177,353,
8869,226,172,398,
8870,32,27,59,
8871,198,153,351,
8872,225,164,389,
8873,204,178,382,
8875,219,139,358,
8876,210,165,375,
8877,189,153,342,
8878,206,174,380,
8879,215,155,370,
8880,207,146,353,
8881,203,152,355,
8882,208,171,379,
8883,163,140,303,
8884,205,148,353,
8885,185,156,341,
8886,230,160,390,
8887,37,26,63,
8888,31,20,51,
8889,172,187,359,
8890,187,164,351,
8891,198,184,382,
8892,221,176,397,
8893,210,167,377,
8895,7,5,12,
8898,234,182,416,
8899,242,174,416,
8900,186,137,323,
8901,202,157,359,
8902,231,167,398,
8903,198,179,377,
8904,211,148,359,
8905,201,169,370,
8906,207,139,346,
8907,215,167,382,
8910,196,163,359,
8911,232,173,405,
8912,231,148,379,
8913,219,176,395,
8914,207,165,372,
8915,217,156,373,
8916,200,169,369,
8917,207,179,386,
8918,208,189,397,
8919,200,145,345,
8920,221,188,409,
8922,217,169,386,
8923,210,122,332,
8924,209,165,374,
8925,199,168,367,
8926,42,36,78,
8927,204,158,362,
8928,218,176,394,
8929,176,158,334,
8930,214,171,385,
8931,216,170,386,
8932,236,145,381,
8933,203,177,380,
8934,25,22,47,
8936,182,156,338,
8937,205,187,392,
8938,228,173,401,
8940,230,171,401,
8941,198,186,384,
8942,223,171,394,
8944,29,26,55,
8945,193,146,339,
8946,170,151,321,
8947,226,169,395,
8948,223,169,392,
8950,205,172,377,
8951,230,138,368,
8953,226,160,386,
8954,216,169,385,
8955,204,161,365,
8958,189,158,347,
8959,243,143,386,
8961,214,146,360,
8962,221,164,385,
8963,194,143,337,
8964,198,165,363,
8965,242,143,385,
8966,237,168,405,
8969,226,148,374,
8970,191,178,369,
8971,208,176,384,
8972,205,142,347,
8973,204,151,355,
8976,237,154,391,
8977,213,163,376,
8978,206,171,377,
8979,223,167,390,
8981,206,164,370,
8982,197,154,351,
8983,227,153,380,
8984,186,160,346,
8985,225,163,388,
8987,24,21,45,
8988,226,159,385,
8990,216,173,389,
8991,201,156,357,
8992,207,149,356,
8993,212,169,381,
8998,219,168,387,
8999,210,172,382,
9000,192,181,373,
9001,36,22,58,
9004,205,156,361,
9006,244,150,394,
9007,203,146,349,
9009,222,183,405,
9010,187,136,323,
9011,208,207,415,
9012,220,180,400,
9013,242,124,366,
9014,213,177,390,
9016,187,149,336,
9017,176,157,333,
9018,168,160,328,
9019,200,171,371,
9020,242,171,413,
9021,209,171,380,
9023,210,191,401,
9024,176,151,327,
9025,27,19,46,
9026,191,155,346,
9027,250,150,400,
9030,144,111,255,
9031,210,160,370,
9032,188,162,350,
9033,213,155,368,
9034,210,168,378,
9035,237,144,381,
9036,216,172,388,
9037,180,175,355,
9039,225,165,390,
9040,209,138,347,
9041,223,154,377,
9042,197,148,345,
9043,221,148,369,
9044,226,167,393,
9045,11,15,26,
9046,176,135,311,
9048,202,171,373,
9049,207,164,371,
9050,207,205,412,
9052,218,157,375,
9053,221,167,388,
9054,248,149,397,
9055,209,168,377,
9056,225,169,394,
9058,221,169,390,
9059,214,165,379,
9060,222,166,388,
9061,211,178,389,
9062,231,151,382,
9063,175,159,334,
9064,206,166,372,
9065,245,159,404,
9066,2,1,3,
9067,218,162,380,
9068,24,16,40,
9069,197,155,352,
9070,197,142,339,
9071,217,160,377,
9074,203,179,382,
9076,222,146,368,
9077,189,179,368,
9078,213,158,371,
9079,142,99,241,
9081,249,153,402,
9083,224,169,393,
9084,196,142,338,
9085,203,194,397,
9086,54,35,89,
9087,198,163,361,
9088,196,129,325,
9090,209,146,355,
9091,217,161,378,
9092,191,172,363,
9093,232,178,410,
9094,205,176,381,
9095,223,145,368,
9098,194,154,348,
9100,234,151,385,
9101,226,159,385,
9102,218,166,384,
9103,213,174,387,
9104,197,148,345,
9105,182,184,366,
9107,192,158,350,
9109,224,184,408,
9110,222,167,389,
9111,203,161,364,
9112,202,134,336,
9114,201,161,362,
9115,208,175,383,
9119,188,173,361,
9120,247,146,393,
9121,198,158,356,
9123,6,5,11,
9124,220,160,380,
9126,216,189,405,
9127,238,154,392,
9128,201,155,356,
9129,192,170,362,
9131,219,157,376,
9132,219,200,419,
9134,211,155,366,
9135,218,173,391,
9136,208,170,378,
9137,192,166,358,
9139,188,171,359,
9141,214,162,376,
9142,200,164,364,
9143,192,162,354,
9144,218,147,365,
9145,227,157,384,
9146,189,161,350,
9148,202,172,374,
9149,210,155,365,
9150,185,185,370,
9152,207,154,361,
9153,209,167,376,
9156,205,160,365,
9157,217,170,387,
9159,192,156,348,
9162,206,155,361,
9163,34,27,61,
9164,203,157,360,
9165,226,176,402,
9167,142,142,284,
9168,222,168,390,
9169,164,115,279,
9170,211,161,372,
9172,216,149,365,
9174,186,149,335,
9176,197,165,362,
9177,200,166,366,
9178,214,182,396,
9180,233,178,411,
9181,234,173,407,
9182,207,154,361,
9183,223,171,394,
9184,27,15,42,
9185,166,218,384,
9186,218,158,376,
9187,27,30,57,
9189,196,198,394,
9191,220,165,385,
9192,204,171,375,
9193,189,184,373,
9194,222,195,417,
9195,202,153,355,
9196,225,144,369,
9197,190,160,350,
9198,182,151,333,
9199,218,175,393,
9200,225,135,360,
9201,259,157,416,
9202,210,151,361,
9203,201,176,377,
9204,225,165,390,
9205,223,165,388,
9206,219,169,388,
9207,186,155,341,
9208,189,186,375,
9209,219,168,387,
9210,210,172,382,
9212,199,154,353,
9213,218,154,372,
9214,192,166,358,
9216,208,155,363,
9217,204,181,385,
9219,196,168,364,
9220,225,169,394,
9221,204,142,346,
9222,209,161,370,
9223,185,160,345,
9225,219,158,377,
9226,205,193,398,
9227,210,164,374,
9228,195,150,345,
9229,28,25,53,
9230,234,144,378,
9231,231,148,379,
9232,200,169,369,
9233,205,160,365,
9235,199,147,346,
9236,228,172,400,
9237,223,171,394,
9238,229,181,410,
9239,245,157,402,
9240,221,162,383,
9241,241,174,415,
9242,24,31,55,
9243,44,38,82,
9244,188,150,338,
9245,53,35,88,
9246,197,170,367,
9247,218,150,368,
9248,203,169,372,
9250,220,153,373,
9251,230,160,390,
9252,226,145,371,
9253,31,28,59,
9256,191,196,387,
9257,220,165,385,
9258,263,161,424,
9259,210,157,367,
9260,204,172,376,
9261,220,163,383,
9263,201,167,368,
9264,224,153,377,
9265,202,156,358,
9266,207,162,369,
9267,200,144,344,
9269,206,173,379,
9271,183,155,338,
9272,202,192,394,
9273,194,146,340,
9274,178,197,375,
9275,225,165,390,
9278,199,178,377,
9279,213,171,384,
9280,197,144,341,
9281,216,178,394,
9282,167,141,308,
9284,231,171,402,
9285,27,28,55,
9286,232,146,378,
9287,204,160,364,
9288,19,15,34,
9289,180,178,358,
9290,201,179,380,
9291,208,166,374,
9292,195,132,327,
9294,216,182,398,
9295,208,143,351,
9296,192,143,335,
9297,158,178,336,
9299,207,169,376,
9302,215,173,388,
9303,215,176,391,
9305,179,148,327,
9306,204,160,364,
9307,212,164,376,
9308,221,159,380,
9310,139,133,272,
9311,205,191,396,
9312,238,190,428,
9313,208,162,370,
9315,200,164,364,
9317,227,163,390,
9318,196,164,360,
9319,220,156,376,
9320,215,156,371,
9321,206,178,384,
9322,220,166,386,
9323,219,155,374,
9324,218,172,390,
9325,203,150,353,
9326,202,135,337,
9327,216,170,386,
9328,215,159,374,
9329,202,135,337,
9330,224,147,371,
9331,200,152,352,
9332,202,159,361,
9333,225,172,397,
9335,211,169,380,
9338,189,145,334,
9339,219,171,390,
9340,183,175,358,
9342,160,111,271,
9343,228,160,388,
9344,204,169,373,
9345,230,202,432,
9348,191,160,351,
9349,168,118,286,
9350,175,166,341,
9351,208,165,373,
9352,198,177,375,
9353,222,143,365,
9355,6,9,15,
9356,230,178,408,
9357,10,9,19,
9358,42,34,76,
9359,195,137,332,
9360,215,158,373,
9361,218,153,371,
9363,188,148,336,
9365,225,170,395,
9367,215,155,370,
9368,202,158,360,
9371,217,169,386,
9372,223,162,385,
9373,203,173,376,
9374,168,132,300,
9375,218,161,379,
9376,213,178,391,
9377,242,181,423,
9378,227,170,397,
9379,34,21,55,
9381,222,152,374,
9382,203,170,373,
9383,169,125,294,
9384,212,139,351,
9385,176,159,335,
9386,197,158,355,
9390,189,165,354,
9392,194,160,354,
9393,193,186,379,
9394,232,125,357,
9395,177,103,280,
9396,206,142,348,
9399,195,167,362,
9400,202,169,371,
9401,181,143,324,
9402,204,166,370,
9403,233,179,412,
9405,197,143,340,
9406,211,156,367,
9407,217,151,368,
9408,209,178,387,
9409,217,156,373,
9412,219,175,394,
9413,196,169,365,
9414,217,147,364,
9415,198,193,391,
9417,236,179,415,
9418,174,162,336,
9419,170,126,296,
9420,194,141,335,
9421,220,163,383,
9422,23,13,36,
9423,197,170,367,
9425,214,165,379,
9426,244,174,418,
9427,44,31,75,
9428,185,166,351,
9429,28,27,55,
9430,199,155,354,
9431,186,180,366,
9432,213,160,373,
9433,219,151,370,
9434,196,166,362,
9435,211,179,390,
9436,197,169,366,
9437,230,167,397,
9438,252,144,396,
9439,205,160,365,
9440,24,24,48,
9441,221,164,385,
9443,204,164,368,
9444,176,100,276,
9445,217,162,379,
9446,224,182,406,
9447,206,171,377,
9448,208,178,386,
9451,206,159,365,
9454,207,153,360,
9455,203,137,340,
9457,220,141,361,
9460,208,171,379,
9462,223,137,360,
9463,212,176,388,
9465,227,138,365,
9466,28,21,49,
9467,169,148,317,
9468,192,159,351,
9469,218,156,374,
9470,191,169,360,
9472,33,46,79,
9474,231,154,385,
9475,195,175,370,
9476,234,160,394,
9477,206,173,379,
9478,216,179,395,
9479,199,168,367,
9481,221,148,369,
9482,210,169,379,
9483,203,182,385,
9484,218,144,362,
9485,201,167,368,
9486,210,185,395,
9487,221,159,380,
9488,206,174,380,
9489,232,163,395,
9491,214,166,380,
9492,27,17,44,
9493,219,135,354,
9494,206,194,400,
9497,221,168,389,
9498,225,160,385,
9500,171,141,312,
9501,33,26,59,
9502,217,154,371,
9503,220,174,394,
9504,19,23,42,
9505,223,151,374,
9509,210,148,358,
9510,219,175,394,
9511,188,155,343,
9512,226,150,376,
9514,202,188,390,
9515,182,138,320,
9517,37,35,72,
9518,209,162,371,
9519,205,180,385,
9520,210,148,358,
9522,212,174,386,
9523,213,165,378,
9524,221,186,407,
9525,208,162,370,
9526,221,172,393,
9527,207,161,368,
9528,206,187,393,
9529,210,177,387,
9530,221,177,398,
9531,205,157,362,
9532,215,169,384,
9534,147,113,260,
9535,196,173,369,
9536,224,161,385,
9538,194,152,346,
9541,219,173,392,
9542,219,131,350,
9543,218,152,370,
9545,214,149,363,
9546,207,135,342,
9547,216,181,397,
9548,216,166,382,
9549,190,167,357,
9551,207,163,370,
9552,210,165,375,
9557,202,186,388,
9558,196,179,375,
9559,208,157,365,
9560,194,154,348,
9562,226,158,384,
9564,210,171,381,
9566,209,120,329,
9567,185,175,360,
9569,215,176,391,
9571,207,175,382,
9572,225,187,412,
9573,236,194,430,
9574,198,151,349,
9575,171,187,358,
9576,204,139,343,
9578,207,164,371,
9581,133,119,252,
9582,245,152,397,
9583,200,135,335,
9584,18,10,28,
9586,222,183,405,
9587,190,173,363,
9588,182,142,324,
9589,185,138,323,
9590,225,149,374,
9591,223,135,358,
9592,196,165,361,
9597,214,142,356,
9598,219,144,363,
9599,219,177,396,
9600,145,128,273,
9601,200,171,371,
9603,204,176,380,
9604,230,177,407,
9605,223,179,402,
9606,202,150,352,
9608,235,179,414,
9609,203,179,382,
9610,210,160,370,
9611,198,156,354,
9615,198,168,366,
9616,212,167,379,
9617,214,163,377,
9618,159,103,262,
9619,231,162,393,
9620,197,173,370,
9621,217,160,377,
9623,207,156,363,
9625,224,169,393,
9626,230,158,388,
9627,201,165,366,
9628,177,166,343,
9629,222,151,373,
9630,224,191,415,
9631,163,163,326,
9632,213,139,352,
9633,221,161,382,
9634,227,172,399,
9636,206,160,366,
9637,218,154,372,
9638,194,142,336,
9640,211,153,364,
9641,205,152,357,
9643,194,164,358,
9644,207,171,378,
9645,203,152,355,
9646,229,139,368,
9647,241,168,409,
9648,204,172,376,
9649,169,169,338,
9650,185,161,346,
9651,219,139,358,
9653,227,168,395,
9654,192,180,372,
9656,226,162,388,
9657,220,148,368,
9658,204,148,352,
9660,203,173,376,
9661,218,171,389,
9662,203,160,363,
9663,217,166,383,
9664,210,161,371,
9665,218,166,384,
9666,226,179,405,
9667,169,133,302,
9669,228,148,376,
9670,223,175,398,
9671,212,139,351,
9672,222,182,404,
9673,209,192,401,
9676,199,155,354,
9677,195,163,358,
9678,213,147,360,
9679,190,151,341,
9681,216,165,381,
9682,220,176,396,
9684,225,142,367,
9685,190,174,364,
9686,216,177,393,
9687,218,177,395,
9688,40,26,66,
9690,230,154,384,
9691,228,157,385,
9692,223,157,380,
9693,190,162,352,
9694,222,217,439,
9695,198,172,370,
9696,201,176,377,
9697,35,27,62,
9698,200,171,371,
9700,214,173,387,
9702,181,167,348,
9703,200,150,350,
9705,197,168,365,
9706,228,156,384,
9707,186,151,337,
9709,197,173,370,
9710,236,140,376,
9711,211,163,374,
9712,212,138,350,
9713,210,147,357,
9714,229,183,412,
9715,204,154,358,
9716,207,155,362,
9717,208,158,366,
9718,227,163,390,
9719,205,171,376,
9720,223,188,411,
9723,205,173,378,
9724,206,175,381,
9725,215,193,408,
9726,24,25,49,
9728,225,165,390,
9729,200,163,363,
9730,224,182,406,
9732,203,144,347,
9733,208,163,371,
9734,213,188,401,
9735,205,171,376,
9737,196,175,371,
9738,210,155,365,
9739,217,161,378,
9740,199,168,367,
9741,178,146,324,
9742,203,161,364,
9744,33,29,62,
9746,194,177,371,
9747,189,173,362,
9748,218,141,359,
9750,194,175,369,
9751,220,165,385,
9753,236,172,408,
9754,234,176,410,
9755,207,177,384,
9756,242,165,407,
9757,185,178,363,
9758,209,163,372,
9759,187,159,346,
9760,206,185,391,
9761,197,174,371,
9762,43,27,70,
9763,208,153,361,
9764,35,21,56,
9765,166,144,310,
9766,198,188,386,
9767,189,162,351,
9768,215,178,393,
9769,186,180,366,
9770,221,178,399,
9771,208,196,404,
9772,215,180,395,
9773,224,138,362,
9774,203,167,370,
9775,214,157,371,
9776,219,158,377,
9777,200,161,361,
9778,216,155,371,
9779,216,156,372,
9780,157,153,310,
9782,226,155,381,
9783,126,99,225,
9784,229,145,374,
9785,197,175,372,
9786,208,189,397,
9788,206,180,386,
9789,221,167,388,
9790,231,157,388,
9791,210,163,373,
9792,189,154,343,
9793,213,140,353,
9794,212,176,388,
9795,236,172,408,
9797,193,178,371,
9798,209,155,364,
9799,163,134,297,
9800,42,26,68,
9801,203,177,380,
9802,202,151,353,
9803,219,175,394,
9804,197,140,337,
9805,198,177,375,
9806,207,126,333,
9807,214,169,383,
9808,186,171,357,
9809,237,152,389,
9810,229,169,398,
9811,222,172,394,
9813,232,172,404,
9815,217,177,394,
9816,187,135,322,
9817,209,186,395,
9818,207,165,372,
9819,210,184,394,
9820,214,147,361,
9821,222,155,377,
9822,248,147,395,
9823,27,16,43,
9824,186,165,351,
9825,221,180,401,
9826,205,163,368,
9827,188,185,373,
9828,196,174,370,
9829,205,171,376,
9832,205,170,375,
9833,223,180,403,
9835,190,132,322,
9837,224,167,391,
9838,174,174,348,
9839,211,156,367,
9840,213,164,377,
9845,208,166,374,
9846,233,177,410,
9847,195,148,343,
9848,226,163,389,
9849,190,153,343,
9850,208,189,397,
9851,192,157,349,
9856,210,135,345,
9857,183,201,384,
9858,218,201,419,
9860,16,10,26,
9861,202,157,359,
9862,239,153,392,
9863,207,168,375,
9864,217,166,383,
9865,210,157,367,
9868,221,170,391,
9869,215,204,419,
9870,200,176,376,
9871,208,182,390,
9872,205,183,388,
9873,245,163,408,
9874,197,179,376,
9875,227,191,418,
9876,211,163,374,
9878,174,143,317,
9879,221,168,389,
9880,203,182,385,
9881,203,177,380,
9882,146,108,254,
9883,204,186,390,
9885,242,155,397,
9887,234,171,405,
9888,228,157,385,
9889,204,189,393,
9890,205,169,374,
9891,205,143,348,
9893,166,133,299,
9894,211,175,386,
9895,166,152,318,
9897,226,156,382,
9899,218,162,380,
9900,230,156,386,
9901,191,168,359,
9902,225,136,361,
9904,190,159,349,
9905,202,184,386,
9906,231,158,389,
9908,228,166,394,
9909,205,184,389,
9910,235,169,404,
9911,202,174,376,
9912,195,176,371,
9914,214,145,359,
9916,204,153,357,
9917,208,154,362,
9918,212,182,394,
9919,177,148,325,
9921,23,16,39,
9922,214,160,374,
9923,243,172,415,
9924,224,177,401,
9925,225,172,397,
9926,168,162,330,
9927,203,163,366,
9929,196,176,372,
9930,218,176,394,
9931,195,163,358,
9932,196,172,368,
9933,213,151,364,
9934,196,164,360,
9936,223,157,380,
9937,190,152,342,
9938,208,157,365,
9939,191,150,341,
9940,194,148,342,
9941,203,164,367,
9942,208,184,392,
9943,192,164,356,
9944,208,152,360,
9945,221,185,406,
9948,58,33,91,
9949,205,112,317,
9950,205,154,359,
9951,222,166,388,
9952,219,158,377,
9953,203,160,363,
9954,204,178,382,
9955,221,161,382,
9958,171,128,299,
9959,231,155,386,
9961,209,162,371,
9962,211,169,380,
9963,201,155,356,
9964,204,136,340,
9966,203,189,392,
9967,22,14,36,
9968,182,167,349,
9969,220,158,378,
9970,191,167,358,
9972,189,148,337,
9973,237,183,420,
9975,210,162,372,
9977,191,154,345,
9978,235,183,418,
9979,218,167,385,
9980,243,171,414,
9981,129,122,251,
9982,203,141,344,
9983,197,147,344,
9984,175,143,318,
9985,214,165,379,
9986,234,160,394,
9987,199,169,368,
9989,212,188,400,
9990,204,137,341,
9991,219,141,360,
9992,189,147,336,
9993,153,104,257,
9994,207,161,368,
9995,193,148,341,
9996,217,156,373,
9997,222,160,382,
9998,232,153,385,
9999,217,175,392,
10000,197,187,384,
10001,230,164,394,
10002,217,174,391,
10003,206,162,368,
10004,190,141,331,
10005,211,174,385,
10006,199,170,369,
10007,185,162,347,
10008,195,173,368,
10009,215,181,396,
10012,208,181,389,
10013,223,163,386,
10014,186,154,340,
10016,208,166,374,
10017,218,201,419,
10018,221,179,400,
10019,215,170,385,
10020,220,137,357,
10021,206,181,387,
10022,178,155,333,
10023,207,182,389,
10024,192,166,358,
10025,220,167,387,
10026,180,178,358,
10027,184,170,354,
10028,14,25,39,
10029,216,157,373,
10030,217,145,362,
10031,192,159,351,
10032,186,163,349,
10034,209,148,357,
10036,21,25,46,
10037,19,12,31,
10038,26,22,48,
10039,209,181,390,
10040,210,157,367,
10041,232,162,394,
10045,205,147,352,
10046,195,172,367,
10048,225,171,396,
10051,199,162,361,
10053,273,131,404,
10055,6,4,10,
10056,199,166,365,
10057,214,148,362,
10058,218,161,379,
10059,209,177,386,
10060,221,156,377,
10061,208,139,347,
10064,190,170,360,
10065,242,163,405,
10066,195,160,355,
10069,214,191,405,
10071,196,143,339,
10072,213,145,358,
10073,205,170,375,
10074,229,154,383,
10075,204,145,349,
10077,212,197,409,
10078,227,162,389,
10079,188,173,361,
10080,212,183,395,
10081,224,176,400,
10082,219,166,385,
10083,201,149,350,
10084,225,157,382,
10085,234,148,382,
10086,226,175,401,
10090,202,174,376,
10091,230,158,388,
10093,104,119,223,
10095,212,171,383,
10096,237,200,437,
10097,179,162,341,
10099,158,109,267,
10100,170,202,372,
10101,192,150,342,
10102,24,35,59,
10103,199,153,352,
10105,235,165,400,
10106,237,175,412,
10107,15,20,35,
10109,198,171,369,
10110,197,135,332,
10111,213,155,368,
10112,189,129,318,
10113,206,172,378,
10114,240,150,390,
10116,228,175,403,
10117,203,184,387,
10119,218,163,381,
10120,195,159,354,
10121,204,153,357,
10122,209,199,408,
10123,218,162,380,
10124,232,166,398,
10125,182,152,334,
10126,225,148,373,
10127,190,138,328,
10128,226,142,368,
10129,202,178,380,
10130,210,165,375,
10131,204,150,354,
10133,209,134,343,
10134,167,182,349,
10135,215,173,388,
10136,213,160,373,
10137,212,174,386,
10138,215,179,394,
10139,203,145,348,
10140,211,169,380,
10141,211,186,397,
10142,219,175,394,
10143,26,24,50,
10144,219,152,371,
10145,208,159,367,
10146,216,190,406,
10147,222,175,397,
10148,31,31,62,
10149,221,169,390,
10150,214,161,375,
10151,195,151,346,
10154,198,153,351,
10155,14,16,30,
10158,194,192,386,
10159,203,164,367,
10160,205,149,354,
10161,197,164,361,
10163,192,148,340,
10164,201,177,378,
10165,185,184,369,
10166,206,174,380,
10167,161,105,266,
10168,235,152,387,
10169,13,17,30,
10172,215,157,372,
10173,223,173,396,
10177,229,164,393,
10178,241,150,391,
10179,231,162,393,
10180,220,154,374,
10181,213,153,366,
10182,208,183,391,
10183,192,130,322,
10184,213,174,387,
10185,226,186,412,
10186,187,143,330,
10187,215,179,394,
10188,235,169,404,
10190,204,165,369,
10191,205,172,377,
10192,198,177,375,
10193,197,166,363,
10194,223,187,410,
10195,201,169,370,
10196,221,184,405,
10199,209,179,388,
10200,230,143,373,
10201,208,153,361,
10202,223,164,387,
10203,257,180,437,
10204,202,172,374,
10205,190,179,369,
10206,195,148,343,
10208,177,158,335,
10212,219,180,399,
10213,218,174,392,
10214,192,160,352,
10215,198,171,369,
10216,186,166,352,
10217,221,169,390,
10218,205,201,406,
10219,202,191,393,
10222,194,167,361,
10223,221,160,381,
10224,206,162,368,
10225,240,177,417,
10226,217,156,373,
10227,248,179,427,
10229,210,166,376,
10230,217,171,388,
10232,227,156,383,
10233,208,166,374,
10234,205,156,361,
10235,224,161,385,
10236,216,158,374,
10238,214,169,383,
10239,196,140,336,
10240,39,30,69,
10241,210,155,365,
10242,227,164,391,
10243,225,169,394,
10244,213,177,390,
10245,221,185,406,
10246,189,162,351,
10247,179,172,351,
10248,203,157,360,
10249,184,168,352,
10250,222,145,367,
10251,199,177,376,
10252,241,144,385,
10253,208,169,377,
10254,203,165,368,
10255,216,156,372,
10257,212,154,366,
10258,236,157,393,
10259,193,142,335,
10260,218,160,378,
10262,211,141,352,
10263,200,160,360,
10264,181,134,315,
10265,8,9,17,
10267,184,203,387,
10268,216,168,384,
10269,198,145,343,
10270,222,169,391,
10272,199,154,353,
10273,201,181,382,
10274,212,174,386,
10276,217,158,375,
10277,210,159,369,
10279,197,166,363,
10280,223,181,404,
10281,32,24,56,
10282,223,147,370,
10283,216,165,381,
10284,212,157,369,
10286,212,162,374,
10287,195,169,364,
10288,237,140,377,
10289,131,132,263,
10290,226,167,393,
10291,210,164,374,
10292,227,131,358,
10293,179,148,327,
10294,217,176,393,
10296,197,186,383,
10298,222,149,371,
10299,211,175,386,
10300,210,161,371,
10301,222,178,400,
10302,189,154,343,
10303,227,167,394,
10304,210,182,392,
10305,214,177,391,
10306,229,166,395,
10307,207,168,375,
10308,183,152,335,
10309,205,174,379,
10310,196,169,365,
10311,203,181,384,
10312,186,158,344,
10316,168,154,322,
10317,210,205,415,
10318,216,190,406,
10319,216,153,369,
10320,213,197,410,
10321,210,198,408,
10322,204,158,362,
10323,209,142,351,
10325,186,158,344,
10326,184,179,363,
10328,11,11,22,
10329,173,161,334,
10330,213,141,354,
10332,219,169,388,
10333,199,156,355,
10337,202,153,355,
10338,189,173,362,
10339,224,169,393,
10340,198,180,378,
10341,5,3,8,
10344,227,151,378,
10345,221,165,386,
10346,197,167,364,
10347,214,145,359,
10348,189,171,360,
10349,232,171,403,
10350,219,169,388,
10351,231,179,410,
10352,194,175,369,
10353,13,9,22,
10354,188,148,336,
10355,208,165,373,
10356,222,172,394,
10357,35,30,65,
10359,212,168,380,
10360,200,166,366,
10362,223,164,387,
10363,192,153,345,
10364,209,156,365,
10365,206,169,375,
10366,199,148,347,
10367,211,162,373,
10369,188,174,362,
10370,206,178,384,
10372,176,156,332,
10374,197,143,340,
10375,217,168,385,
10376,32,28,60,
10377,190,173,363,
10379,21,21,42,
10381,208,158,366,
10382,193,161,354,
10383,197,146,343,
10384,182,161,343,
10385,223,163,386,
10386,192,150,342,
10388,216,159,375,
10389,188,178,366,
10390,221,173,394,
10393,209,146,355,
10395,184,152,336,
10396,210,157,367,
10397,179,152,331,
10398,212,175,387,
10399,203,169,372,
10401,208,164,372,
10402,231,182,413,
10403,218,179,397,
10405,214,166,380,
10406,223,166,389,
10407,207,179,386,
10408,213,171,384,
10409,207,182,389,
10411,214,167,381,
10412,205,171,376,
10413,226,168,394,
10414,205,133,338,
10415,254,173,427,
10416,215,160,375,
10418,196,159,355,
10419,199,162,361,
10420,85,77,162,
10421,220,160,380,
10422,200,185,385,
10425,221,170,391,
10426,193,107,300,
10428,161,180,341,
10430,207,132,339,
10431,221,174,395,
10432,240,143,383,
10433,183,172,355,
10434,206,128,334,
10435,204,186,390,
10437,211,171,382,
10438,218,197,415,
10439,222,180,402,
10440,38,28,66,
10441,204,156,360,
10442,221,175,396,
10443,241,156,397,
10444,225,159,384,
10445,195,162,357,
10447,221,166,387,
10448,175,119,294,
10449,215,160,375,
10450,214,172,386,
10451,191,166,357,
10452,202,169,371,
10456,224,157,381,
10457,231,151,382,
10458,18,19,37,
10459,190,165,355,
10460,184,170,354,
10461,248,151,399,
10462,232,182,414,
10463,228,171,399,
10464,228,155,383,
10465,197,158,355,
10466,222,159,381,
10467,221,161,382,
10468,199,176,375,
10470,206,157,363,
10471,201,176,377,
10472,210,172,382,
10474,196,169,365,
10476,204,169,373,
10478,195,160,355,
10479,215,159,374,
10480,210,157,367,
10481,210,159,369,
10482,233,156,389,
10483,198,168,366,
10485,200,182,382,
10487,227,163,390,
10488,213,142,355,
10489,18,21,39,
10490,227,134,361,
10491,29,26,55,
10492,182,178,360,
10495,224,155,379,
10496,175,142,317,
10497,231,169,400,
10498,212,155,367,
10499,250,180,430,
10500,208,161,369,
10501,220,151,371,
10502,221,178,399,
10504,218,147,365,
10506,209,188,397,
10507,188,184,372,
10508,223,164,387,
10510,17,8,25,
10511,190,169,359,
10512,190,146,336,
10513,190,150,340,
10514,5,1,6,
10516,187,148,335,
10518,203,182,385,
10519,218,156,374,
10520,217,154,371,
10521,211,165,376,
10522,184,159,343,
10523,196,154,350,
10526,196,156,352,
10528,191,152,343,
10529,193,150,343,
10530,201,192,393,
10532,217,182,399,
10533,36,29,65,
10534,197,156,353,
10535,209,174,383,
10537,211,161,372,
10538,213,150,363,
10540,224,167,391,
10542,202,175,377,
10543,215,165,380,
10544,208,152,360,
10546,217,152,369,
10548,236,168,404,
10549,217,163,380,
10550,207,152,359,
10551,199,176,375,
10552,203,168,371,
10554,219,159,378,
10555,203,184,387,
10556,194,136,330,
10559,192,204,396,
10560,215,178,393,
10561,187,170,357,
10564,199,159,358,
10565,227,152,379,
10566,140,112,252,
10567,9,14,23,
10568,237,162,399,
10569,226,162,388,
10572,213,184,397,
10576,190,163,353,
10577,214,152,366,
10578,214,141,355,
10579,210,139,349,
10580,218,153,371,
10581,193,170,363,
10585,202,160,362,
10586,210,155,365,
10587,205,175,380,
10588,191,150,341,
10589,184,182,366,
10590,192,178,370,
10593,216,175,391,
10595,203,155,358,
10596,11,8,19,
10597,219,171,390,
10598,206,147,353,
10599,147,126,273,
10603,199,175,374,
10604,206,173,379,
10605,181,151,332,
10606,229,146,375,
10610,209,176,385,
10611,209,164,373,
10612,197,155,352,
10614,215,161,376,
10617,220,166,386,
10618,203,159,362,
10619,205,147,352,
10620,203,161,364,
10621,176,178,354,
10622,219,163,382,
10624,226,167,393,
10625,218,145,363,
10627,217,164,381,
10628,219,165,384,
10629,216,176,392,
10630,214,141,355,
10631,224,199,423,
10632,27,22,49,
10633,217,161,378,
10634,230,159,389,
10635,232,163,395,
10636,225,153,378,
10637,196,138,334,
10638,160,133,293,
10639,204,144,348,
10640,216,172,388,
10641,200,147,347,
10642,201,158,359,
10644,215,170,385,
10646,234,169,403,
10647,203,164,367,
10648,216,156,372,
10650,233,165,398,
10651,194,175,369,
10652,183,159,342,
10654,220,188,408,
10656,199,168,367,
10658,189,165,354,
10659,215,137,352,
10660,30,22,52,
10661,181,165,346,
10663,215,148,363,
10664,227,165,392,
10665,187,168,355,
10666,212,156,368,
10667,222,181,403,
10670,220,169,389,
10671,193,160,353,
10672,188,158,346,
10673,227,179,406,
10674,204,162,366,
10675,206,163,369,
10677,227,182,409,
10678,199,177,376,
10679,140,118,258,
10680,210,162,372,
10681,223,156,379,
10682,210,151,361,
10684,199,174,373,
10685,185,175,360,
10686,214,163,377,
10688,222,151,373,
10691,229,190,419,
10692,205,169,374,
10693,233,144,377,
10694,232,170,402,
10696,232,163,395,
10697,190,163,353,
10699,230,131,361,
10700,214,160,374,
10701,202,165,367,
10703,193,140,333,
10704,222,165,387,
10705,193,176,369,
10706,180,147,327,
10707,197,159,356,
10708,219,163,382,
10709,14,14,28,
10711,223,146,369,
10712,221,169,390,
10713,203,163,366,
10715,211,161,372,
10716,196,191,387,
10717,207,139,346,
10718,213,157,370,
10719,185,178,363,
10720,218,173,391,
10721,217,173,390,
10723,182,166,348,
10725,223,188,411,
10726,175,158,333,
10728,196,192,388,
10729,248,158,406,
10730,218,176,394,
10731,194,158,352,
10732,208,152,360,
10733,219,166,385,
10734,209,188,397,
10735,221,186,407,
10736,201,150,351,
10737,225,137,362,
10740,216,142,358,
10741,224,163,387,
10742,227,168,395,
10744,239,140,379,
10745,21,15,36,
10746,232,143,375,
10747,205,169,374,
10749,220,143,363,
10750,199,178,377,
10751,192,173,365,
10753,202,145,347,
10754,224,142,366,
10756,222,173,395,
10757,205,158,363,
10758,202,165,367,
10759,236,172,408,
10760,169,133,302,
10761,178,152,330,
10764,236,182,418,
10766,186,167,353,
10767,24,15,39,
10768,221,162,383,
10769,228,166,394,
10770,186,185,371,
10771,179,158,337,
10772,216,143,359,
10773,44,38,82,
10774,196,152,348,
10776,220,195,415,
10778,220,182,402,
10779,211,172,383,
10780,194,175,369,
10781,225,160,385,
10782,227,195,422,
10783,214,162,376,
10784,179,139,318,
10785,192,180,372,
10786,241,181,422,
10787,199,157,356,
10788,206,163,369,
10789,187,170,357,
10790,216,154,370,
10792,230,147,377,
10794,177,163,340,
10795,211,174,385,
10796,202,162,364,
10797,237,174,411,
10798,162,151,313,
10800,216,161,377,
10801,220,173,393,
10802,227,148,375,
10806,194,161,355,
10807,209,153,362,
10809,213,173,386,
10812,231,159,390,
10814,239,147,386,
10815,188,151,339,
10817,240,177,417,
10818,221,159,380,
10822,224,172,396,
10823,218,172,390,
10828,204,135,339,
10829,188,162,350,
10832,159,126,285,
10833,196,154,350,
10836,203,156,359,
10837,206,164,370,
10838,232,177,409,
10839,190,186,376,
10840,215,177,392,
10841,4,5,9,
10844,184,181,365,
10845,211,167,378,
10846,219,171,390,
10847,199,171,370,
10848,197,156,353,
10849,207,157,364,
10850,225,151,376,
10851,247,163,410,
10853,249,160,409,
10855,231,170,401,
10856,185,166,351,
10857,206,154,360,
10859,214,159,373,
10860,216,156,372,
10861,237,161,398,
10862,201,165,366,
10863,215,186,401,
10864,218,171,389,
10867,193,170,363,
10868,203,155,358,
10869,177,153,330,
10870,196,150,346,
10871,153,158,311,
10872,194,157,351,
10873,189,156,345,
10875,189,161,350,
10877,192,154,346,
10878,222,146,368,
10879,213,161,374,
10880,209,171,380,
10881,158,147,305,
10883,231,143,374,
10884,232,128,360,
10885,196,149,345,
10886,208,180,388,
10887,187,170,357,
10888,166,159,325,
10889,205,169,374,
10890,199,178,377,
10891,186,153,339,
10892,212,148,360,
10896,209,198,407,
10897,210,132,342,
10901,204,180,384,
10902,188,169,357,
10903,215,164,379,
10904,218,166,384,
10907,188,132,320,
10908,224,162,386,
10909,210,156,366,
10910,193,133,326,
10911,230,165,395,
10912,198,161,359,
10913,228,143,371,
10914,222,164,386,
10915,183,178,361,
10916,202,174,376,
10918,208,164,372,
10919,205,164,369,
10920,203,165,368,
10921,218,157,375,
10922,185,172,357,
10923,34,24,58,
10924,226,163,389,
10925,226,169,395,
10926,210,177,387,
10927,206,177,383,
10928,206,183,389,
10929,214,164,378,
10931,224,166,390,
10932,207,152,359,
10933,213,181,394,
10934,205,173,378,
10935,212,146,358,
10937,223,153,376,
10939,207,164,371,
10940,215,160,375,
10941,200,166,366,
10942,245,167,412,
10946,204,176,380,
10949,202,163,365,
10950,207,158,365,
10954,183,123,306,
10960,195,157,352,
10962,201,158,359,
10963,168,150,318,
10967,29,27,56,
10968,210,140,350,
10969,187,153,340,
10970,212,168,380,
10971,234,146,380,
10972,226,178,404,
10975,240,156,396,
10976,196,153,349,
10977,203,198,401,
10978,211,166,377,
10979,216,166,382,
10980,198,150,348,
10981,201,168,369,
10982,21,20,41,
10984,217,182,399,
10985,223,150,373,
10986,202,176,378,
10989,208,154,362,
10991,210,156,366,
10993,194,146,340,
10994,198,173,371,
10995,189,175,364,
10997,192,147,339,
10999,185,171,356,
11002,231,163,394,
11003,155,90,245,
11006,209,145,354,
11007,204,172,376,
11009,217,176,393,
11010,29,29,58,
11011,196,170,366,
11012,203,166,369,
11013,230,176,406,
11014,193,159,352,
11016,208,161,369,
11017,236,141,377,
11019,24,14,38,
11022,41,35,76,
11023,203,160,363,
11024,217,150,367,
11025,188,184,372,
11026,220,162,382,
11027,196,157,353,
11032,207,194,401,
11033,183,189,372,
11034,130,147,277,
11035,27,17,44,
11036,217,180,397,
11037,207,156,363,
11038,10,7,17,
11039,217,181,398,
11041,207,128,335,
11042,190,161,351,
11043,207,164,371,
11044,218,151,369,
11045,211,181,392,
11046,210,169,379,
11047,218,169,387,
11048,214,171,385,
11051,46,36,82,
11052,191,148,339,
11053,211,150,361,
11055,214,176,390,
11056,209,159,368,
11057,201,157,358,
11058,212,176,388,
11059,29,29,58,
11060,194,163,357,
11061,228,163,391,
11062,206,181,387,
11063,188,171,359,
11064,217,150,367,
11066,213,163,376,
11067,230,131,361,
11069,217,153,370,
11073,204,184,388,
11074,209,157,366,
11075,196,172,368,
11077,198,141,339,
11079,229,184,413,
11080,210,154,364,
11082,256,148,404,
11084,207,165,372,
11085,225,173,398,
11086,31,29,60,
11087,207,147,354,
11088,235,160,395,
11089,158,133,291,
11090,26,30,56,
11095,215,162,377,
11096,201,195,396,
11099,203,162,365,
11100,221,171,392,
11101,199,137,336,
11104,225,167,392,
11106,208,181,389,
11107,203,163,366,
11109,196,172,368,
11110,219,170,389,
11111,230,153,383,
11112,206,177,383,
11113,211,186,397,
11114,213,168,381,
11115,197,135,332,
11116,219,171,390,
11119,223,170,393,
11120,200,178,378,
11121,186,157,343,
11122,213,168,381,
11123,203,152,355,
11124,174,181,355,
11125,225,162,387,
11126,139,116,255,
11127,192,147,339,
11128,203,176,379,
11129,202,131,333,
11133,217,165,382,
11134,216,151,367,
11135,227,161,388,
11136,186,151,337,
11137,220,167,387,
11138,207,162,369,
11139,240,166,406,
11140,217,166,383,
11141,202,153,355,
11143,221,170,391,
11145,162,134,296,
11146,203,198,401,
11147,27,19,46,
11149,223,156,379,
11150,215,168,383,
11151,219,150,369,
11152,208,144,352,
11153,211,155,366,
11154,223,150,373,
11155,219,149,368,
11156,216,167,383,
11157,192,166,358,
11158,226,172,398,
11159,34,25,59,
11160,210,150,360,
11161,245,190,435,
11162,175,134,309,
11163,220,161,381,
11164,210,179,389,
11165,213,170,383,
11166,195,143,338,
11167,198,167,365,
11168,213,169,382,
11169,200,183,383,
11170,202,196,398,
11171,236,168,404,
11172,202,171,373,
11173,234,175,409,
11174,214,175,389,
11176,189,180,369,
11177,205,146,351,
11178,207,128,335,
11179,222,142,364,
11181,219,158,377,
11182,211,173,384,
11183,37,30,67,
11185,231,159,390,
11186,211,163,374,
11187,224,137,361,
11188,211,169,380,
11190,225,167,392,
11191,157,116,273,
11193,205,170,375,
11194,247,156,403,
11196,219,156,375,
11197,225,165,390,
11198,215,160,375,
11199,39,30,69,
11201,233,163,396,
11202,37,41,78,
11204,204,166,370,
11205,211,169,380,
11206,204,158,362,
11207,34,26,60,
11208,181,159,340,
11209,199,154,353,
11211,225,146,371,
11212,200,156,356,
11213,187,166,353,
11214,217,185,402,
11215,226,173,399,
11216,217,162,379,
11217,216,184,400,
11218,205,173,378,
11219,234,159,393,
11220,195,170,365,
11221,172,154,326,
11222,222,177,399,
11223,191,166,357,
11224,186,166,352,
11225,217,139,356,
11226,137,159,296,
11227,213,154,367,
11228,218,140,358,
11229,231,163,394,
11230,213,164,377,
11231,206,173,379,
11232,212,156,368,
11233,199,158,357,
11234,209,146,355,
11235,224,133,357,
11236,182,158,340,
11237,188,168,356,
11238,203,147,350,
11239,193,154,347,
11240,217,190,407,
11241,223,159,382,
11242,214,162,376,
11244,196,168,364,
11245,181,179,360,
11246,197,160,357,
11247,230,155,385,
11248,200,183,383,
11249,193,169,362,
11250,218,160,378,
11251,215,210,425,
11252,198,140,338,
11253,208,166,374,
11254,179,152,331,
11255,233,144,377,
11256,231,163,394,
11258,210,181,391,
11259,209,187,396,
11260,201,182,383,
11261,166,138,304,
11262,197,161,358,
11263,238,159,397,
11267,253,159,412,
11268,220,173,393,
11270,223,168,391,
11271,200,172,372,
11273,216,132,348,
11274,229,181,410,
11275,218,162,380,
11276,207,160,367,
11277,227,175,402,
11278,27,24,51,
11279,195,176,371,
11280,226,163,389,
11281,230,167,397,
11282,205,144,349,
11283,218,143,361,
11285,227,173,400,
11286,216,132,348,
11288,212,148,360,
11289,218,173,391,
11291,223,137,360,
11292,214,182,396,
11294,143,140,283,
11295,121,102,223,
11297,209,168,377,
11299,187,150,337,
11301,190,157,347,
11302,208,155,363,
11303,213,163,376,
11305,221,172,393,
11306,212,158,370,
11307,203,168,371,
11308,227,165,392,
11311,222,156,378,
11312,214,156,370,
11313,210,170,380,
11317,149,106,255,
11318,225,164,389,
11320,207,153,360,
11321,218,169,387,
11322,248,159,407,
11323,202,154,356,
11324,206,166,372,
11325,177,161,338,
11326,205,141,346,
11328,7,6,13,
11330,199,149,348,
11331,179,165,344,
11333,203,167,370,
11334,213,167,380,
11335,200,171,371,
11336,206,185,391,
11337,214,164,378,
11338,207,174,381,
11340,203,172,375,
11341,217,175,392,
11342,189,161,350,
11343,215,169,384,
11344,243,168,411,
11346,206,157,363,
11348,208,160,368,
11349,218,195,413,
11350,230,147,377,
11351,210,147,357,
11352,213,174,387,
11353,224,167,391,
11354,30,19,49,
11355,238,165,403,
11356,220,172,392,
11357,202,175,377,
11358,223,184,407,
11359,205,157,362,
11361,226,164,390,
11362,223,175,398,
11364,217,179,396,
11366,12,12,24,
11367,207,175,382,
11368,217,152,369,
11370,188,154,342,
11372,203,174,377,
11373,215,199,414,
11374,199,172,371,
11375,222,186,408,
11376,34,31,65,
11379,43,32,75,
11380,22,25,47,
11381,165,106,271,
11382,214,146,360,
11383,224,153,377,
11384,165,116,281,
11385,246,175,421,
11387,25,22,47,
11389,200,177,377,
11390,239,163,402,
11391,188,172,360,
11392,178,166,344,
11394,191,178,369,
11395,232,159,391,
11396,210,161,371,
11397,143,145,288,
11398,216,147,363,
11399,216,169,385,
11400,38,25,63,
11401,161,125,286,
11402,215,153,368,
11403,197,158,355,
11404,21,23,44,
11407,206,171,377,
11408,194,155,349,
11409,197,152,349,
11411,190,180,370,
11413,36,23,59,
11414,219,167,386,
11415,201,162,363,
11417,233,171,404,
11418,186,169,355,
11420,225,150,375,
11421,196,172,368,
11422,211,165,376,
11423,211,140,351,
11424,215,120,335,
11426,206,189,395,
11427,203,187,390,
11428,202,146,348,
11429,205,155,360,
11431,238,139,377,
11432,222,150,372,
11436,160,149,309,
11437,167,124,291,
11439,208,167,375,
11441,191,156,347,
11444,233,167,400,
11445,203,154,357,
11446,200,197,397,
11447,222,177,399,
11449,207,169,376,
11450,186,174,360,
11451,210,171,381,
11452,194,159,353,
11453,192,179,371,
11455,174,145,319,
11458,212,166,378,
11459,232,183,415,
11460,228,183,411,
11461,203,170,373,
11463,25,28,53,
11464,219,174,393,
11465,213,199,412,
11467,187,174,361,
11468,214,170,384,
11469,221,161,382,
11471,202,141,343,
11472,198,147,345,
11473,206,145,351,
11476,197,154,351,
11477,193,146,339,
11479,189,170,359,
11480,212,162,374,
11482,202,182,384,
11485,214,164,378,
11486,223,155,378,
11487,203,149,352,
11488,220,182,402,
11489,204,158,362,
11490,195,163,358,
11491,233,186,419,
11493,227,167,394,
11494,195,173,368,
11495,204,168,372,
11497,217,179,396,
11498,213,169,382,
11499,196,166,362,
11500,234,159,393,
11501,164,97,261,
11502,211,166,377,
11503,208,187,395,
11504,201,147,348,
11505,220,155,375,
11506,205,152,357,
11507,191,151,342,
11508,202,139,341,
11509,207,147,354,
11510,211,156,367,
11511,215,170,385,
11513,202,160,362,
11515,220,139,359,
11516,211,170,381,
11517,210,141,351,
11518,208,182,390,
11519,223,168,391,
11521,233,166,399,
11522,231,139,370,
11524,219,160,379,
11525,204,172,376,
11527,230,161,391,
11528,184,184,368,
11530,241,158,399,
11531,182,154,336,
11533,211,139,350,
11534,231,150,381,
11537,226,157,383,
11538,232,166,398,
11539,22,27,49,
11540,196,149,345,
11541,249,158,407,
11542,220,169,389,
11543,205,161,366,
11544,39,26,65,
11545,208,176,384,
11546,239,164,403,
11547,194,155,349,
11548,198,174,372,
11549,216,163,379,
11550,194,173,367,
11551,185,169,354,
11552,251,166,417,
11553,235,171,406,
11554,223,172,395,
11557,201,184,385,
11558,243,157,400,
11559,220,162,382,
11560,28,28,56,
11561,219,152,371,
11562,184,197,381,
11564,206,158,364,
11565,199,159,358,
11567,133,99,232,
11568,189,172,361,
11569,30,23,53,
11571,215,149,364,
11572,203,154,357,
11573,208,160,368,
11574,226,173,399,
11575,233,170,403,
11576,196,173,369,
11577,212,152,364,
11578,217,178,395,
11580,196,163,359,
11581,207,149,356,
11582,215,176,391,
11583,169,147,316,
11584,205,178,383,
11585,205,154,359,
11586,195,166,361,
11587,212,159,371,
11588,225,189,414,
11589,197,173,370,
11590,203,179,382,
11591,188,123,311,
11592,201,161,362,
11594,199,177,376,
11595,233,166,399,
11597,200,184,384,
11598,190,152,342,
11599,187,159,346,
11600,210,166,376,
11601,213,166,379,
11603,227,156,383,
11604,221,177,398,
11605,213,180,393,
11607,209,139,348,
11608,230,171,401,
11609,198,158,356,
11610,211,153,364,
11612,226,173,399,
11613,232,167,399,
11614,208,171,379,
11615,210,172,382,
11619,142,125,267,
11621,220,148,368,
11622,224,143,367,
11623,211,177,388,
11624,209,168,377,
11625,219,140,359,
11627,191,130,321,
11628,205,163,368,
11629,197,172,369,
11630,232,178,410,
11632,229,151,380,
11634,206,168,374,
11635,195,165,360,
11636,229,163,392,
11637,192,157,349,
11639,230,150,380,
11640,222,169,391,
11642,229,171,400,
11643,204,152,356,
11645,208,160,368,
11647,208,156,364,
11649,24,14,38,
11650,233,167,400,
11651,229,159,388,
11652,208,187,395,
11653,209,150,359,
11656,197,167,364,
11657,254,176,430,
11658,217,164,381,
11659,205,105,310,
11660,185,145,330,
11661,227,188,415,
11662,210,146,356,
11664,7,8,15,
11665,20,18,38,
11667,202,152,354,
11669,216,167,383,
11670,230,164,394,
11671,227,173,400,
11673,200,178,378,
11675,217,170,387,
11676,201,161,362,
11677,232,151,383,
11678,213,169,382,
11680,217,157,374,
11681,54,24,78,
11682,185,169,354,
11683,211,157,368,
11684,215,165,380,
11685,66,47,113,
11686,209,145,354,
11688,215,171,386,
11689,212,188,400,
11690,230,184,414,
11691,220,163,383,
11692,220,160,380,
11693,180,169,349,
11694,189,194,383,
11695,233,148,381,
11697,176,155,331,
11698,215,183,398,
11699,211,124,335,
11701,210,146,356,
11702,212,170,382,
11703,206,172,378,
11704,202,137,339,
11705,195,159,354,
11706,240,190,430,
11707,195,163,358,
11708,203,146,349,
11709,186,160,346,
11710,202,174,376,
11711,206,174,380,
11714,209,158,367,
11716,212,145,357,
11719,203,181,384,
11720,202,149,351,
11721,202,167,369,
11722,220,160,380,
11723,208,157,365,
11724,206,156,362,
11725,199,168,367,
11726,208,189,397,
11727,215,154,369,
11729,201,175,376,
11730,213,186,399,
11732,219,157,376,
11734,192,167,359,
11735,230,149,379,
11736,210,134,344,
11739,188,157,345,
11740,204,163,367,
11742,224,159,383,
11743,190,169,359,
11744,210,154,364,
11746,221,165,386,
11747,212,156,368,
11749,207,155,362,
11750,220,147,367,
11751,34,32,66,
11752,191,191,382,
11753,205,165,370,
11754,35,30,65,
11756,211,191,402,
11757,174,139,313,
11758,192,177,369,
11759,192,157,349,
11760,206,169,375,
11761,204,154,358,
11762,196,179,375,
11763,214,180,394,
11764,204,168,372,
11765,221,143,364,
11766,212,173,385,
11769,203,143,346,
11772,197,164,361,
11773,212,183,395,
11774,223,188,411,
11775,228,171,399,
11776,194,184,378,
11780,219,160,379,
11781,225,148,373,
11782,184,139,323,
11784,229,170,399,
11787,215,161,376,
11789,227,166,393,
11790,225,171,396,
11791,204,167,371,
11792,191,146,337,
11793,197,146,343,
11794,163,182,345,
11795,172,112,284,
11796,207,178,385,
11797,238,152,390,
11798,219,168,387,
11799,217,150,367,
11800,209,169,378,
11801,210,135,345,
11802,202,162,364,
11803,236,144,380,
11804,204,157,361,
11805,202,146,348,
11806,191,165,356,
11807,214,191,405,
11808,191,175,366,
11809,197,175,372,
11810,186,166,352,
11811,188,166,354,
11812,191,147,338,
11813,196,168,364,
11814,173,139,312,
11815,250,171,421,
11816,251,161,412,
11817,191,174,365,
11819,230,136,366,
11820,231,176,407,
11823,208,172,380,
11826,192,182,374,
11831,214,175,389,
11835,224,144,368,
11836,203,165,368,
11837,29,30,59,
11838,210,183,393,
11839,212,176,388,
11840,33,27,60,
11841,191,149,340,
11843,215,163,378,
11844,228,152,380,
11846,192,147,339,
11847,192,189,381,
11848,201,168,369,
11849,201,166,367,
11851,200,173,373,
11852,235,175,410,
11856,198,153,351,
11857,210,189,399,
11858,199,173,372,
11859,205,165,370,
11862,207,185,392,
11863,202,171,373,
11864,189,163,352,
11865,214,171,385,
11866,196,180,376,
11867,224,182,406,
11868,228,139,367,
11869,206,168,374,
11870,206,146,352,
11871,189,156,345,
11872,144,145,289,
11874,23,17,40,
11875,213,147,360,
11876,194,158,352,
11877,201,181,382,
11878,235,179,414,
11879,228,178,406,
11881,32,24,56,
11882,202,147,349,
11883,183,150,333,
11884,200,172,372,
11885,220,177,397,
11886,221,154,375,
11887,198,156,354,
11891,210,167,377,
11894,197,177,374,
11895,186,178,364,
11896,191,186,377,
11897,195,173,368,
11898,216,175,391,
11899,180,181,361,
11900,218,153,371,
11901,224,174,398,
11902,201,141,342,
11903,206,162,368,
11904,197,167,364,
11908,198,150,348,
11909,217,152,369,
11910,156,136,292,
11911,195,164,359,
11912,239,183,422,
11913,205,157,362,
11915,220,146,366,
11917,213,171,384,
11918,222,189,411,
11922,45,26,71,
11923,195,169,364,
11924,200,177,377,
11925,217,151,368,
11926,220,142,362,
11928,212,185,397,
11929,222,177,399,
11930,215,181,396,
11931,214,172,386,
11932,190,145,335,
11933,221,185,406,
11934,232,131,363,
11936,219,170,389,
11937,197,149,346,
11938,194,171,365,
11939,217,177,394,
11940,203,161,364,
11943,10,11,21,
11944,19,7,26,
11945,16,14,30,
11946,188,173,361,
11948,190,162,352,
11949,227,174,401,
11950,222,166,388,
11954,207,166,373,
11955,236,181,417,
11957,219,153,372,
11958,201,146,347,
11961,187,158,345,
11962,241,126,367,
11963,204,145,349,
11964,212,173,385,
11965,223,167,390,
11966,214,156,370,
11967,190,165,355,
11968,205,148,353,
11969,197,156,353,
11972,179,168,347,
11973,230,158,388,
11974,213,162,375,
11975,226,159,385,
11976,38,26,64,
11978,241,160,401,
11980,204,161,365,
11981,33,18,51,
11982,187,161,348,
11984,204,155,359,
11985,208,205,413,
11986,199,163,362,
11988,214,144,358,
11989,8,2,10,
11990,239,160,399,
11991,10,14,24,
11992,201,130,331,
11995,242,176,418,
11996,194,167,361,
11997,215,156,371,
12000,205,171,376,
12001,170,145,315,
12002,209,190,399,
12004,192,153,345,
12007,207,192,399,
12008,186,155,341,
12011,207,145,352,
12012,206,162,368,
12014,218,182,400,
12015,217,140,357,
12016,218,158,376,
12017,207,159,366,
12018,208,178,386,
12019,201,185,386,
12020,23,12,35,
12022,217,169,386,
12023,236,156,392,
12024,234,146,380,
12025,197,163,360,
12026,219,158,377,
12027,203,154,357,
12028,189,174,363,
12029,19,21,40,
12031,199,144,343,
12032,204,142,346,
12034,209,168,377,
12035,222,169,391,
12038,177,175,352,
12039,190,165,355,
12041,213,154,367,
12042,199,172,371,
12043,197,182,379,
12044,234,191,425,
12046,191,164,355,
12048,207,161,368,
12049,223,167,390,
12050,217,180,397,
12051,214,187,401,
12053,199,154,353,
12054,198,162,360,
12055,204,143,347,
12056,188,169,357,
12057,200,173,373,
12058,219,166,385,
12059,216,150,366,
12060,213,193,406,
12062,194,148,342,
12063,215,178,393,
12064,234,165,399,
12065,183,158,341,
12066,196,147,343,
12068,233,159,392,
12069,211,168,379,
12070,211,177,388,
12071,153,111,264,
12072,217,153,370,
12074,185,188,373,
12075,179,186,365,
12077,177,177,354,
12079,219,190,409,
12081,197,191,388,
12082,198,173,371,
12083,203,155,358,
12085,200,162,362,
12086,202,161,363,
12087,222,185,407,
12089,195,163,358,
12091,205,166,371,
12092,38,32,70,
12093,217,162,379,
12094,213,170,383,
12095,180,150,330,
12096,216,171,387,
12097,200,172,372,
12098,197,154,351,
12099,196,167,363,
12101,195,155,350,
12102,31,32,63,
12104,206,147,353,
12105,207,181,388,
12106,225,144,369,
12108,190,163,353,
12110,210,150,360,
12111,197,151,348,
12112,221,153,374,
12114,234,162,396,
12115,216,137,353,
12116,230,184,414,
12121,198,162,360,
12122,210,187,397,
12123,239,138,377,
12124,187,177,364,
12125,229,151,380,
12126,198,166,364,
12127,17,20,37,
12128,232,166,398,
12129,211,193,404,
12130,211,171,382,
12131,238,182,420,
12133,217,161,378,
12134,227,179,406,
12135,186,156,342,
12136,234,163,397,
12138,214,159,373,
12140,211,163,374,
12141,223,188,411,
12142,181,131,312,
12143,224,152,376,
12144,231,147,378,
12146,214,161,375,
12147,225,177,402,
12148,229,139,368,
12149,217,156,373,
12150,219,156,375,
12152,239,169,408,
12153,12,17,29,
12154,196,178,374,
12155,219,189,408,
12156,226,181,407,
12157,223,153,376,
12158,234,155,389,
12159,135,133,268,
12160,215,164,379,
12161,221,155,376,
12162,204,167,371,
12163,219,182,401,
12164,220,156,376,
12165,215,166,381,
12166,225,138,363,
12168,217,174,391,
12169,203,167,370,
12170,22,28,50,
12171,203,182,385,
12172,201,169,370,
12173,235,169,404,
12174,204,160,364,
12176,209,186,395,
12177,194,152,346,
12178,191,173,364,
12179,216,164,380,
12180,228,189,417,
12181,205,155,360,
12182,238,144,382,
12184,197,172,369,
12185,208,158,366,
12188,217,175,392,
12189,204,172,376,
12190,188,151,339,
12191,218,175,393,
12192,229,183,412,
12193,211,174,385,
12194,210,180,390,
12195,181,165,346,
12196,197,172,369,
12198,203,183,386,
12199,186,118,304,
12200,240,171,411,
12201,212,174,386,
12202,217,163,380,
12203,224,175,399,
12204,233,182,415,
12207,221,190,411,
12208,168,128,296,
12210,14,22,36,
12211,209,166,375,
12212,207,162,369,
12213,203,172,375,
12215,167,164,331,
12217,237,174,411,
12218,214,150,364,
12219,218,144,362,
12221,205,168,373,
12223,160,124,284,
12224,230,159,389,
12226,210,163,373,
12228,217,169,386,
12229,187,163,350,
12230,239,165,404,
12232,212,168,380,
12233,30,29,59,
12234,225,164,389,
12235,186,184,370,
12236,201,177,378,
12238,223,151,374,
12239,213,145,358,
12241,192,179,371,
12242,201,172,373,
12245,215,171,386,
12247,185,157,342,
12248,219,182,401,
12249,209,184,393,
12250,222,133,355,
12251,26,25,51,
12253,214,151,365,
12254,212,166,378,
12255,24,22,46,
12257,213,185,398,
12258,236,167,403,
12259,201,186,387,
12260,184,122,306,
12261,214,180,394,
12262,196,156,352,
12263,218,171,389,
12264,221,174,395,
12266,208,171,379,
12267,250,164,414,
12269,175,137,312,
12271,207,148,355,
12273,198,144,342,
12274,220,167,387,
12277,243,152,395,
12279,207,166,373,
12282,180,158,338,
12283,195,136,331,
12284,212,191,403,
12285,220,163,383,
12286,240,167,407,
12287,194,175,369,
12290,188,155,343,
12292,224,173,397,
12293,182,186,368,
12295,238,159,397,
12296,210,147,357,
12297,237,189,426,
12298,9,7,16,
12299,225,143,368,
12300,243,162,405,
12301,204,176,380,
12302,240,161,401,
12303,212,152,364,
12304,154,186,340,
12305,203,114,317,
12306,210,152,362,
12307,206,156,362,
12309,213,150,363,
12310,177,174,351,
12311,239,197,436,
12312,212,160,372,
12313,207,177,384,
12314,206,160,366,
12315,36,33,69,
12317,196,163,359,
12318,32,24,56,
12319,223,182,405,
12320,200,157,357,
12322,226,165,391,
12325,174,149,323,
12326,201,168,369,
12327,197,158,355,
12328,16,11,27,
12329,205,160,365,
12330,206,185,391,
12332,183,170,353,
12333,212,175,387,
12334,197,158,355,
12336,215,162,377,
12337,214,170,384,
12338,204,167,371,
12339,196,161,357,
12340,134,120,254,
12341,230,139,369,
12342,201,137,338,
12343,204,152,356,
12344,196,145,341,
12345,203,148,351,
12346,229,166,395,
12347,234,170,404,
12348,198,164,362,
12349,191,173,364,
12350,231,158,389,
12351,216,131,347,
12352,179,159,338,
12353,190,159,349,
12355,249,157,406,
12356,218,175,393,
12359,227,177,404,
12360,207,171,378,
12361,213,163,376,
12362,189,164,353,
12363,236,168,404,
12364,210,160,370,
12365,211,162,373,
12366,241,152,393,
12367,192,168,360,
12368,217,149,366,
12369,225,196,421,
12370,212,167,379,
12373,224,171,395,
12374,221,163,384,
12375,200,134,334,
12376,217,159,376,
12377,245,157,402,
12378,2,4,6,
12379,222,190,412,
12380,199,153,352,
12382,221,147,368,
12383,207,163,370,
12384,197,164,361,
12385,211,158,369,
12386,221,167,388,
12387,200,167,367,
12388,191,161,352,
12389,192,165,357,
12390,233,163,396,
12391,211,154,365,
12393,20,13,33,
12394,183,139,322,
12395,239,142,381,
12397,210,183,393,
12398,208,161,369,
12400,30,17,47,
12402,230,176,406,
12403,205,157,362,
12404,202,163,365,
12405,195,162,357,
12407,211,146,357,
12408,196,155,351,
12409,191,192,383,
12410,199,170,369,
12412,194,173,367,
12414,199,175,374,
12415,234,165,399,
12417,210,153,363,
12419,194,175,369,
12422,215,165,380,
12423,230,160,390,
12424,196,172,368,
12425,232,167,399,
12426,204,190,394,
12428,208,176,384,
12430,197,171,368,
12431,181,168,349,
12433,209,164,373,
12435,180,164,344,
12436,226,135,361,
12437,213,164,377,
12438,221,170,391,
12439,214,164,378,
12441,177,174,351,
12443,218,176,394,
12444,211,166,377,
12447,231,174,405,
12448,210,191,401,
12449,220,141,361,
12450,16,8,24,
12451,208,127,335,
12454,208,168,376,
12456,212,147,359,
12457,230,165,395,
12459,190,158,348,
12460,220,149,369,
12461,210,150,360,
12462,217,172,389,
12463,192,169,361,
12466,220,146,366,
12467,227,163,390,
12468,257,165,422,
12470,209,145,354,
12472,210,171,381,
12473,222,143,365,
12474,198,173,371,
12475,186,164,350,
12476,234,162,396,
12477,211,162,373,
12479,204,145,349,
12480,237,167,404,
12481,219,165,384,
12482,202,142,344,
12483,213,182,395,
12484,199,159,358,
12486,223,172,395,
12487,190,172,362,
12488,186,151,337,
12489,191,158,349,
12490,25,20,45,
12491,189,191,380,
12493,215,168,383,
12495,203,149,352,
12496,204,164,368,
12497,218,176,394,
12498,37,26,63,
12499,214,137,351,
12502,242,156,398,
12503,200,162,362,
12504,199,182,381,
12505,208,150,358,
12507,230,153,383,
12508,219,172,391,
12510,191,151,342,
12511,29,26,55,
12512,195,162,357,
12513,208,153,361,
12514,190,175,365,
12515,192,173,365,
12516,205,168,373,
12517,199,181,380,
12518,200,170,370,
12519,209,191,400,
12520,191,167,358,
12521,221,148,369,
12522,205,189,394,
12523,219,166,385,
12525,184,174,358,
12526,244,150,394,
12527,226,164,390,
12528,191,193,384,
12529,204,132,336,
12530,185,173,358,
12532,218,154,372,
12533,224,163,387,
12534,211,163,374,
12536,168,160,328,
12537,223,161,384,
12540,196,169,365,
12542,209,165,374,
12543,182,183,365,
12544,202,182,384,
12545,229,177,406,
12546,221,152,373,
12547,232,174,406,
12548,187,138,325,
12549,201,177,378,
12550,233,179,412,
12551,191,177,368,
12552,219,164,383,
12553,197,134,331,
12554,206,146,352,
12555,223,162,385,
12556,207,147,354,
12557,9,13,22,
12558,196,163,359,
12559,218,159,377,
12561,225,160,385,
12562,215,164,379,
12563,208,163,371,
12564,205,186,391,
12565,214,162,376,
12566,206,180,386,
12567,167,188,355,
12568,240,176,416,
12570,227,180,407,
12572,202,175,377,
12574,215,156,371,
12576,200,161,361,
12577,220,178,398,
12578,232,162,394,
12579,206,153,359,
12580,207,188,395,
12581,183,165,348,
12582,223,174,397,
12583,223,139,362,
12585,208,155,363,
12586,211,160,371,
12587,189,179,368,
12588,196,166,362,
12590,206,164,370,
12592,186,177,363,
12593,224,155,379,
12594,195,159,354,
12596,212,182,394,
12597,220,180,400,
12598,199,193,392,
12599,202,188,390,
12600,228,179,407,
12602,190,167,357,
12603,205,153,358,
12604,209,166,375,
12605,187,181,368,
12606,206,179,385,
12607,188,164,352,
12611,218,154,372,
12614,214,146,360,
12615,196,189,385,
12616,209,164,373,
12618,207,158,365,
12619,200,158,358,
12620,216,162,378,
12623,210,148,358,
12624,202,151,353,
12625,188,165,353,
12626,189,153,342,
12627,192,169,361,
12628,198,172,370,
12629,200,151,351,
12630,226,185,411,
12632,199,173,372,
12633,202,155,357,
12634,189,156,345,
12635,208,153,361,
12636,195,183,378,
12637,193,169,362,
12638,231,159,390,
12640,215,155,370,
12641,238,194,432,
12642,217,162,379,
12644,27,17,44,
12645,217,162,379,
12646,223,191,414,
12648,205,160,365,
12649,206,186,392,
12651,205,173,378,
12652,191,186,377,
12653,223,152,375,
12654,200,155,355,
12656,209,148,357,
12657,211,160,371,
12658,180,161,341,
12659,220,170,390,
12660,215,179,394,
12661,221,171,392,
12662,200,164,364,
12663,196,181,377,
12664,216,165,381,
12666,203,167,370,
12668,202,169,371,
12669,221,175,396,
12671,213,170,383,
12673,243,169,412,
12675,200,176,376,
12676,241,186,427,
12677,206,163,369,
12678,216,176,392,
12679,246,149,395,
12680,213,162,375,
12681,180,186,366,
12682,205,156,361,
12683,232,158,390,
12684,36,36,72,
12685,217,166,383,
12688,183,167,350,
12690,211,164,375,
12691,208,172,380,
12692,210,167,377,
12693,189,166,355,
12694,231,174,405,
12695,237,173,410,
12696,137,105,242,
12697,234,172,406,
12699,197,143,340,
12700,208,167,375,
12701,188,158,346,
12702,197,169,366,
12704,210,167,377,
12706,223,142,365,
12707,209,152,361,
12708,205,171,376,
12709,227,182,409,
12710,187,141,328,
12712,209,145,354,
12713,215,158,373,
12714,209,157,366,
12716,198,152,350,
12717,219,155,374,
12720,217,161,378,
12721,174,131,305,
12722,194,179,373,
12723,242,159,401,
12724,211,159,370,
12725,223,157,380,
12726,232,173,405,
12727,213,152,365,
12728,210,166,376,
12730,191,186,377,
12731,194,192,386,
12732,199,161,360,
12733,212,171,383,
12734,30,18,48,
12735,232,177,409,
12736,204,155,359,
12737,219,164,383,
12738,204,126,330,
12739,22,14,36,
12741,236,168,404,
12742,204,149,353,
12743,220,175,395,
12744,206,142,348,
12746,215,150,365,
12747,215,168,383,
12748,214,192,406,
12749,177,166,343,
12750,211,182,393,
12751,203,135,338,
12753,211,189,400,
12755,215,169,384,
12756,227,172,399,
12757,209,196,405,
12758,210,163,373,
12759,222,175,397,
12760,21,9,30,
12761,206,132,338,
12762,215,156,371,
12763,46,46,92,
12764,24,20,44,
12765,205,143,348,
12766,186,159,345,
12767,192,189,381,
12769,188,158,346,
12772,236,151,387,
12774,230,146,376,
12775,213,165,378,
12780,235,160,395,
12781,209,181,390,
12782,217,163,380,
12783,208,166,374,
12784,213,157,370,
12786,211,155,366,
12787,220,182,402,
12788,194,186,380,
12789,230,180,410,
12790,229,179,408,
12791,200,178,378,
12793,217,175,392,
12794,229,153,382,
12795,196,185,381,
12796,189,167,356,
12797,211,178,389,
12798,221,175,396,
12799,217,177,394,
12800,213,162,375,
12801,184,137,321,
12802,224,173,397,
12803,232,169,401,
12804,198,138,336,
12805,243,179,422,
12807,26,17,43,
12810,204,184,388,
12811,208,172,380,
12812,208,164,372,
12813,218,157,375,
12815,216,171,387,
12816,205,166,371,
12818,202,151,353,
12819,213,182,395,
12820,223,142,365,
12821,210,131,341,
12822,200,166,366,
12823,200,163,363,
12824,216,155,371,
12825,237,177,414,
12826,201,143,344,
12829,219,189,408,
12830,215,172,387,
12833,237,159,396,
12834,217,173,390,
12835,202,170,372,
12836,236,167,403,
12837,188,153,341,
12838,214,143,357,
12839,211,168,379,
12841,189,158,347,
12842,206,178,384,
12843,219,166,385,
12844,222,149,371,
12845,181,150,331,
12847,217,177,394,
12848,186,191,377,
12849,195,183,378,
12850,209,157,366,
12851,193,162,355,
12852,199,175,374,
12853,203,164,367,
12854,198,161,359,
12855,248,124,372,
12856,201,138,339,
12857,212,169,381,
12858,212,165,377,
12859,247,165,412,
12860,204,173,377,
12861,200,173,373,
12862,220,155,375,
12863,177,160,337,
12864,218,159,377,
12865,174,122,296,
12866,236,156,392,
12867,192,164,356,
12868,206,155,361,
12870,222,174,396,
12871,176,161,337,
12872,211,170,381,
12873,214,158,372,
12874,195,156,351,
12875,212,156,368,
12876,203,174,377,
12877,214,146,360,
12878,199,170,369,
12879,198,152,350,
12880,197,141,338,
12882,202,198,400,
12883,223,187,410,
12885,38,27,65,
12886,212,148,360,
12887,214,181,395,
12888,217,159,376,
12889,190,186,376,
12893,193,158,351,
12894,224,148,372,
12895,6,12,18,
12896,195,169,364,
12897,199,163,362,
12898,207,168,375,
12899,234,185,419,
12900,156,143,299,
12901,241,162,403,
12903,14,7,21,
12904,172,172,344,
12905,214,170,384,
12907,229,160,389,
12908,217,173,390,
12911,216,165,381,
12912,221,181,402,
12913,230,174,404,
12914,157,163,320,
12915,213,177,390,
12916,232,171,403,
12918,217,164,381,
12921,201,166,367,
12922,26,22,48,
12923,230,181,411,
12925,193,142,335,
12926,192,170,362,
12927,212,153,365,
12928,211,195,406,
12929,181,152,333,
12930,213,167,380,
12932,224,165,389,
12933,211,165,376,
12934,215,159,374,
12935,23,14,37,
12936,220,172,392,
12937,224,167,391,
12938,220,157,377,
12939,220,197,417,
12940,226,162,388,
12942,206,152,358,
12943,220,182,402,
12945,199,158,357,
12947,193,170,363,
12948,203,167,370,
12950,237,151,388,
12951,195,166,361,
12952,208,163,371,
12953,216,157,373,
12954,200,154,354,
12955,178,137,315,
12956,31,34,65,
12957,230,167,397,
12958,195,148,343,
12959,227,171,398,
12960,222,152,374,
12961,197,136,333,
12962,224,153,377,
12963,226,155,381,
12964,168,194,362,
12965,186,145,331,
12966,222,174,396,
12968,185,150,335,
12969,193,196,389,
12970,261,162,423,
12972,237,158,395,
12973,210,191,401,
12977,193,171,364,
12978,204,184,388,
12979,196,153,349,
12980,29,16,45,
12981,222,170,392,
12984,230,165,395,
12985,221,163,384,
12986,208,153,361,
12987,227,149,376,
12988,237,138,375,
12989,168,127,295,
12990,246,153,399,
12991,196,167,363,
12992,199,156,355,
12994,214,175,389,
12995,219,179,398,
12996,221,155,376,
12997,193,176,369,
12998,213,147,360,
12999,221,150,371,
13000,211,179,390,
13001,219,169,388,
13002,228,150,378,
13003,222,164,386,
13004,237,171,408,
13005,219,150,369,
13007,220,157,377,
13008,196,171,367,
13011,36,31,67,
13013,218,164,382,
13014,221,195,416,
13015,233,164,397,
13017,234,184,418,
13018,238,141,379,
13019,229,137,366,
13021,184,153,337,
13022,230,169,399,
13023,206,157,363,
13024,206,164,370,
13025,150,163,313,
13026,207,181,388,
13027,190,145,335,
13028,9,9,18,
13031,209,160,369,
13033,143,132,275,
13034,238,153,391,
13035,203,169,372,
13036,221,153,374,
13037,229,164,393,
13038,243,157,400,
13039,213,160,373,
13040,206,143,349,
13041,173,186,359,
13042,202,156,358,
13043,186,180,366,
13047,199,169,368,
13048,187,187,374,
13050,187,181,368,
13051,195,181,376,
13052,201,168,369,
13053,217,151,368,
13054,201,194,395,
13055,201,162,363,
13056,180,176,356,
13057,207,180,387,
13059,215,171,386,
13061,172,185,357,
13063,216,154,370,
13066,212,192,404,
13067,220,136,356,
13068,209,170,379,
13069,217,163,380,
13070,182,188,370,
13072,223,181,404,
13073,174,159,333,
13075,200,150,350,
13076,212,166,378,
13077,200,159,359,
13078,213,174,387,
13081,219,169,388,
13083,198,183,381,
13084,206,185,391,
13085,192,169,361,
13087,214,163,377,
13088,203,167,370,
13090,236,168,404,
13094,214,157,371,
13095,234,171,405,
13097,192,175,367,
13098,26,24,50,
13099,222,132,354,
13101,210,139,349,
13102,233,163,396,
13103,213,170,383,
13104,194,165,359,
13105,225,181,406,
13107,185,178,363,
13108,195,143,338,
13109,206,187,393,
13110,218,162,380,
13111,229,168,397,
13113,2,4,6,
13114,218,178,396,
13115,234,155,389,
13117,184,160,344,
13118,208,146,354,
13120,217,139,356,
13121,209,167,376,
13122,211,165,376,
13123,250,171,421,
13124,23,16,39,
13127,197,166,363,
13128,217,163,380,
13129,212,175,387,
13132,227,163,390,
13133,222,167,389,
13134,185,166,351,
13135,200,158,358,
13136,240,166,406,
13137,222,149,371,
13138,191,157,348,
13139,215,159,374,
13140,221,172,393,
13141,193,152,345,
13142,232,176,408,
13143,210,185,395,
13144,213,178,391,
13145,223,154,377,
13146,25,27,52,
13149,202,157,359,
13150,212,189,401,
13153,204,179,383,
13156,217,182,399,
13157,186,155,341,
13158,174,138,312,
13159,173,112,285,
13160,218,161,379,
13161,199,143,342,
13162,243,161,404,
13165,194,176,370,
13166,179,171,350,
13167,193,164,357,
13168,179,168,347,
13170,211,142,353,
13171,230,164,394,
13172,8,20,28,
13173,206,170,376,
13174,223,160,383,
13175,220,164,384,
13176,188,198,386,
13177,163,163,326,
13178,209,161,370,
13179,252,160,412,
13180,179,157,336,
13182,214,171,385,
13183,207,172,379,
13184,214,143,357,
13185,188,152,340,
13186,133,127,260,
13187,184,181,365,
13188,199,162,361,
13191,174,180,354,
13192,217,156,373,
13193,189,181,370,
13194,220,160,380,
13195,191,154,345,
13197,207,212,419,
13198,203,187,390,
13199,236,188,424,
13200,211,179,390,
13201,211,168,379,
13203,195,158,353,
13206,228,152,380,
13207,174,153,327,
13208,18,12,30,
13209,253,132,385,
13210,207,179,386,
13211,186,154,340,
13212,204,165,369,
13213,199,148,347,
13216,231,165,396,
13217,204,186,390,
13218,246,174,420,
13220,172,144,316,
13221,18,15,33,
13222,238,146,384,
13223,213,136,349,
13224,230,175,405,
13226,205,142,347,
13227,219,132,351,
13228,228,151,379,
13229,230,153,383,
13231,211,170,381,
13232,126,93,219,
13233,213,200,413,
13234,209,147,356,
13235,209,179,388,
13236,209,173,382,
13237,230,172,402,
13238,219,154,373,
13239,211,153,364,
13240,223,145,368,
13241,202,148,350,
13242,215,158,373,
13243,193,151,344,
13244,219,206,425,
13245,50,20,70,
13246,216,182,398,
13249,144,137,281,
13250,241,186,427,
13251,235,138,373,
13252,202,166,368,
13253,213,173,386,
13254,211,151,362,
13256,186,120,306,
13257,216,177,393,
13258,25,29,54,
13259,222,172,394,
13261,213,167,380,
13262,224,160,384,
13263,217,170,387,
13265,218,166,384,
13266,214,179,393,
13267,236,170,406,
13268,199,169,368,
13269,188,161,349,
13270,228,169,397,
13271,16,14,30,
13272,233,167,400,
13273,220,194,414,
13274,211,181,392,
13275,184,141,325,
13276,239,151,390,
13277,216,176,392,
13278,228,156,384,
13280,186,179,365,
13281,209,138,347,
13282,188,171,359,
13283,237,162,399,
13284,48,27,75,
13285,175,133,308,
13286,247,154,401,
13288,206,173,379,
13289,197,156,353,
13291,197,177,374,
13292,216,169,385,
13293,190,151,341,
13294,139,116,255,
13295,181,186,367,
13296,212,160,372,
13297,188,192,380,
13298,228,166,394,
13300,205,148,353,
13301,235,161,396,
13302,233,173,406,
13304,205,172,377,
13305,229,178,407,
13306,185,185,370,
13307,225,199,424,
13309,200,156,356,
13310,218,149,367,
13312,193,162,355,
13313,207,153,360,
13314,216,178,394,
13315,218,160,378,
13316,199,176,375,
13317,199,160,359,
13318,217,158,375,
13319,205,171,376,
13321,193,178,371,
13322,217,169,386,
13323,220,159,379,
13324,201,185,386,
13325,192,175,367,
13326,196,175,371,
13327,218,173,391,
13328,30,30,60,
13329,148,115,263,
13330,3,2,5,
13331,41,27,68,
13333,213,192,405,
13334,191,179,370,
13336,174,155,329,
13338,20,20,40,
13339,193,173,366,
13340,210,175,385,
13342,219,153,372,
13343,213,147,360,
13344,201,180,381,
13346,194,165,359,
13347,204,150,354,
13349,223,160,383,
13351,195,152,347,
13352,213,173,386,
13355,188,180,368,
13356,206,165,371,
13357,210,148,358,
13358,198,196,394,
13359,234,161,395,
13360,230,165,395,
13361,227,139,366,
13362,197,156,353,
13365,201,157,358,
13366,210,181,391,
13368,216,175,391,
13369,235,161,396,
13371,162,134,296,
13372,194,143,337,
13373,222,184,406,
13374,194,168,362,
13377,230,156,386,
13378,199,168,367,
13379,198,178,376,
13380,203,174,377,
13382,142,110,252,
13383,198,184,382,
13384,228,143,371,
13386,201,191,392,
13387,231,173,404,
13388,197,183,380,
13389,209,174,383,
13392,226,177,403,
13393,194,140,334,
13394,211,163,374,
13396,204,161,365,
13397,211,157,368,
13398,180,121,301,
13399,204,172,376,
13400,207,172,379,
13402,204,168,372,
13404,219,188,407,
13405,207,155,362,
13407,224,191,415,
13408,213,159,372,
13409,6,4,10,
13412,218,163,381,
13413,2,4,6,
13414,43,20,63,
13416,203,146,349,
13417,199,206,405,
13418,183,172,355,
13419,153,179,332,
13420,12,10,22,
13421,189,148,337,
13422,217,167,384,
13423,205,172,377,
13424,208,149,357,
13425,36,18,54,
13427,212,159,371,
13429,200,156,356,
13430,204,168,372,
13432,210,162,372,
13433,198,146,344,
13436,237,155,392,
13437,232,189,421,
13438,198,165,363,
13439,191,176,367,
13440,222,157,379,
13441,185,179,364,
13442,216,150,366,
13444,225,145,370,
13445,240,151,391,
13446,199,148,347,
13447,223,157,380,
13448,197,154,351,
13449,213,156,369,
13450,220,183,403,
13452,215,167,382,
13453,191,171,362,
13454,212,153,365,
13455,214,173,387,
13456,205,160,365,
13457,243,155,398,
13458,229,144,373,
13459,224,147,371,
13460,193,137,330,
13461,214,170,384,
13462,201,148,349,
13463,215,170,385,
13466,239,165,404,
13467,203,159,362,
13468,197,156,353,
13469,197,173,370,
13470,213,189,402,
13472,229,164,393,
13473,226,161,387,
13474,204,163,367,
13475,217,178,395,
13476,204,158,362,
13479,220,176,396,
13480,217,172,389,
13481,204,149,353,
13482,108,123,231,
13483,24,26,50,
13485,233,153,386,
13486,193,156,349,
13487,221,172,393,
13488,225,178,403,
13489,209,150,359,
13490,240,148,388,
13492,217,156,373,
13493,218,159,377,
13494,215,178,393,
13495,179,161,340,
13496,245,163,408,
13497,226,166,392,
13498,212,202,414,
13500,204,176,380,
13501,206,163,369,
13502,213,169,382,
13504,220,167,387,
13505,213,159,372,
13506,177,176,353,
13510,218,163,381,
13511,228,164,392,
13512,221,150,371,
13513,230,173,403,
13515,221,162,383,
13517,202,154,356,
13518,221,177,398,
13519,45,28,73,
13520,206,163,369,
13521,17,10,27,
13522,206,170,376,
13523,217,147,364,
13526,211,171,382,
13528,195,174,369,
13529,191,164,355,
13530,177,156,333,
13532,197,161,358,
13537,198,177,375,
13538,200,162,362,
13539,193,167,360,
13540,215,182,397,
13541,204,156,360,
13543,206,161,367,
13545,182,134,316,
13546,209,143,352,
13547,197,172,369,
13548,25,20,45,
13552,182,159,341,
13554,202,168,370,
13555,221,183,404,
13556,231,162,393,
13557,208,190,398,
13559,198,169,367,
13560,202,184,386,
13561,216,158,374,
13562,211,148,359,
13563,188,138,326,
13564,193,177,370,
13565,203,162,365,
13566,143,103,246,
13567,227,148,375,
13568,217,162,379,
13571,210,174,384,
13572,177,167,344,
13573,229,163,392,
13574,226,166,392,
13576,166,171,337,
13577,197,165,362,
13578,210,175,385,
13579,230,156,386,
13580,200,148,348,
13581,192,182,374,
13582,181,176,357,
13583,209,189,398,
13584,242,169,411,
13586,35,31,66,
13587,225,165,390,
13588,180,141,321,
13589,239,166,405,
13590,235,162,397,
13591,202,184,386,
13592,209,158,367,
13593,206,191,397,
13594,192,162,354,
13595,207,163,370,
13596,231,137,368,
13598,209,147,356,
13599,149,98,247,
13600,214,161,375,
13601,139,111,250,
13602,208,177,385,
13603,203,190,393,
13604,216,168,384,
13605,237,151,388,
13607,216,153,369,
13608,216,169,385,
13609,197,175,372,
13611,179,177,356,
13612,256,172,428,
13613,222,177,399,
13614,203,145,348,
13616,213,155,368,
13617,202,191,393,
13618,231,178,409,
13619,227,143,370,
13620,204,179,383,
13621,197,168,365,
13622,206,171,377,
13623,203,153,356,
13624,217,176,393,
13625,208,174,382,
13626,223,139,362,
13627,231,166,397,
13628,162,154,316,
13629,207,162,369,
13630,209,165,374,
13632,227,161,388,
13633,213,153,366,
13635,191,133,324,
13637,199,189,388,
13640,218,167,385,
13642,223,187,410,
13643,229,152,381,
13644,197,177,374,
13645,223,150,373,
13648,199,169,368,
13649,221,162,383,
13651,186,145,331,
13652,201,180,381,
13653,191,155,346,
13654,231,180,411,
13655,183,205,388,
13656,199,186,385,
13657,198,158,356,
13658,231,157,388,
13659,219,152,371,
13660,188,166,354,
13661,223,179,402,
13662,215,157,372,
13664,225,155,380,
13665,218,192,410,
13666,207,172,379,
13668,34,22,56,
13669,199,154,353,
13671,219,143,362,
13672,197,175,372,
13674,201,170,371,
13675,219,171,390,
13676,187,135,322,
13677,208,181,389,
13678,207,153,360,
13679,243,181,424,
13680,226,153,379,
13681,222,150,372,
13683,210,182,392,
13684,196,151,347,
13685,40,18,58,
13686,213,171,384,
13687,234,158,392,
13688,17,6,23,
13689,230,166,396,
13690,211,151,362,
13691,237,167,404,
13693,209,136,345,
13694,220,194,414,
13695,185,169,354,
13696,211,181,392,
13697,213,172,385,
13698,212,141,353,
13700,32,20,52,
13702,208,162,370,
13703,188,158,346,
13704,213,188,401,
13705,188,138,326,
13706,221,162,383,
13707,220,188,408,
13708,239,167,406,
13709,218,172,390,
13710,230,170,400,
13712,210,155,365,
13714,228,147,375,
13715,206,164,370,
13716,213,187,400,
13717,214,167,381,
13718,222,151,373,
13719,202,163,365,
13721,207,182,389,
13723,217,170,387,
13724,214,155,369,
13727,212,177,389,
13728,158,107,265,
13729,202,139,341,
13730,228,161,389,
13731,201,179,380,
13732,218,166,384,
13733,5,5,10,
13734,234,183,417,
13737,222,163,385,
13738,206,171,377,
13739,206,160,366,
13740,187,167,354,
13741,203,159,362,
13742,209,148,357,
13743,201,173,374,
13744,148,126,274,
13745,211,147,358,
13746,230,160,390,
13748,236,172,408,
13749,227,182,409,
13750,167,142,309,
13755,200,166,366,
13756,197,180,377,
13759,223,149,372,
13760,192,155,347,
13762,203,173,376,
13763,211,145,356,
13764,36,30,66,
13765,208,162,370,
13768,196,161,357,
13769,235,157,392,
13771,213,189,402,
13773,223,163,386,
13774,198,164,362,
13775,216,157,373,
13776,197,188,385,
13777,31,11,42,
13778,216,182,398,
13779,51,42,93,
13780,203,167,370,
13781,210,142,352,
13782,192,114,306,
13783,207,143,350,
13785,226,146,372,
13786,209,167,376,
13789,202,158,360,
13792,205,131,336,
13794,200,150,350,
13795,215,166,381,
13797,169,159,328,
13798,237,171,408,
13799,220,168,388,
13801,215,175,390,
13802,223,168,391,
13803,205,158,363,
13804,216,172,388,
13805,206,159,365,
13806,193,167,360,
13808,206,136,342,
13809,169,184,353,
13810,184,154,338,
13811,251,142,393,
13812,41,26,67,
13813,181,145,326,
13814,223,169,392,
13815,225,156,381,
13816,193,170,363,
13817,170,113,283,
13818,213,170,383,
13820,205,166,371,
13822,198,174,372,
13823,227,165,392,
13824,28,12,40,
13825,4,6,10,
13826,26,21,47,
13827,224,152,376,
13828,194,214,408,
13829,215,152,367,
13831,222,156,378,
13832,176,142,318,
13833,205,160,365,
13834,192,152,344,
13835,7,2,9,
13836,206,169,375,
13837,214,176,390,
13838,199,161,360,
13840,222,164,386,
13841,194,172,366,
13842,197,198,395,
13843,204,164,368,
13844,201,178,379,
13846,158,159,317,
13847,223,177,400,
13848,229,168,397,
13849,226,186,412,
13851,211,160,371,
13853,246,176,422,
13854,239,184,423,
13855,223,167,390,
13856,205,144,349,
13857,31,27,58,
13858,215,177,392,
13859,207,170,377,
13860,204,159,363,
13861,189,172,361,
13862,218,165,383,
13863,219,175,394,
13864,202,155,357,
13868,212,174,386,
13869,206,154,360,
13870,182,144,326,
13873,215,147,362,
13874,203,160,363,
13875,243,127,370,
13876,212,149,361,
13877,236,165,401,
13878,189,160,349,
13879,208,187,395,
13880,198,158,356,
13882,205,145,350,
13883,219,177,396,
13884,198,142,340,
13885,209,163,372,
13886,185,171,356,
13887,236,161,397,
13888,217,164,381,
13889,220,184,404,
13890,195,167,362,
13891,222,180,402,
13892,219,164,383,
13893,193,132,325,
13894,196,169,365,
13895,188,176,364,
13896,205,183,388,
13898,15,17,32,
13899,227,179,406,
13901,33,28,61,
13903,231,155,386,
13904,219,189,408,
13905,206,168,374,
13906,207,146,353,
13907,209,164,373,
13908,235,172,407,
13909,240,153,393,
13911,228,168,396,
13912,178,166,344,
13914,236,142,378,
13915,194,175,369,
13916,219,168,387,
13918,47,42,89,
13919,219,182,401,
13920,211,169,380,
13921,199,176,375,
13922,200,180,380,
13923,182,165,347,
13924,192,155,347,
13925,199,143,342,
13926,192,164,356,
13927,207,175,382,
13930,198,144,342,
13931,197,158,355,
13932,234,141,375,
13933,235,184,419,
13934,198,198,396,
13937,227,179,406,
13938,178,133,311,
13939,220,185,405,
13940,202,163,365,
13942,212,171,383,
13943,221,151,372,
13946,40,17,57,
13947,219,171,390,
13949,237,147,384,
13951,205,169,374,
13952,195,150,345,
13954,182,179,361,
13955,224,164,388,
13958,205,152,357,
13959,240,167,407,
13962,202,157,359,
13964,206,163,369,
13965,202,156,358,
13966,212,159,371,
13967,152,151,303,
13968,204,166,370,
13969,228,155,383,
13970,180,156,336,
13971,215,157,372,
13972,195,179,374,
13973,28,23,51,
13975,206,172,378,
13977,197,167,364,
13979,217,166,383,
13980,201,172,373,
13981,204,164,368,
13982,210,175,385,
13984,175,141,316,
13985,212,185,397,
13986,213,188,401,
13987,188,153,341,
13989,196,165,361,
13990,216,159,375,
13991,219,155,374,
13992,213,158,371,
13993,194,145,339,
13994,213,135,348,
13996,226,132,358,
13997,244,167,411,
13998,24,22,46,
13999,208,181,389,
14000,194,184,378,
14003,189,145,334,
14004,219,170,389,
14005,222,161,383,
14006,214,161,375,
14008,202,148,350,
14009,228,143,371,
14012,199,168,367,
14013,149,107,256,
14015,37,18,55,
14016,168,132,300,
14017,194,164,358,
14018,181,158,339,
14019,225,162,387,
14021,209,164,373,
14023,219,181,400,
14024,219,184,403,
14025,176,173,349,
14026,206,181,387,
14027,161,135,296,
14028,206,179,385,
14029,193,174,367,
14032,230,184,414,
14034,212,167,379,
14035,195,161,356,
14036,31,26,57,
14037,209,174,383,
14038,205,158,363,
14039,216,164,380,
14040,195,172,367,
14041,214,161,375,
14042,193,153,346,
14043,202,167,369,
14044,210,162,372,
14045,230,161,391,
14046,220,174,394,
14048,207,168,375,
14049,239,156,395,
14050,208,183,391,
14052,206,152,358,
14053,229,183,412,
14054,223,149,372,
14056,189,145,334,
14057,207,183,390,
14058,217,168,385,
14059,213,157,370,
14064,210,158,368,
14066,211,171,382,
14068,204,170,374,
14070,203,179,382,
14071,25,20,45,
14072,206,163,369,
14073,180,174,354,
14074,203,168,371,
14075,213,175,388,
14077,33,26,59,
14079,232,175,407,
14080,198,159,357,
14081,196,148,344,
14083,203,161,364,
14084,197,160,357,
14088,239,142,381,
14089,204,167,371,
14090,224,169,393,
14092,219,158,377,
14093,217,180,397,
14094,227,186,413,
14095,209,176,385,
14097,150,127,277,
14098,25,14,39,
14099,218,149,367,
14100,186,153,339,
14101,196,175,371,
14102,215,187,402,
14103,221,168,389,
14104,209,178,387,
14105,196,169,365,
14106,208,157,365,
14107,211,160,371,
14108,201,154,355,
14109,204,167,371,
14110,152,117,269,
14112,225,145,370,
14113,228,152,380,
14114,212,147,359,
14115,213,154,367,
14116,200,158,358,
14117,211,140,351,
14118,191,173,364,
14119,192,164,356,
14122,196,157,353,
14123,227,149,376,
14125,194,157,351,
14126,30,30,60,
14127,205,154,359,
14128,196,141,337,
14129,209,181,390,
14130,210,152,362,
14133,199,165,364,
14134,216,164,380,
14135,205,160,365,
14137,226,167,393,
14139,203,173,376,
14140,219,150,369,
14141,209,162,371,
14142,207,173,380,
14143,205,166,371,
14144,211,160,371,
14147,187,178,365,
14148,161,141,302,
14149,218,168,386,
14150,196,170,366,
14151,212,154,366,
14152,217,164,381,
14153,208,154,362,
14154,215,166,381,
14155,41,21,62,
14157,206,179,385,
14158,211,157,368,
14159,189,170,359,
14160,236,145,381,
14161,221,158,379,
14162,206,165,371,
14163,214,172,386,
14166,26,26,52,
14167,202,177,379,
14168,187,172,359,
14169,192,156,348,
14170,203,162,365,
14171,215,172,387,
14172,198,172,370,
14173,186,183,369,
14174,206,176,382,
14175,227,178,405,
14177,200,151,351,
14178,222,169,391,
14179,241,144,385,
14181,216,170,386,
14182,203,200,403,
14183,224,169,393,
14184,211,162,373,
14185,212,165,377,
14187,214,186,400,
14188,212,180,392,
14189,205,144,349,
14190,210,158,368,
14191,211,177,388,
14192,197,145,342,
14193,200,176,376,
14194,228,162,390,
14196,200,171,371,
14199,179,164,343,
14200,233,169,402,
14201,204,169,373,
14202,171,154,325,
14205,197,168,365,
14207,22,17,39,
14208,232,161,393,
14209,196,143,339,
14210,228,146,374,
14211,193,163,356,
14212,214,184,398,
14213,216,182,398,
14214,206,165,371,
14215,218,179,397,
14217,206,187,393,
14218,232,156,388,
14222,197,161,358,
14223,230,151,381,
14224,196,121,317,
14225,229,141,370,
14226,211,175,386,
14227,252,170,422,
14228,212,170,382,
14229,225,157,382,
14230,202,163,365,
14233,218,145,363,
14234,190,158,348,
14235,192,159,351,
14236,199,154,353,
14237,200,177,377,
14239,196,167,363,
14240,223,178,401,
14242,220,158,378,
14243,202,154,356,
14244,203,172,375,
14245,205,144,349,
14246,204,199,403,
14247,201,172,373,
14248,217,179,396,
14249,222,187,409,
14251,204,185,389,
14253,204,157,361,
14254,203,150,353,
14255,212,153,365,
14256,235,175,410,
14257,197,148,345,
14259,219,169,388,
14260,212,180,392,
14261,191,175,366,
14262,214,145,359,
14263,202,150,352,
14265,193,151,344,
14268,213,173,386,
14269,220,158,378,
14270,228,172,400,
14271,200,169,369,
14272,211,159,370,
14273,227,181,408,
14274,189,176,365,
14275,219,176,395,
14276,220,176,396,
14277,197,171,368,
14279,205,179,384,
14280,209,159,368,
14281,200,154,354,
14282,177,183,360,
14283,208,157,365,
14284,21,21,42,
14286,185,181,366,
14287,202,143,345,
14290,199,158,357,
14291,191,165,356,
14292,198,166,364,
14293,193,152,345,
14294,213,179,392,
14295,224,173,397,
14296,213,157,370,
14297,224,167,391,
14298,221,179,400,
14299,216,170,386,
14300,188,171,359,
14301,237,172,409,
14302,206,154,360,
14303,206,202,408,
14304,35,34,69,
14307,204,160,364,
14310,202,153,355,
14311,209,188,397,
14312,217,155,372,
14313,201,165,366,
14314,27,22,49,
14315,221,172,393,
14316,216,160,376,
14317,213,169,382,
14319,194,154,348,
14320,221,151,372,
14321,201,179,380,
14322,182,173,355,
14323,213,151,364,
14324,129,113,242,
14327,183,148,331,
14328,211,169,380,
14329,206,181,387,
14330,210,164,374,
14331,212,163,375,
14332,214,155,369,
14333,196,165,361,
14334,194,157,351,
14337,191,173,364,
14338,209,160,369,
14339,208,165,373,
14341,204,155,359,
14342,160,125,285,
14343,215,183,398,
14345,183,174,357,
14346,236,182,418,
14347,208,157,365,
14348,208,192,400,
14349,221,184,405,
14350,217,172,389,
14351,214,181,395,
14352,202,149,351,
14353,211,171,382,
14354,206,154,360,
14356,230,148,378,
14357,198,183,381,
14360,201,156,357,
14361,213,144,357,
14362,207,152,359,
14363,217,164,381,
14365,227,186,413,
14367,208,156,364,
14368,190,169,359,
14370,204,161,365,
14371,190,147,337,
14372,235,171,406,
14373,211,170,381,
14374,217,175,392,
14375,216,155,371,
14376,232,149,381,
14377,182,168,350,
14378,208,188,396,
14379,204,180,384,
14380,184,166,350,
14382,224,168,392,
14383,216,147,363,
14385,206,159,365,
14386,228,177,405,
14387,232,155,387,
14388,230,171,401,
14391,206,177,383,
14392,230,167,397,
14393,236,175,411,
14394,216,163,379,
14395,189,140,329,
14396,212,178,390,
14397,223,159,382,
14398,188,159,347,
14400,230,190,420,
14401,198,145,343,
14402,201,161,362,
14403,34,24,58,
14404,196,189,385,
14406,198,171,369,
14407,220,187,407,
14408,209,139,348,
14409,236,177,413,
14410,200,168,368,
14411,214,153,367,
14412,222,167,389,
14413,188,157,345,
14414,194,165,359,
14415,209,164,373,
14416,218,167,385,
14417,203,179,382,
14418,195,167,362,
14421,208,155,363,
14423,252,161,413,
14424,201,154,355,
14425,222,174,396,
14426,182,164,346,
14427,186,170,356,
14428,212,152,364,
14429,203,160,363,
14430,237,157,394,
14431,226,168,394,
14432,228,171,399,
14433,207,175,382,
14434,222,175,397,
14435,231,159,390,
14437,214,161,375,
14438,192,170,362,
14439,223,175,398,
14440,213,158,371,
14441,210,151,361,
14442,215,166,381,
14443,234,156,390,
14444,203,173,376,
14445,221,167,388,
14446,204,160,364,
14447,222,160,382,
14448,223,176,399,
14449,233,158,391,
14450,189,156,345,
14451,194,124,318,
14452,222,166,388,
14453,208,173,381,
14454,231,165,396,
14456,207,170,377,
14457,211,156,367,
14458,214,156,370,
14459,215,157,372,
14460,215,175,390,
14462,222,149,371,
14463,215,166,381,
14464,41,27,68,
14465,16,16,32,
14466,212,139,351,
14467,209,161,370,
14468,228,160,388,
14469,189,173,362,
14470,214,153,367,
14471,213,183,396,
14472,221,181,402,
14473,208,171,379,
14474,217,170,387,
14475,205,159,364,
14476,220,142,362,
14480,241,149,390,
14481,204,195,399,
14482,199,176,375,
14483,38,21,59,
14484,193,166,359,
14485,195,157,352,
14487,212,160,372,
14488,203,170,373,
14489,235,164,399,
14492,184,165,349,
14493,200,159,359,
14495,228,158,386,
14496,208,135,343,
14497,213,167,380,
14498,189,164,353,
14500,195,162,357,
14501,157,160,317,
14502,245,177,422,
14503,205,168,373,
14504,204,162,366,
14506,199,163,362,
14508,210,166,376,
14509,187,150,337,
14510,215,142,357,
14511,195,157,352,
14512,219,179,398,
14513,151,152,303,
14514,208,147,355,
14515,233,167,400,
14516,227,162,389,
14517,193,150,343,
14518,149,108,257,
14519,196,175,371,
14520,232,165,397,
14521,213,183,396,
14522,201,146,347,
14523,218,163,381,
14525,189,170,359,
14526,180,168,348,
14527,206,190,396,
14528,159,116,275,
14529,207,187,394,
14530,30,17,47,
14531,204,179,383,
14532,207,176,383,
14533,199,172,371,
14534,198,176,374,
14536,208,169,377,
14537,18,15,33,
14538,26,31,57,
14539,168,143,311,
14540,220,164,384,
14541,149,135,284,
14542,45,32,77,
14543,219,172,391,
14544,212,166,378,
14545,223,174,397,
14546,202,142,344,
14547,183,171,354,
14548,209,176,385,
14550,213,173,386,
14554,213,188,401,
14555,223,176,399,
14557,141,121,262,
14558,198,135,333,
14560,200,172,372,
14561,219,182,401,
14562,203,174,377,
14563,198,169,367,
14564,200,156,356,
14567,209,153,362,
14569,216,156,372,
14570,160,128,288,
14571,218,150,368,
14572,217,164,381,
14574,217,155,372,
14576,206,152,358,
14577,13,17,30,
14578,222,159,381,
14579,233,170,403,
14581,208,161,369,
14582,232,179,411,
14584,232,181,413,
14585,19,14,33,
14587,201,134,335,
14589,193,143,336,
14591,195,180,375,
14592,192,187,379,
14593,222,177,399,
14594,144,104,248,
14595,213,165,378,
14596,213,166,379,
14597,213,164,377,
14600,242,170,412,
14602,213,139,352,
14603,195,156,351,
14604,195,171,366,
14605,212,159,371,
14607,206,166,372,
14608,210,152,362,
14609,214,156,370,
14610,238,172,410,
14612,205,162,367,
14613,200,183,383,
14614,197,159,356,
14615,219,177,396,
14616,206,198,404,
14617,222,180,402,
14619,11,8,19,
14620,193,169,362,
14621,238,182,420,
14622,209,147,356,
14623,194,166,360,
14624,196,173,369,
14625,216,164,380,
14626,209,159,368,
14627,201,168,369,
14628,199,166,365,
14629,191,168,359,
14630,232,164,396,
14631,213,174,387,
14632,21,18,39,
14633,204,177,381,
14634,139,92,231,
14636,212,156,368,
14637,190,135,325,
14638,191,150,341,
14639,181,203,384,
14640,197,156,353,
14642,250,151,401,
14643,197,159,356,
14644,198,173,371,
14645,226,166,392,
14646,247,166,413,
14647,187,149,336,
14648,226,180,406,
14649,197,171,368,
14650,204,164,368,
14651,195,170,365,
14652,186,159,345,
14653,218,160,378,
14654,214,138,352,
14655,185,156,341,
14656,214,184,398,
14657,220,159,379,
14658,188,159,347,
14659,33,31,64,
14660,187,168,355,
14661,216,179,395,
14662,205,138,343,
14663,210,197,407,
14664,218,153,371,
14665,212,161,373,
14666,226,169,395,
14667,203,151,354,
14668,217,171,388,
14669,215,142,357,
14670,224,158,382,
14671,202,177,379,
14673,209,168,377,
14675,209,170,379,
14676,190,165,355,
14677,194,182,376,
14678,219,174,393,
14679,35,19,54,
14680,219,151,370,
14681,222,178,400,
14682,192,164,356,
14683,216,186,402,
14685,203,151,354,
14686,202,172,374,
14688,212,158,370,
14689,221,156,377,
14690,199,175,374,
14693,245,197,442,
14694,29,20,49,
14695,191,178,369,
14696,218,163,381,
14697,188,160,348,
14699,210,163,373,
14700,211,171,382,
14701,29,19,48,
14703,197,160,357,
14704,214,183,397,
14705,185,165,350,
14706,236,149,385,
14707,207,160,367,
14708,202,167,369,
14710,196,154,350,
14711,235,176,411,
14712,19,20,39,
14713,29,14,43,
14714,213,169,382,
14715,208,175,383,
14717,203,160,363,
14720,175,138,313,
14722,206,170,376,
14724,206,180,386,
14725,240,148,388,
14726,189,162,351,
14728,243,166,409,
14729,191,153,344,
14730,226,198,424,
14731,205,161,366,
14732,191,166,357,
14734,221,158,379,
14735,204,170,374,
14736,219,175,394,
14737,221,165,386,
14739,216,157,373,
14740,210,151,361,
14741,215,159,374,
14742,216,187,403,
14743,193,186,379,
14744,228,151,379,
14745,199,175,374,
14746,207,157,364,
14747,229,156,385,
14748,192,165,357,
14749,226,152,378,
14750,35,23,58,
14751,211,138,349,
14752,219,161,380,
14753,216,169,385,
14757,209,189,398,
14758,208,178,386,
14759,199,138,337,
14760,207,176,383,
14762,208,157,365,
14764,233,173,406,
14766,199,154,353,
14769,188,149,337,
14770,205,161,366,
14771,227,156,383,
14772,226,161,387,
14773,225,170,395,
14774,244,169,413,
14776,206,180,386,
14777,197,161,358,
14778,180,184,364,
14779,202,142,344,
14780,233,173,406,
14782,236,149,385,
14783,13,7,20,
14784,205,154,359,
14785,192,150,342,
14786,245,172,417,
14788,203,145,348,
14789,189,162,351,
14790,21,19,40,
14791,233,150,383,
14793,197,164,361,
14794,193,164,357,
14796,205,168,373,
14798,228,170,398,
14799,191,160,351,
14800,223,167,390,
14802,201,165,366,
14803,191,182,373,
14806,206,147,353,
14807,198,137,335,
14809,223,153,376,
14812,181,161,342,
14813,204,175,379,
14814,198,178,376,
14818,197,163,360,
14819,203,125,328,
14820,203,163,366,
14821,212,161,373,
14823,213,168,381,
14824,193,190,383,
14826,216,134,350,
14827,199,158,357,
14828,148,115,263,
14829,36,40,76,
14832,186,174,360,
14833,199,140,339,
14834,219,145,364,
14836,205,159,364,
14837,200,156,356,
14839,213,181,394,
14841,205,163,368,
14842,208,150,358,
14843,205,174,379,
14844,225,154,379,
14846,213,157,370,
14847,190,159,349,
14848,185,169,354,
14850,206,154,360,
14851,218,162,380,
14852,206,157,363,
14853,211,146,357,
14854,207,139,346,
14855,217,177,394,
14856,253,151,404,
14857,181,169,350,
14858,229,163,392,
14859,204,186,390,
14860,215,163,378,
14862,234,161,395,
14863,228,157,385,
14864,216,182,398,
14866,219,185,404,
14868,204,179,383,
14871,211,162,373,
14872,187,139,326,
14874,207,213,420,
14875,189,172,361,
14876,218,157,375,
14878,237,151,388,
14879,182,156,338,
14880,205,167,372,
14881,184,168,352,
14882,192,165,357,
14883,188,148,336,
14884,201,144,345,
14885,208,143,351,
14886,27,27,54,
14887,217,142,359,
14888,230,165,395,
14890,218,156,374,
14891,212,177,389,
14892,220,183,403,
14893,234,166,400,
14894,200,154,354,
14895,208,168,376,
14896,223,173,396,
14897,216,167,383,
14898,200,158,358,
14899,210,157,367,
14900,222,174,396,
14901,255,156,411,
14902,219,155,374,
14903,224,175,399,
14905,194,172,366,
14907,201,134,335,
14909,184,157,341,
14911,217,188,405,
14913,204,172,376,
14914,214,173,387,
14915,32,36,68,
14916,223,157,380,
14917,196,174,370,
14920,229,170,399,
14921,201,152,353,
14922,229,187,416,
14925,212,151,363,
14926,217,159,376,
14927,225,186,411,
14928,194,149,343,
14929,210,147,357,
14930,215,149,364,
14932,210,140,350,
14933,218,171,389,
14934,207,170,377,
14935,199,156,355,
14936,198,167,365,
14938,221,170,391,
14939,219,161,380,
14940,221,159,380,
14941,237,131,368,
14942,151,125,276,
14944,30,24,54,
14945,216,162,378,
14946,231,147,378,
14947,138,110,248,
14948,222,151,373,
14949,193,165,358,
14950,246,200,446,
14952,193,160,353,
14954,34,42,76,
14955,219,177,396,
14958,183,154,337,
14959,209,155,364,
14961,220,155,375,
14962,198,163,361,
14963,23,26,49,
14965,230,159,389,
14966,219,152,371,
14967,225,160,385,
14968,194,176,370,
14970,187,162,349,
14972,228,162,390,
14973,225,160,385,
14974,241,182,423,
14975,200,152,352,
14976,203,154,357,
14977,213,153,366,
14978,190,160,350,
14979,226,169,395,
14980,206,188,394,
14981,201,150,351,
14982,198,173,371,
14983,199,159,358,
14985,199,151,350,
14986,191,176,367,
14987,202,150,352,
14988,201,147,348,
14989,224,161,385,
14990,241,156,397,
14992,236,143,379,
14994,35,27,62,
14996,219,170,389,
14997,207,158,365,
14998,15,16,31,
14999,136,135,271,
15000,209,168,377,
15001,222,177,399,
15002,219,153,372,
15003,204,166,370,
15004,200,163,363,
15005,217,163,380,
15006,230,160,390,
15007,181,163,344,
15008,207,160,367,
15009,43,34,77,
15010,179,156,335,
15011,220,155,375,
15013,226,175,401,
15014,210,155,365,
15015,232,151,383,
15017,216,176,392,
15018,212,174,386,
15019,205,175,380,
15020,214,164,378,
15021,223,155,378,
15022,174,158,332,
15023,196,146,342,
15024,221,165,386,
15028,238,169,407,
15029,186,179,365,
15030,198,173,371,
15031,195,160,355,
15032,225,177,402,
15033,222,173,395,
15035,220,166,386,
15036,202,169,371,
15038,176,147,323,
15039,226,186,412,
15040,199,171,370,
15041,213,166,379,
15042,36,29,65,
15043,223,164,387,
15044,203,153,356,
15045,185,138,323,
15046,229,166,395,
15047,223,162,385,
15048,225,180,405,
15049,205,177,382,
15050,227,156,383,
15051,216,164,380,
15053,199,188,387,
15054,162,176,338,
15055,234,157,391,
15056,200,180,380,
15057,213,176,389,
15058,192,184,376,
15059,21,29,50,
15060,211,183,394,
15062,196,144,340,
15063,186,154,340,
15065,220,178,398,
15066,238,178,416,
15067,190,181,371,
15069,162,150,312,
15070,208,166,374,
15071,221,186,407,
15072,199,158,357,
15073,197,169,366,
15074,213,156,369,
15075,218,179,397,
15076,228,152,380,
15077,224,180,404,
15078,217,147,364,
15079,196,188,384,
15080,210,164,374,
15081,224,159,383,
15083,254,178,432,
15085,217,168,385,
15086,227,176,403,
15087,191,182,373,
15088,216,181,397,
15089,216,169,385,
15090,207,168,375,
15091,225,163,388,
15092,208,152,360,
15093,197,166,363,
15094,196,166,362,
15095,178,185,363,
15096,213,164,377,
15097,191,161,352,
15098,213,167,380,
15099,216,157,373,
15100,212,156,368,
15101,195,169,364,
15103,211,168,379,
15105,147,102,249,
15106,195,151,346,
15107,226,179,405,
15108,197,155,352,
15109,200,193,393,
15110,200,163,363,
15111,228,137,365,
15112,197,165,362,
15113,227,169,396,
15114,205,148,353,
15115,189,175,364,
15116,207,179,386,
15117,225,150,375,
15118,219,178,397,
15120,189,177,366,
15121,218,177,395,
15122,212,159,371,
15123,209,153,362,
15124,205,175,380,
15125,222,180,402,
15126,238,147,385,
15127,211,154,365,
15128,210,146,356,
15129,221,158,379,
15130,206,170,376,
15132,215,148,363,
15133,176,134,310,
15134,203,176,379,
15135,196,161,357,
15136,204,175,379,
15137,216,148,364,
15138,221,191,412,
15141,231,160,391,
15142,192,171,363,
15143,200,174,374,
15144,228,185,413,
15145,183,175,358,
15146,215,155,370,
15148,225,183,408,
15149,198,168,366,
15150,159,120,279,
15151,193,162,355,
15152,203,181,384,
15154,232,188,420,
15155,200,163,363,
15157,207,174,381,
15158,185,159,344,
15159,231,162,393,
15160,201,159,360,
15161,192,151,343,
15163,224,163,387,
15164,202,162,364,
15165,225,166,391,
15169,218,162,380,
15170,196,175,371,
15171,187,178,365,
15172,193,173,366,
15175,196,169,365,
15176,171,119,290,
15177,207,136,343,
15178,197,160,357,
15179,224,162,386,
15180,191,145,336,
15181,222,180,402,
15182,20,19,39,
15183,186,167,353,
15184,198,142,340,
15185,187,156,343,
15186,212,160,372,
15187,199,146,345,
15189,239,146,385,
15191,210,161,371,
15195,237,163,400,
15196,225,172,397,
15198,223,154,377,
15199,223,147,370,
15201,187,153,340,
15202,32,21,53,
15203,196,179,375,
15205,221,183,404,
15206,246,173,419,
15209,213,182,395,
15210,223,176,399,
15211,204,177,381,
15212,199,153,352,
15214,188,161,349,
15215,201,159,360,
15217,212,170,382,
15219,252,177,429,
15220,136,108,244,
15222,188,185,373,
15223,194,139,333,
15224,217,171,388,
15225,200,150,350,
15226,229,187,416,
15227,217,149,366,
15228,220,174,394,
15232,207,157,364,
15233,200,152,352,
15234,204,167,371,
15235,203,162,365,
15236,222,164,386,
15237,224,159,383,
15238,205,183,388,
15239,208,173,381,
15241,28,16,44,
15242,202,197,399,
15244,198,189,387,
15246,207,183,390,
15248,203,170,373,
15249,178,168,346,
15250,197,172,369,
15251,188,155,343,
15253,227,164,391,
15255,210,156,366,
15256,220,160,380,
15257,199,176,375,
15258,227,175,402,
15260,31,20,51,
15261,200,174,374,
15262,195,156,351,
15263,205,173,378,
15264,197,155,352,
15266,201,157,358,
15267,213,171,384,
15268,212,172,384,
15270,226,172,398,
15271,202,177,379,
15273,202,163,365,
15274,216,175,391,
15275,230,147,377,
15276,206,157,363,
15277,206,183,389,
15278,214,169,383,
15279,195,166,361,
15280,201,171,372,
15281,4,3,7,
15283,207,138,345,
15284,225,157,382,
15285,223,151,374,
15286,218,152,370,
15287,213,153,366,
15288,231,136,367,
15289,177,130,307,
15291,210,161,371,
15293,193,173,366,
15294,201,181,382,
15295,218,165,383,
15296,183,163,346,
15297,194,145,339,
15298,209,150,359,
15300,201,165,366,
15302,196,165,361,
15303,209,157,366,
15304,204,178,382,
15306,209,165,374,
15307,214,155,369,
15309,223,165,388,
15311,206,165,371,
15312,226,156,382,
15314,188,140,328,
15317,238,160,398,
15318,19,16,35,
15319,39,27,66,
15320,225,171,396,
15321,19,8,27,
15323,232,161,393,
15324,207,158,365,
15325,219,179,398,
15326,201,168,369,
15327,235,139,374,
15328,46,43,89,
15329,194,157,351,
15330,224,180,404,
15331,198,168,366,
15332,208,181,389,
15333,24,15,39,
15334,213,191,404,
15335,214,172,386,
15338,235,143,378,
15339,224,188,412,
15340,212,165,377,
15342,190,155,345,
15344,187,162,349,
15346,200,173,373,
15348,213,187,400,
15349,214,165,379,
15350,194,144,338,
15351,212,163,375,
15352,217,144,361,
15353,206,172,378,
15354,197,178,375,
15355,211,174,385,
15357,230,182,412,
15358,174,144,318,
15359,244,163,407,
15360,208,163,371,
15361,216,165,381,
15362,187,177,364,
15364,218,169,387,
15365,209,168,377,
15366,213,167,380,
15367,191,161,352,
15368,184,155,339,
15369,220,172,392,
15370,217,153,370,
15371,185,160,345,
15374,205,135,340,
15376,204,177,381,
15377,211,163,374,
15378,20,14,34,
15380,200,175,375,
15381,26,23,49,
15382,232,158,390,
15384,204,151,355,
15385,211,158,369,
15386,236,189,425,
15387,189,131,320,
15388,203,167,370,
15389,219,190,409,
15390,205,154,359,
15392,227,185,412,
15393,175,173,348,
15396,199,162,361,
15399,183,178,361,
15400,238,166,404,
15403,25,20,45,
15404,13,15,28,
15406,209,159,368,
15407,203,178,381,
15409,213,157,370,
15410,235,156,391,
15411,198,174,372,
15417,192,157,349,
15418,202,169,371,
15420,209,168,377,
15421,182,141,323,
15422,201,125,326,
15425,212,181,393,
15427,28,32,60,
15428,212,155,367,
15429,223,156,379,
15430,202,139,341,
15431,220,159,379,
15433,219,148,367,
15434,220,168,388,
15438,207,164,371,
15439,233,172,405,
15440,2,2,4,
15441,181,157,338,
15442,218,164,382,
15443,201,142,343,
15444,209,171,380,
15445,213,176,389,
15446,26,18,44,
15447,242,133,375,
15449,160,149,309,
15450,32,27,59,
15451,212,150,362,
15452,221,175,396,
15454,197,161,358,
15455,173,136,309,
15457,163,165,328,
15460,239,182,421,
15461,205,198,403,
15462,239,159,398,
15464,197,159,356,
15465,224,171,395,
15466,209,133,342,
15467,205,163,368,
15469,196,176,372,
15470,218,161,379,
15471,218,179,397,
15473,225,185,410,
15474,197,159,356,
15475,257,167,424,
15476,216,152,368,
15477,235,191,426,
15478,210,153,363,
15479,201,163,364,
15480,23,28,51,
15481,204,144,348,
15482,230,156,386,
15483,201,162,363,
15484,210,162,372,
15485,228,149,377,
15486,185,171,356,
15488,208,167,375,
15489,229,147,376,
15490,239,180,419,
15491,197,171,368,
15492,252,155,407,
15493,227,169,396,
15494,208,151,359,
15495,213,162,375,
15496,205,158,363,
15498,170,141,311,
15499,221,161,382,
15500,233,176,409,
15501,210,150,360,
15503,207,172,379,
15505,203,175,378,
15506,156,98,254,
15508,188,172,360,
15509,223,179,402,
15510,204,172,376,
15511,209,169,378,
15512,213,147,360,
15513,214,166,380,
15514,206,162,368,
15515,208,161,369,
15516,15,9,24,
15517,226,165,391,
15518,191,154,345,
15519,205,152,357,
15521,235,164,399,
15522,194,177,371,
15523,181,181,362,
15524,249,155,404,
15526,205,161,366,
15527,212,174,386,
15528,200,184,384,
15529,206,159,365,
15530,17,28,45,
15531,217,159,376,
15532,191,140,331,
15533,25,17,42,
15534,209,148,357,
15535,246,149,395,
15536,234,192,426,
15538,196,159,355,
15540,203,165,368,
15541,248,177,425,
15542,215,159,374,
15543,211,168,379,
15544,223,172,395,
15545,208,148,356,
15547,196,171,367,
15548,169,151,320,
15550,212,176,388,
15551,224,169,393,
15552,229,150,379,
15553,210,154,364,
15554,206,144,350,
15555,17,12,29,
15558,211,174,385,
15559,221,190,411,
15560,225,153,378,
15562,195,175,370,
15563,209,179,388,
15564,177,181,358,
15565,212,137,349,
15566,32,19,51,
15568,196,160,356,
15569,213,165,378,
15570,203,141,344,
15572,232,156,388,
15573,196,166,362,
15574,225,173,398,
15575,205,188,393,
15578,178,145,323,
15579,196,188,384,
15581,210,185,395,
15582,235,160,395,
15583,35,26,61,
15584,233,182,415,
15585,217,177,394,
15586,209,157,366,
15587,14,16,30,
15588,144,140,284,
15589,217,152,369,
15590,199,152,351,
15591,171,160,331,
15592,252,141,393,
15593,205,179,384,
15595,191,151,342,
15596,231,183,414,
15597,175,168,343,
15598,200,142,342,
15600,198,181,379,
15601,210,159,369,
15602,229,176,405,
15605,206,165,371,
15607,208,188,396,
15608,204,144,348,
15609,202,154,356,
15610,5,4,9,
15612,192,167,359,
15613,205,183,388,
15614,197,134,331,
15615,194,169,363,
15616,191,185,376,
15617,206,196,402,
15618,206,161,367,
15619,178,172,350,
15620,198,167,365,
15621,190,159,349,
15622,200,167,367,
15623,213,163,376,
15624,222,189,411,
15625,221,168,389,
15626,212,168,380,
15628,202,190,392,
15629,164,182,346,
15630,218,171,389,
15631,25,26,51,
15632,238,153,391,
15633,231,150,381,
15635,230,171,401,
15636,222,161,383,
15637,25,18,43,
15639,174,150,324,
15641,229,125,354,
15643,211,177,388,
15646,224,154,378,
15647,209,166,375,
15648,200,162,362,
15649,199,161,360,
15650,213,164,377,
15651,200,166,366,
15652,199,143,342,
15656,208,157,365,
15657,204,153,357,
15658,206,170,376,
15659,189,161,350,
15660,214,149,363,
15661,208,175,383,
15662,227,166,393,
15663,211,132,343,
15664,194,156,350,
15665,228,158,386,
15666,182,176,358,
15667,229,161,390,
15668,242,180,422,
15669,207,163,370,
15670,184,194,378,
15671,216,147,363,
15672,228,156,384,
15673,210,174,384,
15674,235,164,399,
15675,206,168,374,
15676,198,180,378,
15677,220,165,385,
15679,192,171,363,
15681,221,150,371,
15682,201,160,361,
15683,202,143,345,
15684,214,176,390,
15685,22,14,36,
15686,232,175,407,
15688,32,18,50,
15689,215,140,355,
15691,236,164,400,
15692,36,22,58,
15693,209,154,363,
15694,191,166,357,
15695,222,153,375,
15697,215,155,370,
15698,207,168,375,
15699,236,152,388,
15700,29,20,49,
15702,204,175,379,
15703,222,191,413,
15704,229,151,380,
15706,206,162,368,
15708,204,153,357,
15709,233,141,374,
15710,231,158,389,
15712,227,160,387,
15713,201,175,376,
15714,222,154,376,
15715,198,159,357,
15716,220,171,391,
15717,195,169,364,
15718,231,158,389,
15719,23,30,53,
15720,250,155,405,
15721,240,178,418,
15722,200,155,355,
15723,227,167,394,
15724,200,175,375,
15725,202,160,362,
15727,226,168,394,
15730,225,153,378,
15731,201,131,332,
15734,215,194,409,
15735,195,145,340,
15736,205,153,358,
15738,214,171,385,
15739,212,173,385,
15740,211,183,394,
15741,195,175,370,
15742,20,14,34,
15744,181,125,306,
15745,217,179,396,
15748,183,155,338,
15750,207,153,360,
15753,214,134,348,
15754,213,153,366,
15756,236,159,395,
15757,215,177,392,
15758,191,162,353,
15759,202,165,367,
15760,177,133,310,
15762,208,169,377,
15763,186,148,334,
15764,44,33,77,
15765,200,159,359,
15766,221,166,387,
15767,192,175,367,
15768,180,186,366,
15769,212,192,404,
15770,225,143,368,
15772,29,20,49,
15773,196,163,359,
15774,218,165,383,
15775,230,184,414,
15777,183,168,351,
15778,212,156,368,
15779,208,155,363,
15780,221,161,382,
15782,192,182,374,
15783,204,174,378,
15784,221,165,386,
15787,224,167,391,
15789,200,174,374,
15790,189,148,337,
15791,209,165,374,
15792,188,148,336,
15793,195,176,371,
15794,228,173,401,
15795,216,158,374,
15796,208,156,364,
15797,204,192,396,
15798,223,148,371,
15799,224,179,403,
15800,187,165,352,
15802,189,168,357,
15803,8,8,16,
15804,234,176,410,
15805,209,173,382,
15807,196,150,346,
15808,216,185,401,
15809,218,165,383,
15810,220,175,395,
15815,184,151,335,
15816,217,174,391,
15818,205,167,372,
15819,210,138,348,
15820,220,184,404,
15821,212,165,377,
15823,195,164,359,
15824,203,150,353,
15825,185,167,352,
15826,195,185,380,
15827,197,153,350,
15829,206,197,403,
15830,228,134,362,
15832,224,191,415,
15833,202,164,366,
15834,223,171,394,
15835,210,154,364,
15836,213,160,373,
15837,25,20,45,
15838,210,170,380,
15839,189,148,337,
15840,141,113,254,
15841,215,134,349,
15842,207,174,381,
15843,214,176,390,
15844,225,171,396,
15847,199,159,358,
15849,217,150,367,
15850,200,170,370,
15851,30,18,48,
15852,208,164,372,
15853,194,159,353,
15854,226,163,389,
15855,219,162,381,
15856,206,138,344,
15858,193,168,361,
15859,207,181,388,
15860,216,182,398,
15861,175,115,290,
15862,186,155,341,
15863,203,160,363,
15864,205,176,381,
15866,242,159,401,
15868,222,163,385,
15869,219,181,400,
15870,202,165,367,
15871,40,28,68,
15872,193,187,380,
15874,201,148,349,
15876,203,148,351,
15877,199,146,345,
15879,24,13,37,
15880,212,166,378,
15881,222,154,376,
15882,213,157,370,
15883,212,160,372,
15884,182,149,331,
15886,228,161,389,
15888,231,155,386,
15889,214,181,395,
15891,227,168,395,
15892,229,140,369,
15893,176,156,332,
15894,188,186,374,
15895,246,148,394,
15896,208,165,373,
15898,227,183,410,
15899,7,5,12,
15900,201,165,366,
15902,216,150,366,
15904,186,179,365,
15905,234,150,384,
15906,202,175,377,
15907,207,194,401,
15908,224,154,378,
15909,222,159,381,
15910,230,153,383,
15911,209,199,408,
15913,214,164,378,
15914,216,147,363,
15915,202,163,365,
15918,226,175,401,
15919,195,154,349,
15920,215,151,366,
15921,201,162,363,
15923,217,170,387,
15926,195,156,351,
15928,225,170,395,
15929,202,180,382,
15931,232,172,404,
15932,198,162,360,
15933,222,157,379,
15935,242,170,412,
15936,32,15,47,
15938,210,165,375,
15939,187,139,326,
15940,232,155,387,
15941,22,15,37,
15942,215,178,393,
15944,209,159,368,
15945,215,154,369,
15946,214,163,377,
15949,209,155,364,
15950,166,133,299,
15955,212,148,360,
15956,206,169,375,
15957,200,159,359,
15958,203,180,383,
15959,236,167,403,
15960,225,165,390,
15961,8,9,17,
15962,172,159,331,
15964,185,147,332,
15965,218,181,399,
15966,185,154,339,
15967,208,186,394,
15968,203,180,383,
15969,227,145,372,
15970,231,176,407,
15971,201,145,346,
15972,220,160,380,
15973,224,144,368,
15974,210,163,373,
15975,169,146,315,
15976,221,172,393,
15977,194,152,346,
15978,145,130,275,
15979,177,166,343,
15980,194,157,351,
15981,226,177,403,
15982,235,170,405,
15983,153,115,268,
15984,224,159,383,
15985,27,25,52,
15986,209,161,370,
15988,178,150,328,
15989,209,171,380,
15990,210,156,366,
15991,218,177,395,
15992,212,182,394,
15993,227,174,401,
15994,205,160,365,
15996,202,181,383,
15997,188,157,345,
15998,204,181,385,
15999,203,169,372,
16000,22,11,33,
16001,214,121,335,
16002,187,186,373,
16003,33,20,53,
16004,190,167,357,
16005,237,175,412,
16006,191,154,345,
16008,194,150,344,
16009,185,186,371,
16010,236,156,392,
16011,203,175,378,
16012,215,162,377,
16013,201,179,380,
16014,182,175,357,
16015,22,15,37,
16016,213,171,384,
16017,208,141,349,
16018,228,183,411,
16019,216,161,377,
16020,214,175,389,
16021,235,158,393,
16022,221,169,390,
16023,199,146,345,
16024,207,160,367,
16025,231,177,408,
16029,222,160,382,
16031,217,143,360,
16032,222,187,409,
16034,210,181,391,
16037,230,158,388,
16038,197,177,374,
16039,211,148,359,
16040,191,170,361,
16041,221,138,359,
16042,209,157,366,
16043,204,161,365,
16045,209,169,378,
16046,216,167,383,
16047,203,165,368,
16049,183,157,340,
16050,199,163,362,
16051,221,163,384,
16052,207,183,390,
16053,201,157,358,
16054,183,174,357,
16056,231,163,394,
16057,217,171,388,
16058,208,158,366,
16059,205,143,348,
16061,153,142,295,
16062,207,162,369,
16064,239,167,406,
16065,208,169,377,
16067,227,149,376,
16068,27,16,43,
16069,205,157,362,
16070,204,183,387,
16071,189,183,372,
16072,202,151,353,
16073,195,150,345,
16075,217,173,390,
16078,192,187,379,
16079,221,201,422,
16080,196,182,378,
16083,208,194,402,
16085,199,155,354,
16086,216,162,378,
16088,203,148,351,
16089,213,171,384,
16090,223,150,373,
16091,222,143,365,
16092,210,169,379,
16093,207,183,390,
16095,219,157,376,
16096,32,34,66,
16097,220,181,401,
16099,175,171,346,
16102,220,171,391,
16103,204,166,370,
16104,195,166,361,
16105,228,152,380,
16106,200,168,368,
16107,181,159,340,
16109,223,170,393,
16110,173,158,331,
16111,201,184,385,
16112,213,180,393,
16113,233,172,405,
16116,210,164,374,
16117,245,151,396,
16119,14,3,17,
16120,201,172,373,
16121,206,166,372,
16122,214,154,368,
16123,203,165,368,
16125,205,166,371,
16126,53,34,87,
16128,203,177,380,
16129,201,145,346,
16130,226,156,382,
16131,203,168,371,
16132,205,172,377,
16133,151,158,309,
16134,196,161,357,
16135,189,173,362,
16136,188,145,333,
16139,25,16,41,
16140,203,160,363,
16144,212,171,383,
16145,230,167,397,
16146,219,158,377,
16147,223,177,400,
16148,204,187,391,
16150,223,162,385,
16152,203,165,368,
16153,206,173,379,
16155,217,199,416,
16156,238,151,389,
16158,230,177,407,
16159,227,188,415,
16160,219,155,374,
16163,194,184,378,
16164,207,158,365,
16166,206,167,373,
16167,150,80,230,
16168,167,134,301,
16169,217,176,393,
16171,39,35,74,
16172,204,160,364,
16173,238,207,445,
16174,189,176,365,
16175,221,152,373,
16176,219,141,360,
16179,200,168,368,
16180,203,162,365,
16181,207,174,381,
16184,190,181,371,
16187,195,163,358,
16188,207,168,375,
16190,212,161,373,
16191,215,163,378,
16192,227,162,389,
16193,220,157,377,
16194,229,154,383,
16195,39,36,75,
16196,228,161,389,
16197,214,175,389,
16198,185,162,347,
16201,187,165,352,
16202,210,164,374,
16204,185,146,331,
16205,180,151,331,
16206,201,160,361,
16208,201,171,372,
16209,11,6,17,
16212,185,175,360,
16213,196,149,345,
16214,227,181,408,
16215,232,175,407,
16216,234,163,397,
16218,200,186,386,
16220,209,171,380,
16221,204,155,359,
16222,232,200,432,
16223,216,173,389,
16224,181,173,354,
16225,223,174,397,
16226,234,170,404,
16227,232,158,390,
16228,188,162,350,
16230,199,161,360,
16231,200,170,370,
16233,211,193,404,
16234,245,164,409,
16236,211,167,378,
16237,202,165,367,
16239,208,160,368,
16240,223,170,393,
16243,194,186,380,
16244,199,169,368,
16245,205,170,375,
16247,36,29,65,
16248,221,166,387,
16249,181,170,351,
16251,199,146,345,
16253,230,147,377,
16254,194,171,365,
16255,213,180,393,
16256,215,155,370,
16257,207,165,372,
16258,211,158,369,
16260,190,159,349,
16261,183,159,342,
16264,232,175,407,
16265,201,170,371,
16266,188,162,350,
16267,221,163,384,
16268,203,167,370,
16269,224,146,370,
16270,136,125,261,
16272,196,160,356,
16273,256,168,424,
16274,203,164,367,
16275,219,149,368,
16276,200,181,381,
16277,27,26,53,
16278,174,147,321,
16281,178,153,331,
16282,227,139,366,
16283,234,177,411,
16286,200,151,351,
16287,194,143,337,
16288,209,139,348,
16289,139,129,268,
16290,187,176,363,
16291,246,177,423,
16292,217,153,370,
16293,212,174,386,
16296,209,168,377,
16298,174,152,326,
16300,208,149,357,
16302,214,155,369,
16305,229,160,389,
16307,198,183,381,
16309,210,143,353,
16310,199,155,354,
16311,24,21,45,
16312,209,168,377,
16313,204,162,366,
16315,233,185,418,
16318,223,174,397,
16319,202,164,366,
16320,204,161,365,
16322,186,154,340,
16323,199,161,360,
16324,14,7,21,
16325,227,155,382,
16326,230,171,401,
16327,40,26,66,
16328,223,182,405,
16330,221,165,386,
16331,151,136,287,
16332,233,165,398,
16333,36,35,71,
16334,217,159,376,
16335,230,151,381,
16337,252,163,415,
16338,204,184,388,
16339,218,162,380,
16340,223,156,379,
16341,225,146,371,
16342,238,169,407,
16343,192,172,364,
16344,186,175,361,
16345,214,169,383,
16346,153,126,279,
16347,239,150,389,
16348,171,160,331,
16350,209,162,371,
16351,197,175,372,
16352,192,200,392,
16353,184,165,349,
16354,210,185,395,
16355,185,142,327,
16356,159,184,343,
16358,207,184,391,
16359,203,169,372,
16360,211,158,369,
16361,192,167,359,
16362,205,164,369,
16363,206,155,361,
16365,208,187,395,
16366,221,181,402,
16367,224,175,399,
16368,210,186,396,
16369,198,149,347,
16370,192,158,350,
16371,231,160,391,
16372,215,153,368,
16373,216,169,385,
16374,194,141,335,
16375,209,170,379,
16376,150,118,268,
16378,186,156,342,
16379,218,173,391,
16380,41,21,62,
16381,182,159,341,
16382,192,177,369,
16383,221,171,392,
16386,210,151,361,
16387,210,174,384,
16388,221,166,387,
16389,236,175,411,
16390,216,177,393,
16393,216,159,375,
16394,235,158,393,
16395,193,147,340,
16396,246,173,419,
16397,213,164,377,
16398,233,172,405,
16399,51,37,88,
16400,223,143,366,
16401,174,165,339,
16402,227,171,398,
16403,197,150,347,
16404,190,164,354,
16405,208,180,388,
16406,210,153,363,
16407,219,153,372,
16408,212,160,372,
16411,188,132,320,
16413,203,161,364,
16414,213,160,373,
16415,221,155,376,
16416,215,173,388,
16417,27,28,55,
16419,209,185,394,
16420,226,186,412,
16421,219,177,396,
16422,223,151,374,
16424,214,152,366,
16425,245,129,374,
16426,234,159,393,
16427,240,173,413,
16429,178,141,319,
16430,226,193,419,
16431,196,150,346,
16432,245,180,425,
16433,227,189,416,
16434,187,189,376,
16435,219,164,383,
16436,25,19,44,
16437,199,179,378,
16438,196,194,390,
16439,231,178,409,
16440,207,184,391,
16441,229,156,385,
16442,212,166,378,
16444,219,136,355,
16445,221,165,386,
16446,206,167,373,
16447,221,176,397,
16448,205,189,394,
16449,242,174,416,
16450,227,133,360,
16451,213,183,396,
16452,185,170,355,
16453,14,10,24,
16455,205,151,356,
16456,225,158,383,
16457,232,192,424,
16458,204,128,332,
16461,239,182,421,
16462,197,159,356,
16464,197,133,330,
16466,204,172,376,
16467,203,171,374,
16468,28,23,51,
16469,237,136,373,
16471,31,25,56,
16473,230,153,383,
16474,205,174,379,
16475,210,156,366,
16476,219,162,381,
16477,208,143,351,
16478,14,14,28,
16479,192,143,335,
16480,206,162,368,
16485,41,18,59,
16488,206,175,381,
16489,221,174,395,
16492,218,162,380,
16493,225,167,392,
16495,217,159,376,
16496,211,156,367,
16498,202,163,365,
16500,221,177,398,
16502,194,179,373,
16505,240,166,406,
16506,212,180,392,
16507,26,30,56,
16508,233,150,383,
16511,194,152,346,
16512,230,179,409,
16513,178,190,368,
16514,213,156,369,
16515,203,155,358,
16516,204,156,360,
16518,211,181,392,
16519,216,180,396,
16520,211,165,376,
16521,223,186,409,
16522,232,168,400,
16524,231,158,389,
16525,214,151,365,
16526,217,153,370,
16527,238,163,401,
16528,195,146,341,
16529,31,26,57,
16530,210,155,365,
16532,203,159,362,
16533,185,182,367,
16537,222,185,407,
16538,202,172,374,
16539,214,159,373,
16540,202,138,340,
16542,202,167,369,
16543,215,163,378,
16544,226,168,394,
16545,193,140,333,
16546,205,191,396,
16547,210,155,365,
16548,171,177,348,
16551,236,166,402,
16552,164,149,313,
16554,185,186,371,
16555,219,171,390,
16557,189,155,344,
16558,206,175,381,
16559,225,197,422,
16560,216,185,401,
16562,203,148,351,
16563,192,157,349,
16564,214,172,386,
16565,188,156,344,
16566,193,144,337,
16567,188,175,363,
16568,216,179,395,
16569,199,150,349,
16570,179,171,350,
16571,234,162,396,
16572,227,151,378,
16575,176,176,352,
16576,218,168,386,
16577,210,160,370,
16578,216,154,370,
16579,229,169,398,
16580,225,154,379,
16581,196,146,342,
16582,28,25,53,
16583,198,159,357,
16584,230,170,400,
16585,206,178,384,
16586,204,129,333,
16587,222,167,389,
16588,194,187,381,
16589,217,172,389,
16590,222,169,391,
16592,192,141,333,
16594,203,155,358,
16595,229,160,389,
16596,217,178,395,
16597,212,182,394,
16598,216,169,385,
16599,216,158,374,
16601,229,143,372,
16602,264,171,435,
16603,24,33,57,
16604,206,181,387,
16605,178,152,330,
16606,207,143,350,
16607,205,157,362,
16608,225,166,391,
16609,228,169,397,
16610,210,182,392,
16611,230,144,374,
16612,229,169,398,
16613,217,164,381,
16614,185,142,327,
16615,230,155,385,
16616,186,132,318,
16617,233,168,401,
16618,217,165,382,
16619,239,170,409,
16620,202,182,384,
16622,214,175,389,
16624,215,134,349,
16625,214,183,397,
16629,212,161,373,
16630,210,170,380,
16631,222,159,381,
16633,212,142,354,
16634,201,173,374,
16635,229,173,402,
16637,207,175,382,
16638,229,172,401,
16639,208,172,380,
16641,176,183,359,
16642,195,171,366,
16643,190,156,346,
16644,219,168,387,
16645,200,144,344,
16646,220,169,389,
16648,36,28,64,
16649,204,164,368,
16650,186,167,353,
16653,216,161,377,
16654,198,161,359,
16655,202,175,377,
16656,214,172,386,
16659,1,4,5,
16660,243,139,382,
16662,225,145,370,
16663,208,175,383,
16665,221,176,397,
16666,216,178,394,
16667,22,12,34,
16668,203,194,397,
16671,205,165,370,
16673,201,166,367,
16674,226,174,400,
16675,193,158,351,
16676,218,170,388,
16677,209,166,375,
16678,186,169,355,
16679,197,175,372,
16680,206,182,388,
16682,218,137,355,
16683,176,169,345,
16686,191,154,345,
16687,210,152,362,
16688,199,172,371,
16689,235,185,420,
16692,199,140,339,
16693,204,166,370,
16694,185,189,374,
16695,211,160,371,
16696,216,180,396,
16697,219,168,387,
16698,222,164,386,
16700,216,178,394,
16701,228,159,387,
16702,189,151,340,
16703,193,166,359,
16705,192,168,360,
16706,213,169,382,
16707,203,152,355,
16708,210,179,389,
16709,24,20,44,
16710,224,176,400,
16711,148,152,300,
16712,210,146,356,
16714,195,148,343,
16715,166,144,310,
16718,223,152,375,
16719,232,174,406,
16720,209,171,380,
16721,200,151,351,
16722,198,177,375,
16723,219,129,348,
16724,210,151,361,
16725,205,148,353,
16726,218,168,386,
16727,209,152,361,
16728,201,178,379,
16729,206,142,348,
16730,220,186,406,
16731,165,139,304,
16732,43,18,61,
16733,208,159,367,
16734,215,143,358,
16735,27,24,51,
16736,227,155,382,
16738,213,164,377,
16739,213,157,370,
16740,14,14,28,
16741,228,159,387,
16743,204,171,375,
16744,199,143,342,
16745,213,165,378,
16746,199,166,365,
16747,209,159,368,
16748,224,169,393,
16749,203,162,365,
16751,208,197,405,
16753,205,162,367,
16754,173,162,335,
16755,200,163,363,
16756,215,172,387,
16757,201,167,368,
16759,214,161,375,
16760,212,164,376,
16762,196,149,345,
16763,244,155,399,
16764,230,169,399,
16765,28,24,52,
16767,192,152,344,
16768,211,200,411,
16769,214,156,370,
16771,192,150,342,
16774,194,172,366,
16775,250,171,421,
16776,148,118,266,
16778,25,19,44,
16779,197,186,383,
16780,179,150,329,
16781,209,169,378,
16782,223,142,365,
16785,24,19,43,
16786,231,176,407,
16787,189,162,351,
16789,253,157,410,
16790,48,40,88,
16791,243,173,416,
16792,181,161,342,
16793,189,149,338,
16794,231,190,421,
16795,219,177,396,
16797,177,175,352,
16800,207,182,389,
16801,224,162,386,
16803,211,164,375,
16805,197,151,348,
16806,187,146,333,
16808,214,171,385,
16809,206,193,399,
16810,207,153,360,
16811,229,171,400,
16812,200,182,382,
16813,225,174,399,
16814,238,165,403,
16816,158,174,332,
16817,213,170,383,
16819,194,169,363,
16820,210,145,355,
16822,233,162,395,
16823,200,149,349,
16826,237,190,427,
16827,220,157,377,
16829,212,159,371,
16831,202,156,358,
16832,205,178,383,
16834,239,182,421,
16835,16,18,34,
16836,217,169,386,
16837,202,159,361,
16838,213,150,363,
16841,181,119,300,
16842,203,181,384,
16843,234,170,404,
16846,190,185,375,
16847,202,170,372,
16848,197,180,377,
16849,190,157,347,
16850,32,20,52,
16851,216,149,365,
16852,195,155,350,
16853,205,156,361,
16854,189,186,375,
16855,206,177,383,
16856,212,160,372,
16857,214,170,384,
16858,191,181,372,
16860,210,194,404,
16862,208,155,363,
16864,200,181,381,
16865,218,151,369,
16866,209,156,365,
16867,206,154,360,
16868,199,174,373,
16870,178,155,333,
16871,203,158,361,
16872,211,141,352,
16873,24,28,52,
16874,203,191,394,
16875,207,167,374,
16876,243,139,382,
16877,200,182,382,
16879,190,153,343,
16880,20,16,36,
16881,176,183,359,
16882,213,171,384,
16884,224,176,400,
16885,196,159,355,
16887,225,174,399,
16888,238,174,412,
16890,234,149,383,
16892,184,175,359,
16894,212,146,358,
16895,196,148,344,
16896,201,162,363,
16897,215,187,402,
16898,235,185,420,
16899,239,165,404,
16900,38,29,67,
16901,225,174,399,
16902,200,174,374,
16904,241,185,426,
16905,217,141,358,
16907,163,147,310,
16908,221,182,403,
16911,203,164,367,
16912,196,169,365,
16913,208,159,367,
16914,204,182,386,
16917,22,19,41,
16919,225,163,388,
16920,200,147,347,
16921,212,165,377,
16922,192,166,358,
16923,205,175,380,
16924,235,180,415,
16925,206,182,388,
16926,218,138,356,
16930,202,157,359,
16931,217,173,390,
16932,213,151,364,
16933,223,168,391,
16936,199,152,351,
16937,225,147,372,
16938,237,169,406,
16940,223,183,406,
16942,225,177,402,
16943,214,152,366,
16944,210,151,361,
16945,219,172,391,
16946,215,157,372,
16948,209,142,351,
16949,195,178,373,
16951,204,156,360,
16952,26,26,52,
16953,198,190,388,
16954,213,165,378,
16956,208,160,368,
16957,224,151,375,
16958,220,168,388,
16959,206,147,353,
16961,218,183,401,
16962,200,179,379,
16963,177,164,341,
16965,209,166,375,
16967,216,162,378,
16969,223,167,390,
16970,227,166,393,
16971,215,157,372,
16972,134,137,271,
16973,204,177,381,
16974,219,170,389,
16975,227,152,379,
16976,227,161,388,
16977,227,155,382,
16979,197,178,375,
16980,246,152,398,
16981,206,168,374,
16982,207,170,377,
16983,207,174,381,
16984,235,190,425,
16985,231,142,373,
16986,199,153,352,
16987,38,32,70,
16991,137,77,214,
16992,196,185,381,
16993,179,167,346,
16995,191,174,365,
16996,215,185,400,
16997,253,178,431,
16998,186,161,347,
17000,212,164,376,
17001,186,164,350,
17006,205,130,335,
17007,225,170,395,
17008,222,149,371,
17009,202,185,387,
17010,227,171,398,
17011,224,173,397,
17013,219,165,384,
17014,208,170,378,
17015,203,167,370,
17016,204,190,394,
17017,235,165,400,
17018,213,169,382,
17021,198,168,366,
17022,210,178,388,
17023,202,171,373,
17024,208,160,368,
17025,207,143,350,
17026,229,174,403,
17027,193,173,366,
17028,205,166,371,
17031,217,172,389,
17033,203,166,369,
17035,199,148,347,
17036,208,175,383,
17037,214,166,380,
17039,228,154,382,
17041,223,185,408,
17042,197,152,349,
17043,201,148,349,
17044,219,163,382,
17045,190,189,379,
17046,216,143,359,
17047,211,160,371,
17048,2,7,9,
17049,241,126,367,
17051,211,170,381,
17052,239,140,379,
17053,184,158,342,
17055,195,149,344,
17057,226,136,362,
17058,207,183,390,
17059,204,158,362,
17060,202,174,376,
17061,218,178,396,
17063,206,146,352,
17064,210,183,393,
17065,191,144,335,
17066,218,160,378,
17067,187,153,340,
17068,191,168,359,
17069,191,132,323,
17071,237,155,392,
17072,193,149,342,
17073,226,161,387,
17075,236,165,401,
17076,211,175,386,
17077,225,141,366,
17078,187,159,346,
17079,201,179,380,
17080,204,182,386,
17081,204,168,372,
17082,219,171,390,
17083,197,146,343,
17085,239,180,419,
17086,206,164,370,
17087,203,179,382,
17088,195,161,356,
17090,187,159,346,
17091,224,191,415,
17092,174,171,345,
17093,202,140,342,
17094,182,142,324,
17095,33,26,59,
17096,235,183,418,
17097,211,185,396,
17098,195,201,396,
17100,185,166,351,
17101,119,81,200,
17102,215,163,378,
17104,201,159,360,
17105,184,154,338,
17107,186,162,348,
17108,206,162,368,
17109,218,164,382,
17110,219,148,367,
17111,208,161,369,
17112,237,184,421,
17113,196,142,338,
17114,217,154,371,
17115,222,158,380,
17118,214,163,377,
17120,204,134,338,
17121,216,164,380,
17122,210,145,355,
17123,278,169,447,
17124,215,152,367,
17125,223,176,399,
17126,207,190,397,
17127,221,157,378,
17128,206,170,376,
17129,217,136,353,
17131,210,136,346,
17133,174,116,290,
17134,187,182,369,
17135,244,171,415,
17137,198,151,349,
17138,23,16,39,
17140,193,142,335,
17142,218,181,399,
17143,215,176,391,
17144,216,165,381,
17145,206,180,386,
17146,198,185,383,
17147,215,150,365,
17148,203,180,383,
17149,200,155,355,
17150,235,190,425,
17151,189,175,364,
17152,193,155,348,
17153,205,177,382,
17156,204,162,366,
17157,199,159,358,
17158,200,158,358,
17159,231,192,423,
17160,183,159,342,
17161,198,158,356,
17166,191,171,362,
17167,161,119,280,
17169,206,155,361,
17171,219,168,387,
17172,200,159,359,
17173,193,167,360,
17174,209,179,388,
17175,221,168,389,
17176,205,178,383,
17177,233,181,414,
17178,202,186,388,
17179,223,162,385,
17180,220,158,378,
17182,211,156,367,
17183,211,166,377,
17184,222,155,377,
17186,187,150,337,
17188,154,125,279,
17189,195,175,370,
17190,207,157,364,
17191,208,192,400,
17192,218,158,376,
17193,225,147,372,
17194,185,171,356,
17195,211,155,366,
17196,195,175,370,
17197,196,157,353,
17198,193,159,352,
17199,212,170,382,
17200,226,169,395,
17201,205,178,383,
17204,215,156,371,
17205,207,151,358,
17206,219,162,381,
17207,251,141,392,
17208,223,188,411,
17209,222,159,381,
17210,193,197,390,
17211,231,166,397,
17212,206,175,381,
17213,195,200,395,
17215,193,155,348,
17216,211,169,380,
17217,218,162,380,
17218,209,156,365,
17219,230,147,377,
17220,188,156,344,
17223,238,174,412,
17224,28,24,52,
17225,199,179,378,
17226,207,161,368,
17227,203,141,344,
17228,180,104,284,
17229,220,164,384,
17231,202,154,356,
17232,191,174,365,
17233,199,171,370,
17234,206,187,393,
17235,198,143,341,
17236,229,163,392,
17237,215,190,405,
17238,207,165,372,
17239,222,157,379,
17240,203,165,368,
17242,27,26,53,
17243,200,172,372,
17244,167,101,268,
17245,217,147,364,
17246,217,138,355,
17247,209,163,372,
17249,186,172,358,
17250,235,152,387,
17251,208,160,368,
17252,198,176,374,
17253,216,170,386,
17254,215,178,393,
17257,196,161,357,
17259,188,142,330,
17260,224,181,405,
17261,212,171,383,
17262,187,168,355,
17263,233,189,422,
17264,209,161,370,
17265,208,148,356,
17268,11,12,23,
17269,226,154,380,
17271,247,138,385,
17272,238,148,386,
17274,208,159,367,
17276,213,172,385,
17277,199,181,380,
17278,210,182,392,
17280,212,152,364,
17281,196,165,361,
17282,161,121,282,
17283,216,180,396,
17284,192,177,369,
17285,213,166,379,
17286,212,163,375,
17287,206,172,378,
17288,232,152,384,
17289,236,159,395,
17291,208,169,377,
17292,223,180,403,
17293,199,161,360,
17294,224,143,367,
17295,206,168,374,
17296,18,15,33,
17297,205,168,373,
17298,174,164,338,
17299,226,158,384,
17300,184,173,357,
17301,191,180,371,
17302,204,167,371,
17303,207,149,356,
17305,201,182,383,
17306,191,151,342,
17307,211,173,384,
17308,187,153,340,
17309,196,145,341,
17310,221,140,361,
17311,211,152,363,
17312,228,177,405,
17313,198,171,369,
17314,231,165,396,
17315,188,95,283,
17316,212,178,390,
17317,37,29,66,
17318,234,174,408,
17319,192,171,363,
17320,183,168,351,
17321,199,152,351,
17322,200,153,353,
17323,210,167,377,
17324,209,179,388,
17326,181,157,338,
17328,208,187,395,
17329,195,155,350,
17330,196,161,357,
17331,213,173,386,
17334,224,136,360,
17335,241,176,417,
17336,190,178,368,
17337,193,164,357,
17340,210,182,392,
17341,231,166,397,
17342,237,160,397,
17343,203,165,368,
17344,209,158,367,
17346,214,180,394,
17348,212,164,376,
17349,182,155,337,
17350,221,172,393,
17351,199,182,381,
17352,232,150,382,
17353,214,176,390,
17355,200,174,374,
17356,211,176,387,
17357,15,6,21,
17358,204,188,392,
17359,208,155,363,
17360,210,156,366,
17361,229,148,377,
17362,199,160,359,
17363,198,175,373,
17365,209,163,372,
17367,206,182,388,
17368,197,163,360,
17369,185,176,361,
17370,217,159,376,
17371,205,158,363,
17372,210,173,383,
17373,203,158,361,
17374,213,159,372,
17375,199,165,364,
17376,194,171,365,
17377,198,155,353,
17378,204,168,372,
17379,220,159,379,
17380,238,160,398,
17381,217,145,362,
17382,207,179,386,
17383,31,16,47,
17384,196,186,382,
17385,190,197,387,
17386,219,160,379,
17387,220,165,385,
17388,226,178,404,
17389,225,175,400,
17391,227,161,388,
17393,226,156,382,
17394,10,18,28,
17397,159,135,294,
17398,244,138,382,
17399,227,156,383,
17400,219,146,365,
17401,210,175,385,
17402,11,15,26,
17403,177,183,360,
17404,207,156,363,
17405,203,173,376,
17407,207,161,368,
17409,225,166,391,
17411,237,186,423,
17412,229,148,377,
17413,201,152,353,
17414,189,161,350,
17415,201,162,363,
17416,201,163,364,
17418,212,152,364,
17419,212,151,363,
17420,163,156,319,
17422,243,157,400,
17423,224,161,385,
17425,234,188,422,
17426,231,165,396,
17427,201,128,329,
17428,191,155,346,
17429,218,156,374,
17431,190,175,365,
17433,203,167,370,
17434,199,166,365,
17435,36,23,59,
17436,225,160,385,
17439,236,143,379,
17442,219,185,404,
17443,219,166,385,
17444,224,142,366,
17449,30,25,55,
17450,223,171,394,
17451,211,165,376,
17453,176,136,312,
17454,197,168,365,
17455,219,152,371,
17457,202,156,358,
17458,199,179,378,
17459,194,156,350,
17462,41,36,77,
17463,217,151,368,
17464,199,183,382,
17465,212,164,376,
17467,189,155,344,
17469,205,172,377,
17470,209,169,378,
17472,217,164,381,
17473,212,168,380,
17474,196,173,369,
17475,218,157,375,
17476,209,149,358,
17479,232,186,418,
17480,204,182,386,
17482,233,151,384,
17483,226,176,402,
17484,229,158,387,
17485,220,173,393,
17486,221,164,385,
17487,247,158,405,
17488,231,179,410,
17490,32,20,52,
17491,188,132,320,
17492,220,166,386,
17493,196,151,347,
17495,209,178,387,
17496,196,184,380,
17497,184,132,316,
17499,207,180,387,
17500,193,144,337,
17501,190,145,335,
17502,205,149,354,
17503,199,154,353,
17504,196,172,368,
17505,230,163,393,
17506,223,165,388,
17507,221,143,364,
17509,188,138,326,
17510,197,136,333,
17511,204,166,370,
17512,226,182,408,
17513,232,155,387,
17515,193,171,364,
17516,222,156,378,
17517,191,186,377,
17518,213,182,395,
17520,193,149,342,
17521,189,178,367,
17522,201,149,350,
17523,233,171,404,
17524,213,176,389,
17525,215,163,378,
17526,205,141,346,
17527,223,176,399,
17528,205,154,359,
17529,224,163,387,
17530,188,160,348,
17531,204,164,368,
17532,198,152,350,
17533,195,168,363,
17534,222,163,385,
17535,203,148,351,
17536,211,161,372,
17537,34,23,57,
17539,206,181,387,
17540,217,178,395,
17541,224,177,401,
17544,223,152,375,
17545,177,161,338,
17546,210,169,379,
17547,210,149,359,
17550,228,165,393,
17551,194,165,359,
17553,205,145,350,
17554,195,174,369,
17556,216,163,379,
17558,172,141,313,
17563,230,173,403,
17564,199,151,350,
17566,198,168,366,
17568,241,166,407,
17569,187,192,379,
17570,221,141,362,
17571,179,190,369,
17572,200,151,351,
17573,218,148,366,
17574,198,181,379,
17575,189,159,348,
17576,20,20,40,
17578,213,172,385,
17579,193,188,381,
17580,209,193,402,
17582,205,152,357,
17583,198,185,383,
17588,197,172,369,
17589,222,160,382,
17590,223,164,387,
17591,214,185,399,
17592,207,193,400,
17593,193,188,381,
17594,235,153,388,
17595,198,144,342,
17596,219,149,368,
17597,198,156,354,
17598,207,161,368,
17599,27,27,54,
17600,221,145,366,
17601,60,29,89,
17602,184,173,357,
17603,207,152,359,
17604,191,158,349,
17605,206,173,379,
17606,202,170,372,
17607,190,180,370,
17608,68,47,115,
17610,224,179,403,
17611,198,159,357,
17612,211,141,352,
17615,226,174,400,
17616,195,163,358,
17618,192,157,349,
17619,223,191,414,
17620,210,159,369,
17622,217,187,404,
17623,213,160,373,
17624,201,160,361,
17625,230,175,405,
17626,217,161,378,
17627,209,159,368,
17629,225,161,386,
17630,120,88,208,
17631,199,191,390,
17632,205,190,395,
17633,162,179,341,
17634,223,169,392,
17635,222,161,383,
17636,144,120,264,
17637,23,20,43,
17638,207,149,356,
17639,27,27,54,
17640,210,159,369,
17641,35,30,65,
17642,216,159,375,
17643,188,163,351,
17644,199,153,352,
17645,211,164,375,
17647,212,161,373,
17648,214,166,380,
17650,197,182,379,
17651,200,155,355,
17652,206,174,380,
17653,244,163,407,
17655,220,171,391,
17656,194,162,356,
17657,215,163,378,
17658,215,195,410,
17659,50,40,90,
17660,215,172,387,
17661,231,165,396,
17662,201,174,375,
17663,169,155,324,
17664,183,173,356,
17665,205,159,364,
17666,207,176,383,
17668,217,161,378,
17669,187,149,336,
17670,215,144,359,
17671,208,181,389,
17672,218,173,391,
17673,219,168,387,
17674,221,186,407,
17675,223,180,403,
17677,216,164,380,
17678,199,153,352,
17679,212,167,379,
17681,215,140,355,
17682,188,168,356,
17683,206,162,368,
17684,236,174,410,
17685,196,165,361,
17686,186,183,369,
17687,203,166,369,
17688,222,170,392,
17690,182,162,344,
17691,199,159,358,
17692,189,148,337,
17693,256,154,410,
17694,225,180,405,
17695,219,191,410,
17696,174,114,288,
17697,182,170,352,
17698,217,147,364,
17699,197,156,353,
17701,191,165,356,
17702,209,175,384,
17703,195,149,344,
17706,208,172,380,
17707,18,18,36,
17708,131,102,233,
17709,220,136,356,
17710,199,164,363,
17711,195,171,366,
17713,216,154,370,
17715,187,146,333,
17717,211,151,362,
17719,205,175,380,
17722,198,164,362,
17724,246,168,414,
17727,204,166,370,
17729,191,136,327,
17731,229,153,382,
17733,224,160,384,
17734,214,163,377,
17735,237,169,406,
17736,206,164,370,
17737,197,180,377,
17739,25,13,38,
17740,200,165,365,
17741,203,158,361,
17742,193,165,358,
17744,215,171,386,
17745,223,162,385,
17746,228,186,414,
17747,206,158,364,
17749,216,178,394,
17750,18,14,32,
17751,193,163,356,
17752,212,162,374,
17753,237,170,407,
17754,208,168,376,
17755,198,146,344,
17756,212,175,387,
17757,211,167,378,
17758,182,193,375,
17759,215,170,385,
17760,195,170,365,
17763,203,158,361,
17764,210,165,375,
17765,219,169,388,
17766,187,158,345,
17767,201,161,362,
17768,225,176,401,
17769,215,186,401,
17771,227,158,385,
17772,187,169,356,
17774,242,138,380,
17778,217,155,372,
17779,195,164,359,
17780,193,159,352,
17781,214,160,374,
17782,183,169,352,
17783,212,170,382,
17784,211,193,404,
17786,215,158,373,
17787,194,174,368,
17788,177,162,339,
17789,203,161,364,
17791,213,173,386,
17792,196,156,352,
17794,207,167,374,
17795,198,159,357,
17796,193,173,366,
17797,196,184,380,
17800,159,139,298,
17801,223,163,386,
17802,225,178,403,
17803,188,170,358,
17804,220,179,399,
17805,220,161,381,
17806,218,179,397,
17807,227,168,395,
17808,212,152,364,
17810,215,164,379,
17811,210,137,347,
17813,213,174,387,
17814,220,160,380,
17815,200,165,365,
17817,216,172,388,
17818,203,165,368,
17819,190,184,374,
17820,235,172,407,
17821,209,183,392,
17822,250,165,415,
17823,213,173,386,
17825,230,190,420,
17826,232,175,407,
17827,199,147,346,
17828,186,152,338,
17829,185,174,359,
17831,220,134,354,
17832,205,168,373,
17833,185,182,367,
17834,188,177,365,
17836,203,165,368,
17837,198,159,357,
17838,199,168,367,
17839,207,185,392,
17840,195,147,342,
17842,207,158,365,
17843,201,166,367,
17844,204,147,351,
17845,150,121,271,
17847,242,168,410,
17848,198,171,369,
17853,217,157,374,
17856,213,165,378,
17857,231,127,358,
17858,204,153,357,
17859,210,180,390,
17861,215,159,374,
17862,228,159,387,
17863,196,172,368,
17864,244,145,389,
17865,225,152,377,
17866,189,182,371,
17867,198,153,351,
17868,238,170,408,
17871,225,185,410,
17872,200,168,368,
17873,205,165,370,
17874,192,146,338,
17875,219,165,384,
17876,209,177,386,
17877,197,155,352,
17878,206,173,379,
17879,212,168,380,
17880,5,6,11,
17881,176,181,357,
17882,212,171,383,
17883,249,163,412,
17884,228,156,384,
17885,195,154,349,
17886,202,157,359,
17887,216,182,398,
17888,207,176,383,
17890,221,173,394,
17891,197,168,365,
17892,179,179,358,
17895,193,162,355,
17896,201,166,367,
17897,233,180,413,
17898,199,163,362,
17899,224,136,360,
17900,227,164,391,
17902,192,185,377,
17903,155,129,284,
17904,235,177,412,
17906,216,179,395,
17907,49,31,80,
17908,217,155,372,
17909,43,32,75,
17910,218,148,366,
17911,219,152,371,
17914,233,155,388,
17918,224,156,380,
17919,188,151,339,
17921,207,175,382,
17923,203,155,358,
17924,205,161,366,
17925,210,169,379,
17926,219,160,379,
17927,196,173,369,
17928,215,156,371,
17929,202,168,370,
17930,196,169,365,
17931,234,180,414,
17932,195,153,348,
17933,208,152,360,
17934,208,159,367,
17935,197,157,354,
17939,229,145,374,
17941,177,147,324,
17942,221,184,405,
17943,10,13,23,
17945,167,171,338,
17946,214,158,372,
17947,236,158,394,
17948,173,173,346,
17951,243,134,377,
17953,187,143,330,
17954,236,160,396,
17955,189,135,324,
17956,215,176,391,
17957,214,173,387,
17958,199,157,356,
17959,203,154,357,
17960,182,149,331,
17961,242,178,420,
17962,120,81,201,
17963,191,157,348,
17964,217,152,369,
17965,206,147,353,
17966,219,163,382,
17967,210,179,389,
17968,200,143,343,
17969,215,175,390,
17971,209,156,365,
17972,199,170,369,
17973,218,195,413,
17974,181,161,342,
17977,204,180,384,
17979,218,156,374,
17981,206,175,381,
17982,214,171,385,
17985,212,154,366,
17986,198,181,379,
17987,209,168,377,
17989,199,148,347,
17990,243,157,400,
17992,207,155,362,
17993,204,190,394,
17994,199,153,352,
17995,204,162,366,
17996,202,181,383,
17998,125,75,200,
17999,209,161,370,
18001,213,177,390,
18002,221,153,374,
18003,219,201,420,
18004,229,150,379,
18005,228,151,379,
18006,199,156,355,
18008,220,160,380,
18009,192,168,360,
18010,197,163,360,
18011,203,171,374,
18013,210,151,361,
18014,226,148,374,
18015,199,173,372,
18016,195,144,339,
18017,200,195,395,
18018,205,156,361,
18019,226,171,397,
18020,199,169,368,
18021,137,135,272,
18023,19,18,37,
18026,217,163,380,
18027,206,166,372,
18028,196,176,372,
18029,139,101,240,
18030,221,199,420,
18031,198,154,352,
18033,203,180,383,
18034,178,155,333,
18035,29,21,50,
18036,20,21,41,
18037,213,187,400,
18038,220,182,402,
18040,184,196,380,
18041,33,29,62,
18042,211,159,370,
18043,200,143,343,
18044,205,186,391,
18045,213,162,375,
18046,182,168,350,
18047,224,170,394,
18048,187,154,341,
18049,213,176,389,
18050,218,144,362,
18051,219,176,395,
18052,233,171,404,
18053,219,174,393,
18054,206,163,369,
18055,206,167,373,
18056,202,173,375,
18057,212,172,384,
18060,225,158,383,
18062,204,146,350,
18063,198,180,378,
18064,237,153,390,
18065,259,176,435,
18066,223,162,385,
18067,222,159,381,
18068,220,167,387,
18071,224,196,420,
18073,190,172,362,
18074,191,174,365,
18075,201,169,370,
18077,230,175,405,
18078,195,184,379,
18079,233,145,378,
18081,204,166,370,
18082,204,172,376,
18083,222,176,398,
18084,202,159,361,
18085,229,158,387,
18086,199,147,346,
18087,218,139,357,
18088,207,157,364,
18089,228,175,403,
18090,217,174,391,
18092,226,133,359,
18093,220,176,396,
18095,231,166,397,
18096,189,180,369,
18098,205,123,328,
18099,244,172,416,
18101,203,156,359,
18102,188,176,364,
18104,196,150,346,
18105,195,145,340,
18106,6,9,15,
18107,198,167,365,
18108,194,175,369,
18109,165,141,306,
18110,200,163,363,
18111,217,169,386,
18112,251,154,405,
18114,237,168,405,
18115,216,167,383,
18118,203,150,353,
18119,225,153,378,
18120,233,165,398,
18121,211,156,367,
18123,203,164,367,
18124,185,166,351,
18126,223,179,402,
18127,215,182,397,
18128,37,38,75,
18129,205,176,381,
18134,204,186,390,
18135,183,163,346,
18136,218,129,347,
18137,231,167,398,
18139,212,153,365,
18140,201,163,364,
18142,199,158,357,
18145,204,165,369,
18147,150,137,287,
18148,201,168,369,
18149,205,171,376,
18152,33,29,62,
18154,201,168,369,
18158,241,169,410,
18160,208,169,377,
18162,203,164,367,
18163,222,169,391,
18164,198,166,364,
18166,228,149,377,
18167,201,180,381,
18168,209,166,375,
18169,26,17,43,
18170,247,174,421,
18171,23,21,44,
18172,232,179,411,
18173,194,179,373,
18175,204,161,365,
18176,198,152,350,
18177,187,159,346,
18179,196,158,354,
18180,204,165,369,
18181,198,161,359,
18182,217,164,381,
18183,179,145,324,
18184,9,8,17,
18186,204,139,343,
18187,184,171,355,
18188,198,141,339,
18189,217,162,379,
18190,170,160,330,
18191,177,196,373,
18192,233,164,397,
18193,13,11,24,
18194,222,155,377,
18195,230,138,368,
18197,209,177,386,
18198,224,147,371,
18199,212,149,361,
18200,211,162,373,
18201,204,170,374,
18202,237,179,416,
18204,165,141,306,
18205,205,157,362,
18206,194,188,382,
18208,203,161,364,
18209,209,167,376,
18210,236,129,365,
18211,226,163,389,
18212,14,15,29,
18213,221,150,371,
18214,210,165,375,
18215,207,167,374,
18216,227,172,399,
18219,206,162,368,
18221,200,155,355,
18222,205,175,380,
18223,193,170,363,
18224,161,173,334,
18225,221,157,378,
18226,199,167,366,
18227,217,158,375,
18228,198,156,354,
18229,230,163,393,
18230,219,149,368,
18231,198,174,372,
18232,196,154,350,
18233,234,157,391,
18235,214,174,388,
18237,208,150,358,
18238,225,182,407,
18239,199,175,374,
18240,230,166,396,
18242,224,157,381,
18243,203,177,380,
18245,218,182,400,
18246,210,161,371,
18247,205,162,367,
18248,213,165,378,
18249,191,173,364,
18250,229,159,388,
18251,211,149,360,
18252,186,167,353,
18253,210,166,376,
18254,222,160,382,
18256,206,139,345,
18257,184,173,357,
18258,191,163,354,
18262,223,133,356,
18263,208,179,387,
18264,197,160,357,
18265,211,155,366,
18266,232,166,398,
18267,210,192,402,
18269,219,165,384,
18270,194,167,361,
18271,175,165,340,
18273,189,144,333,
18275,202,180,382,
18276,216,155,371,
18277,198,166,364,
18278,23,23,46,
18279,210,157,367,
18280,115,98,213,
18281,37,24,61,
18282,37,21,58,
18283,194,160,354,
18285,199,160,359,
18286,224,169,393,
18288,202,155,357,
18290,193,172,365,
18291,215,166,381,
18292,219,182,401,
18293,216,151,367,
18294,204,163,367,
18295,222,149,371,
18296,220,145,365,
18297,220,157,377,
18300,215,176,391,
18301,203,160,363,
18302,212,184,396,
18303,207,160,367,
18304,236,155,391,
18306,204,157,361,
18307,217,147,364,
18308,204,164,368,
18310,26,33,59,
18311,200,181,381,
18312,204,147,351,
18314,231,169,400,
18315,212,172,384,
18316,26,15,41,
18318,182,155,337,
18319,200,172,372,
18320,200,165,365,
18322,222,163,385,
18323,202,172,374,
18324,222,154,376,
18325,202,175,377,
18326,207,175,382,
18327,207,156,363,
18328,243,185,428,
18329,237,163,400,
18331,213,161,374,
18332,214,173,387,
18335,174,154,328,
18336,186,168,354,
18338,197,172,369,
18339,185,181,366,
18340,217,173,390,
18341,192,188,380,
18342,213,176,389,
18344,211,161,372,
18345,208,170,378,
18346,192,169,361,
18347,207,169,376,
18349,232,179,411,
18350,225,170,395,
18351,196,172,368,
18353,248,158,406,
18354,224,180,404,
18355,243,158,401,
18356,223,163,386,
18357,210,178,388,
18358,243,158,401,
18359,182,136,318,
18360,236,154,390,
18363,198,170,368,
18364,170,130,300,
18365,207,175,382,
18366,217,156,373,
18367,188,176,364,
18368,228,151,379,
18369,201,175,376,
18370,200,145,345,
18371,226,163,389,
18372,30,21,51,
18373,179,135,314,
18374,233,156,389,
18375,201,177,378,
18376,229,165,394,
18377,213,166,379,
18379,220,186,406,
18380,215,151,366,
18381,190,163,353,
18382,220,172,392,
18383,214,172,386,
18384,211,170,381,
18385,216,184,400,
18386,219,169,388,
18388,177,160,337,
18389,214,181,395,
18390,222,154,376,
18392,23,19,42,
18394,201,127,328,
18395,24,26,50,
18396,203,165,368,
18398,189,150,339,
18399,229,152,381,
18400,192,170,362,
18402,189,170,359,
18405,161,126,287,
18407,202,171,373,
18408,217,144,361,
18409,203,160,363,
18410,199,155,354,
18414,219,182,401,
18418,200,166,366,
18419,197,163,360,
18420,218,149,367,
18421,204,150,354,
18423,180,144,324,
18424,236,165,401,
18425,196,172,368,
18426,222,154,376,
18427,210,161,371,
18428,256,153,409,
18429,200,186,386,
18430,192,161,353,
18431,25,20,45,
18435,207,140,347,
18436,205,155,360,
18439,208,168,376,
18440,190,186,376,
18442,24,14,38,
18443,226,157,383,
18444,224,163,387,
18445,200,169,369,
18446,222,189,411,
18448,202,170,372,
18449,206,161,367,
18450,215,168,383,
18451,200,186,386,
18452,208,147,355,
18453,202,171,373,
18454,13,17,30,
18455,214,132,346,
18456,180,170,350,
18459,205,159,364,
18460,218,180,398,
18461,191,142,333,
18464,202,139,341,
18466,199,163,362,
18467,208,171,379,
18469,235,143,378,
18470,205,184,389,
18471,191,147,338,
18472,228,145,373,
18474,189,154,343,
18475,217,182,399,
18477,219,172,391,
18479,234,151,385,
18480,200,173,373,
18481,212,161,373,
18482,191,171,362,
18484,221,180,401,
18485,211,142,353,
18486,202,163,365,
18487,221,176,397,
18488,27,29,56,
18490,236,165,401,
18491,206,159,365,
18492,226,176,402,
18493,249,133,382,
18494,225,159,384,
18495,23,19,42,
18497,230,179,409,
18498,220,165,385,
18499,197,186,383,
18500,224,162,386,
18502,235,176,411,
18503,213,143,356,
18504,216,167,383,
18505,169,145,314,
18507,205,174,379,
18508,176,190,366,
18510,201,160,361,
18511,136,102,238,
18513,178,119,297,
18514,201,136,337,
18515,212,175,387,
18516,211,133,344,
18517,184,196,380,
18518,219,148,367,
18520,220,162,382,
18521,200,155,355,
18523,233,177,410,
18524,241,184,425,
18525,232,163,395,
18527,213,174,387,
18528,209,155,364,
18529,177,152,329,
18530,171,137,308,
18531,205,158,363,
18532,211,158,369,
18533,198,156,354,
18534,207,154,361,
18535,188,163,351,
18536,182,162,344,
18537,184,213,397,
18538,209,170,379,
18539,213,167,380,
18540,181,153,334,
18542,18,18,36,
18543,217,172,389,
18544,205,149,354,
18545,208,174,382,
18546,201,166,367,
18547,207,182,389,
18548,198,155,353,
18551,196,159,355,
18552,204,163,367,
18553,235,147,382,
18554,218,166,384,
18555,195,170,365,
18556,219,188,407,
18557,200,179,379,
18563,217,186,403,
18564,192,161,353,
18567,4,1,5,
18571,182,189,371,
18572,209,148,357,
18573,232,150,382,
18575,208,163,371,
18576,238,145,383,
18578,169,117,286,
18579,198,157,355,
18581,237,168,405,
18582,204,140,344,
18583,214,145,359,
18586,224,150,374,
18590,212,157,369,
18591,217,180,397,
18592,203,148,351,
18595,210,179,389,
18596,220,161,381,
18597,204,170,374,
18599,219,155,374,
18600,223,164,387,
18601,233,146,379,
18602,189,174,363,
18603,223,148,371,
18604,231,166,397,
18605,211,167,378,
18606,194,164,358,
18608,189,152,341,
18609,219,185,404,
18611,211,169,380,
18612,230,175,405,
18614,203,135,338,
18616,220,170,390,
18617,227,159,386,
18618,167,133,300,
18620,198,165,363,
18621,236,156,392,
18622,208,146,354,
18624,12,15,27,
18625,227,178,405,
18626,229,163,392,
18628,17,20,37,
18629,189,161,350,
18630,143,162,305,
18631,201,172,373,
18632,210,154,364,
18633,210,197,407,
18634,213,158,371,
18635,193,149,342,
18636,222,149,371,
18637,199,164,363,
18638,200,144,344,
18641,204,162,366,
18642,205,148,353,
18644,219,175,394,
18645,213,178,391,
18646,210,164,374,
18647,234,150,384,
18648,209,174,383,
18649,218,138,356,
18650,151,131,282,
18651,214,164,378,
18652,29,34,63,
18653,10,12,22,
18654,219,168,387,
18655,206,168,374,
18657,230,165,395,
18658,233,135,368,
18659,206,165,371,
18660,186,167,353,
18661,41,29,70,
18662,227,162,389,
18663,208,166,374,
18664,209,148,357,
18667,230,161,391,
18668,192,166,358,
18670,176,155,331,
18671,185,181,366,
18675,190,140,330,
18677,229,145,374,
18678,213,156,369,
18679,192,173,365,
18680,196,169,365,
18681,174,172,346,
18683,190,169,359,
18686,203,136,339,
18688,180,169,349,
18689,215,177,392,
18690,180,150,330,
18691,181,143,324,
18692,209,182,391,
18693,207,173,380,
18695,235,150,385,
18696,241,158,399,
18697,212,170,382,
18698,187,179,366,
18699,202,175,377,
18700,3,2,5,
18701,216,172,388,
18702,203,157,360,
18703,30,23,53,
18704,202,176,378,
18705,48,27,75,
18706,49,28,77,
18707,189,176,365,
18708,220,197,417,
18709,233,179,412,
18710,186,164,350,
18711,198,167,365,
18712,138,144,282,
18714,219,157,376,
18715,225,179,404,
18719,211,163,374,
18720,205,177,382,
18722,201,183,384,
18723,221,176,397,
18724,242,171,413,
18725,26,17,43,
18726,215,164,379,
18729,217,177,394,
18730,201,180,381,
18731,256,159,415,
18732,14,18,32,
18733,200,162,362,
18734,216,167,383,
18735,215,156,371,
18737,160,127,287,
18738,192,170,362,
18740,215,162,377,
18743,198,172,370,
18744,204,180,384,
18745,207,148,355,
18746,242,174,416,
18747,202,162,364,
18748,224,150,374,
18749,180,171,351,
18750,179,162,341,
18751,226,172,398,
18752,202,170,372,
18753,198,148,346,
18754,215,150,365,
18757,210,149,359,
18758,200,159,359,
18759,208,160,368,
18760,210,175,385,
18761,184,203,387,
18763,233,155,388,
18765,192,132,324,
18766,184,170,354,
18767,201,159,360,
18769,201,160,361,
18771,224,193,417,
18772,208,163,371,
18773,34,27,61,
18775,195,154,349,
18776,176,143,319,
18777,181,134,315,
18779,233,187,420,
18780,205,154,359,
18782,197,182,379,
18783,213,174,387,
18784,179,167,346,
18785,184,145,329,
18786,179,133,312,
18787,174,170,344,
18788,201,148,349,
18789,199,153,352,
18790,210,184,394,
18791,229,165,394,
18792,199,146,345,
18793,32,17,49,
18794,205,167,372,
18795,193,180,373,
18798,213,176,389,
18799,202,152,354,
18800,28,27,55,
18801,227,140,367,
18802,215,172,387,
18804,196,164,360,
18805,226,149,375,
18806,212,187,399,
18807,225,135,360,
18808,226,157,383,
18809,29,27,56,
18812,211,172,383,
18814,198,164,362,
18815,202,164,366,
18818,212,164,376,
18819,224,162,386,
18820,201,170,371,
18821,215,159,374,
18822,201,176,377,
18823,217,173,390,
18826,232,168,400,
18827,201,142,343,
18829,210,157,367,
18831,201,170,371,
18832,221,173,394,
18833,179,219,398,
18834,194,168,362,
18836,234,156,390,
18837,199,179,378,
18838,208,145,353,
18839,215,153,368,
18841,211,160,371,
18842,215,142,357,
18843,215,163,378,
18844,192,186,378,
18845,202,172,374,
18846,206,192,398,
18847,220,158,378,
18849,215,164,379,
18850,229,148,377,
18852,211,172,383,
18853,207,175,382,
18854,208,179,387,
18855,229,159,388,
18856,176,178,354,
18857,218,146,364,
18859,210,174,384,
18860,214,166,380,
18861,222,171,393,
18863,205,188,393,
18864,190,162,352,
18865,197,172,369,
18866,213,168,381,
18868,193,136,329,
18869,215,147,362,
18872,226,165,391,
18873,205,180,385,
18874,203,137,340,
18875,216,150,366,
18877,218,146,364,
18878,232,153,385,
18881,184,145,329,
18883,253,141,394,
18884,12,12,24,
18885,212,176,388,
18886,211,152,363,
18887,230,155,385,
18888,225,160,385,
18889,227,182,409,
18891,203,186,389,
18892,241,175,416,
18893,216,185,401,
18895,200,178,378,
18897,185,163,348,
18898,176,153,329,
18899,208,170,378,
18900,220,161,381,
18901,243,157,400,
18902,223,161,384,
18903,225,152,377,
18905,209,156,365,
18906,29,27,56,
18908,202,156,358,
18909,15,10,25,
18910,216,181,397,
18911,197,166,363,
18912,196,166,362,
18913,205,147,352,
18915,212,163,375,
18916,214,161,375,
18917,238,194,432,
18918,194,176,370,
18919,200,164,364,
18920,214,169,383,
18921,194,168,362,
18922,228,154,382,
18923,218,148,366,
18924,222,163,385,
18925,223,176,399,
18926,201,172,373,
18927,251,156,407,
18928,213,163,376,
18929,205,185,390,
18930,206,155,361,
18931,43,28,71,
18932,223,163,386,
18933,190,155,345,
18935,210,173,383,
18936,233,159,392,
18937,209,169,378,
18938,219,189,408,
18939,190,140,330,
18940,196,154,350,
18941,199,176,375,
18942,238,166,404,
18943,213,163,376,
18947,223,125,348,
18948,211,162,373,
18949,257,149,406,
18950,224,161,385,
18951,221,138,359,
18952,187,154,341,
18954,206,141,347,
18955,215,151,366,
18957,217,162,379,
18958,201,155,356,
18959,202,179,381,
18961,210,167,377,
18963,217,142,359,
18966,214,162,376,
18967,225,159,384,
18968,181,182,363,
18969,186,158,344,
18970,188,181,369,
18971,171,163,334,
18972,191,157,348,
18974,183,131,314,
18975,225,147,372,
18976,211,157,368,
18977,241,172,413,
18978,205,171,376,
18979,201,158,359,
18980,215,154,369,
18981,214,160,374,
18982,206,209,415,
18983,197,167,364,
18984,220,189,409,
18989,199,187,386,
18993,195,172,367,
18996,191,132,323,
18997,218,173,391,
18998,228,150,378,
18999,213,151,364,
19001,205,144,349,
19002,209,154,363,
19003,218,170,388,
19006,5,4,9,
19007,234,161,395,
19008,231,159,390,
19010,227,189,416,
19013,207,180,387,
19014,207,170,377,
19016,36,27,63,
19019,216,150,366,
19020,223,173,396,
19021,201,140,341,
19023,187,171,358,
19024,215,179,394,
19025,217,185,402,
19028,222,167,389,
19029,215,166,381,
19030,198,183,381,
19031,206,157,363,
19032,205,179,384,
19035,186,167,353,
19036,204,166,370,
19037,221,192,413,
19039,212,182,394,
19040,197,153,350,
19041,202,154,356,
19043,158,125,283,
19044,200,156,356,
19045,186,178,364,
19046,215,168,383,
19047,192,152,344,
19049,213,162,375,
19050,240,154,394,
19051,170,181,351,
19052,225,154,379,
19053,211,157,368,
19054,207,163,370,
19055,212,198,410,
19056,212,139,351,
19057,213,171,384,
19058,212,153,365,
19059,195,160,355,
19060,223,169,392,
19061,224,162,386,
19062,230,146,376,
19063,189,181,370,
19064,222,178,400,
19065,188,163,351,
19066,239,170,409,
19067,212,165,377,
19068,210,165,375,
19069,226,154,380,
19070,227,151,378,
19071,227,168,395,
19072,208,179,387,
19073,212,146,358,
19074,191,149,340,
19075,221,150,371,
19076,209,174,383,
19077,210,167,377,
19078,175,137,312,
19079,206,173,379,
19080,201,185,386,
19081,148,119,267,
19082,208,165,373,
19083,178,169,347,
19084,5,2,7,
19085,197,163,360,
19086,200,151,351,
19088,207,162,369,
19089,208,159,367,
19090,215,169,384,
19091,157,189,346,
19092,211,159,370,
19093,208,173,381,
19094,175,161,336,
19095,184,153,337,
19096,187,166,353,
19097,203,164,367,
19098,207,184,391,
19099,26,21,47,
19100,208,176,384,
19102,199,162,361,
19105,220,134,354,
19106,234,154,388,
19107,236,160,396,
19109,172,163,335,
19110,213,156,369,
19111,186,180,366,
19112,247,153,400,
19113,221,147,368,
19114,200,173,373,
19115,213,174,387,
19117,215,163,378,
19119,192,174,366,
19121,243,175,418,
19124,200,179,379,
19125,37,29,66,
19126,209,157,366,
19129,210,186,396,
19132,218,171,389,
19133,212,151,363,
19134,194,147,341,
19135,206,154,360,
19137,207,160,367,
19138,215,181,396,
19140,189,142,331,
19142,238,165,403,
19143,210,163,373,
19144,188,174,362,
19145,226,175,401,
19146,199,164,363,
19147,225,154,379,
19149,189,131,320,
19150,230,159,389,
19151,210,165,375,
19152,211,150,361,
19153,197,146,343,
19154,245,187,432,
19156,207,141,348,
19157,228,156,384,
19158,209,157,366,
19159,163,189,352,
19160,224,158,382,
19161,209,171,380,
19162,143,136,279,
19163,187,160,347,
19164,214,153,367,
19168,198,160,358,
19169,201,182,383,
19170,210,156,366,
19171,220,165,385,
19172,191,175,366,
19173,202,186,388,
19174,217,183,400,
19177,215,184,399,
19178,221,155,376,
19179,193,165,358,
19181,223,195,418,
19182,218,170,388,
19183,235,174,409,
19184,30,22,52,
19185,201,165,366,
19186,208,166,374,
19187,243,188,431,
19188,213,153,366,
19189,200,141,341,
19190,200,157,357,
19192,190,123,313,
19193,212,175,387,
19194,185,147,332,
19195,209,173,382,
19197,211,146,357,
19198,188,156,344,
19200,135,104,239,
19201,188,156,344,
19202,204,157,361,
19203,209,161,370,
19204,12,15,27,
19205,197,175,372,
19206,220,168,388,
19208,207,173,380,
19209,196,166,362,
19210,217,168,385,
19211,227,166,393,
19212,203,174,377,
19213,220,161,381,
19214,238,195,433,
19215,16,16,32,
19216,46,41,87,
19221,215,172,387,
19222,219,150,369,
19224,222,172,394,
19225,218,164,382,
19226,230,147,377,
19228,250,155,405,
19230,200,177,377,
19231,201,179,380,
19232,197,152,349,
19234,24,25,49,
19235,22,15,37,
19236,204,175,379,
19237,217,159,376,
19239,230,157,387,
19240,203,161,364,
19241,175,175,350,
19242,216,174,390,
19243,227,188,415,
19244,192,162,354,
19245,191,161,352,
19247,230,170,400,
19248,201,179,380,
19249,211,177,388,
19250,174,133,307,
19251,210,163,373,
19252,230,178,408,
19254,203,157,360,
19255,201,164,365,
19256,178,184,362,
19258,138,130,268,
19259,205,153,358,
19260,224,176,400,
19261,213,142,355,
19262,17,33,50,
19263,187,182,369,
19264,173,162,335,
19266,200,180,380,
19267,250,186,436,
19268,237,166,403,
19269,198,173,371,
19270,216,150,366,
19271,194,165,359,
19272,215,170,385,
19274,210,171,381,
19275,227,169,396,
19277,198,181,379,
19278,168,139,307,
19279,216,179,395,
19280,225,185,410,
19281,188,169,357,
19282,235,183,418,
19283,202,179,381,
19284,18,18,36,
19285,218,154,372,
19287,218,180,398,
19288,207,163,370,
19291,155,130,285,
19295,197,195,392,
19296,220,188,408,
19297,219,135,354,
19298,204,153,357,
19299,227,171,398,
19300,233,165,398,
19301,202,161,363,
19303,216,179,395,
19304,197,139,336,
19305,229,182,411,
19307,201,168,369,
19308,206,166,372,
19309,173,165,338,
19310,233,162,395,
19312,249,168,417,
19313,167,165,332,
19314,206,164,370,
19315,196,165,361,
19316,193,162,355,
19317,236,191,427,
19319,46,37,83,
19321,208,190,398,
19323,196,184,380,
19325,212,173,385,
19326,221,160,381,
19329,212,171,383,
19330,214,152,366,
19332,217,174,391,
19333,229,179,408,
19334,192,188,380,
19335,229,172,401,
19338,200,177,377,
19339,192,144,336,
19340,230,167,397,
19342,220,176,396,
19343,198,161,359,
19344,227,158,385,
19345,228,190,418,
19347,226,155,381,
19350,219,168,387,
19351,201,167,368,
19352,210,173,383,
19353,211,148,359,
19355,212,151,363,
19357,38,38,76,
19359,236,183,419,
19360,123,107,230,
19362,215,168,383,
19363,202,151,353,
19364,201,184,385,
19365,206,151,357,
19366,11,10,21,
19368,198,164,362,
19369,200,159,359,
19370,149,131,280,
19372,23,23,46,
19373,234,150,384,
19374,197,153,350,
19375,200,163,363,
19376,198,179,377,
19377,200,154,354,
19378,213,166,379,
19379,198,174,372,
19380,218,166,384,
19381,237,161,398,
19382,182,129,311,
19383,218,142,360,
19384,221,156,377,
19385,201,166,367,
19386,185,144,329,
19387,222,158,380,
19391,220,171,391,
19393,28,28,56,
19395,182,150,332,
19396,212,178,390,
19397,216,179,395,
19398,214,159,373,
19399,201,177,378,
19400,181,178,359,
19401,204,142,346,
19402,194,179,373,
19403,210,157,367,
19404,193,168,361,
19405,204,186,390,
19406,16,14,30,
19407,225,128,353,
19408,208,160,368,
19410,212,172,384,
19411,210,163,373,
19412,206,164,370,
19413,231,172,403,
19416,202,160,362,
19417,213,180,393,
19418,221,163,384,
19419,211,168,379,
19420,176,164,340,
19422,222,182,404,
19425,196,164,360,
19427,201,174,375,
19428,189,160,349,
19429,182,170,352,
19431,224,150,374,
19432,215,160,375,
19433,207,164,371,
19435,197,173,370,
19436,211,160,371,
19437,185,177,362,
19438,22,31,53,
19439,215,145,360,
19440,184,160,344,
19441,194,165,359,
19442,164,168,332,
19443,198,158,356,
19444,221,163,384,
19445,219,165,384,
19446,202,160,362,
19449,193,167,360,
19450,206,150,356,
19451,206,164,370,
19452,228,167,395,
19453,236,159,395,
19454,211,175,386,
19456,201,138,339,
19457,222,165,387,
19458,193,161,354,
19459,210,197,407,
19460,179,156,335,
19461,220,154,374,
19462,223,174,397,
19463,191,159,350,
19464,204,152,356,
19465,235,177,412,
19466,230,169,399,
19472,192,167,359,
19473,201,150,351,
19474,206,168,374,
19475,189,158,347,
19476,204,152,356,
19477,206,145,351,
19478,222,186,408,
19479,224,161,385,
19480,190,168,358,
19482,209,162,371,
19483,222,187,409,
19484,176,163,339,
19485,193,170,363,
19486,226,143,369,
19487,194,177,371,
19488,231,163,394,
19489,215,158,373,
19492,205,154,359,
19493,179,175,354,
19495,203,173,376,
19496,195,186,381,
19497,217,166,383,
19498,195,145,340,
19499,210,173,383,
19503,188,169,357,
19504,187,158,345,
19505,205,157,362,
19506,213,163,376,
19507,194,176,370,
19508,213,157,370,
19509,204,168,372,
19510,185,146,331,
19513,203,160,363,
19515,199,162,361,
19516,228,148,376,
19518,203,171,374,
19519,220,153,373,
19520,201,173,374,
19522,197,168,365,
19523,230,144,374,
19524,203,164,367,
19525,221,185,406,
19526,32,26,58,
19527,218,170,388,
19528,170,163,333,
19530,220,175,395,
19531,198,153,351,
19532,205,164,369,
19534,192,165,357,
19536,195,154,349,
19537,226,161,387,
19539,227,151,378,
19541,213,150,363,
19545,196,164,360,
19546,197,161,358,
19547,210,169,379,
19549,217,176,393,
19550,215,134,349,
19551,220,154,374,
19552,225,164,389,
19553,198,150,348,
19556,221,150,371,
19557,228,157,385,
19558,210,169,379,
19560,210,168,378,
19562,23,19,42,
19563,218,161,379,
19565,218,149,367,
19567,212,177,389,
19568,10,12,22,
19569,36,27,63,
19570,212,170,382,
19571,211,181,392,
19572,227,156,383,
19573,197,167,364,
19574,203,165,368,
19575,215,178,393,
19577,207,169,376,
19578,196,150,346,
19579,208,153,361,
19580,204,169,373,
19582,194,153,347,
19583,183,143,326,
19584,166,115,281,
19586,19,13,32,
19587,223,170,393,
19588,216,158,374,
19589,213,188,401,
19590,215,181,396,
19592,206,156,362,
19594,234,151,385,
19595,232,168,400,
19596,207,181,388,
19597,231,144,375,
19598,212,146,358,
19599,227,148,375,
19600,197,180,377,
19601,209,157,366,
19603,185,166,351,
19605,191,164,355,
19606,190,163,353,
19607,21,21,42,
19608,180,157,337,
19610,198,178,376,
19611,209,157,366,
19612,197,171,368,
19613,215,183,398,
19614,199,144,343,
19616,152,139,291,
19617,222,146,368,
19618,37,23,60,
19619,220,166,386,
19620,201,175,376,
19621,50,40,90,
19624,229,180,409,
19625,236,162,398,
19626,212,174,386,
19627,199,159,358,
19632,190,169,359,
19634,205,156,361,
19636,182,156,338,
19637,218,160,378,
19639,258,170,428,
19641,209,176,385,
19642,228,168,396,
19643,210,161,371,
19645,212,148,360,
19646,211,184,395,
19647,216,162,378,
19648,21,12,33,
19649,200,162,362,
19650,215,149,364,
19652,208,193,401,
19654,211,163,374,
19655,202,154,356,
19656,205,150,355,
19657,202,150,352,
19658,209,159,368,
19659,213,165,378,
19660,212,193,405,
19661,121,90,211,
19662,197,179,376,
19663,218,165,383,
19666,208,163,371,
19667,226,182,408,
19668,228,169,397,
19669,188,153,341,
19670,228,166,394,
19672,199,165,364,
19673,183,147,330,
19675,222,183,405,
19676,234,189,423,
19677,196,161,357,
19678,207,164,371,
19679,224,152,376,
19680,191,159,350,
19681,137,109,246,
19683,194,167,361,
19684,233,178,411,
19685,193,191,384,
19686,216,171,387,
19687,219,192,411,
19688,201,144,345,
19692,155,121,276,
19693,225,164,389,
19694,31,26,57,
19695,232,184,416,
19696,201,147,348,
19697,200,167,367,
19698,225,155,380,
19699,230,158,388,
19702,184,169,353,
19704,194,159,353,
19705,208,171,379,
19706,217,157,374,
19707,218,195,413,
19708,187,169,356,
19709,200,161,361,
19710,208,163,371,
19713,211,148,359,
19714,210,171,381,
19715,183,164,347,
19716,233,168,401,
19717,218,161,379,
19718,229,155,384,
19719,206,180,386,
19720,175,135,310,
19721,209,142,351,
19722,200,182,382,
19723,192,151,343,
19724,212,180,392,
19725,209,191,400,
19727,240,152,392,
19728,219,153,372,
19731,220,173,393,
19733,31,22,53,
19734,203,161,364,
19735,222,170,392,
19736,210,190,400,
19737,200,149,349,
19738,228,150,378,
19741,221,168,389,
19742,192,176,368,
19744,228,172,400,
19745,219,134,353,
19747,178,138,316,
19748,144,124,268,
19749,190,142,332,
19752,216,192,408,
19753,211,151,362,
19754,225,196,421,
19755,249,200,449,
19756,212,167,379,
19757,197,145,342,
19758,214,157,371,
19759,180,152,332,
19760,153,94,247,
19761,177,152,329,
19762,208,169,377,
19765,208,171,379,
19766,203,186,389,
19767,208,175,383,
19769,204,167,371,
19771,194,193,387,
19772,213,171,384,
19773,200,200,400,
19774,216,171,387,
19775,218,154,372,
19776,186,160,346,
19779,200,165,365,
19781,221,180,401,
19783,204,163,367,
19784,174,163,337,
19785,214,167,381,
19786,217,163,380,
19787,200,157,357,
19788,215,183,398,
19789,129,117,246,
19791,226,182,408,
19792,217,171,388,
19793,192,181,373,
19794,219,190,409,
19797,224,161,385,
19799,224,149,373,
19801,210,179,389,
19803,225,165,390,
19804,191,144,335,
19805,203,154,357,
19806,214,156,370,
19807,206,154,360,
19808,207,166,373,
19810,255,149,404,
19811,27,28,55,
19812,226,157,383,
19813,209,171,380,
19814,207,181,388,
19815,222,185,407,
19816,202,157,359,
19817,230,143,373,
19818,216,152,368,
19821,240,201,441,
19822,190,141,331,
19823,208,165,373,
19824,196,157,353,
19825,197,146,343,
19826,213,156,369,
19827,226,184,410,
19828,222,161,383,
19829,209,125,334,
19831,205,163,368,
19832,249,161,410,
19833,204,182,386,
19834,200,188,388,
19835,226,166,392,
19836,195,164,359,
19837,203,162,365,
19839,222,157,379,
19840,222,158,380,
19841,212,178,390,
19842,203,141,344,
19843,225,145,370,
19844,207,153,360,
19845,205,155,360,
19846,186,179,365,
19847,213,171,384,
19848,187,188,375,
19850,218,184,402,
19852,191,177,368,
19853,198,158,356,
19854,209,164,373,
19855,210,154,364,
19856,196,164,360,
19857,250,169,419,
19858,217,160,377,
19859,226,151,377,
19860,239,157,396,
19861,210,165,375,
19862,210,158,368,
19863,199,192,391,
19866,207,175,382,
19867,219,173,392,
19868,212,147,359,
19869,188,166,354,
19870,20,21,41,
19873,225,166,391,
19874,178,180,358,
19876,195,155,350,
19877,202,179,381,
19878,204,155,359,
19879,199,169,368,
19880,180,138,318,
19883,210,143,353,
19884,195,135,330,
19885,185,155,340,
19886,198,164,362,
19887,154,124,278,
19889,221,140,361,
19890,261,157,418,
19891,206,146,352,
19892,205,175,380,
19893,225,161,386,
19895,197,152,349,
19896,204,176,380,
19897,195,146,341,
19898,194,163,357,
19899,222,194,416,
19900,218,165,383,
19901,189,173,362,
19902,229,150,379,
19903,229,172,401,
19904,227,189,416,
19905,187,188,375,
19906,205,168,373,
19908,207,161,368,
19909,223,138,361,
19911,239,154,393,
19912,208,160,368,
19913,27,30,57,
19914,214,175,389,
19915,214,159,373,
19916,207,158,365,
19918,197,174,371,
19919,185,164,349,
19921,203,144,347,
19923,200,155,355,
19924,226,174,400,
19925,199,157,356,
19926,217,183,400,
19927,194,190,384,
19929,187,137,324,
19930,216,152,368,
19931,232,151,383,
19933,219,169,388,
19935,228,167,395,
19936,194,153,347,
19939,186,163,349,
19940,194,166,360,
19941,195,179,374,
19942,196,147,343,
19943,215,164,379,
19944,186,170,356,
19945,199,163,362,
19946,189,153,342,
19947,174,154,328,
19948,215,177,392,
19949,199,169,368,
19950,184,171,355,
19951,174,112,286,
19952,204,166,370,
19953,190,157,347,
19955,209,153,362,
19956,236,158,394,
19957,207,166,373,
19958,213,169,382,
19959,209,180,389,
19960,224,157,381,
19962,213,164,377,
19963,207,149,356,
19965,217,152,369,
19969,196,181,377,
19970,220,135,355,
19972,197,176,373,
19975,207,169,376,
19976,198,166,364,
19977,217,200,417,
19982,197,149,346,
19983,201,159,360,
19984,200,156,356,
19985,210,156,366,
19988,211,162,373,
19989,235,167,402,
19990,218,160,378,
19991,195,146,341,
19993,29,20,49,
19994,21,28,49,
19995,171,184,355,
19996,185,154,339,
19997,211,157,368,
19999,192,186,378,
20000,207,156,363,
20001,221,160,381,
20002,222,158,380,
20003,35,29,64,
20005,218,176,394,
20006,223,160,383,
20007,235,177,412,
20008,187,162,349,
20009,10,6,16,
20010,204,162,366,
20011,199,161,360,
20013,218,179,397,
20014,206,151,357,
20015,186,168,354,
20017,198,156,354,
20018,227,163,390,
20019,209,171,380,
20020,41,25,66,
20021,219,163,382,
20022,212,186,398,
20024,219,139,358,
20026,202,156,358,
20027,204,154,358,
20028,164,120,284,
20030,181,147,328,
20031,158,100,258,
20034,208,174,382,
20035,207,150,357,
20036,218,148,366,
20038,220,144,364,
20039,195,175,370,
20040,215,175,390,
20041,220,156,376,
20042,202,159,361,
20043,223,143,366,
20046,191,166,357,
20047,207,163,370,
20048,147,134,281,
20049,212,163,375,
20050,181,155,336,
20051,197,182,379,
20053,214,183,397,
20054,188,144,332,
20055,50,32,82,
20056,195,180,375,
20057,192,154,346,
20058,194,163,357,
20059,214,151,365,
20060,210,144,354,
20061,215,162,377,
20062,235,203,438,
20063,221,154,375,
20064,229,158,387,
20065,212,161,373,
20066,35,46,81,
20067,220,153,373,
20069,216,169,385,
20070,206,155,361,
20071,209,179,388,
20072,211,156,367,
20073,210,183,393,
20074,215,168,383,
20076,217,189,406,
20078,235,176,411,
20079,222,160,382,
20080,225,162,387,
20081,188,168,356,
20082,238,168,406,
20084,216,157,373,
20085,199,155,354,
20086,213,163,376,
20088,228,156,384,
20089,225,188,413,
20090,228,178,406,
20091,225,164,389,
20092,210,172,382,
20093,218,163,381,
20094,213,168,381,
20095,195,168,363,
20096,198,159,357,
20097,196,171,367,
20098,195,166,361,
20099,150,115,265,
20101,216,177,393,
20102,21,15,36,
20103,198,144,342,
20104,209,198,407,
20106,172,172,344,
20107,217,159,376,
20109,209,153,362,
20110,192,177,369,
20111,189,157,346,
20113,213,184,397,
20114,194,154,348,
20115,196,161,357,
20116,218,165,383,
20117,205,166,371,
20118,201,149,350,
20119,209,177,386,
20120,202,173,375,
20122,243,168,411,
20123,210,154,364,
20124,193,156,349,
20125,138,108,246,
20126,215,180,395,
20130,205,171,376,
20131,208,171,379,
20132,208,147,355,
20136,229,159,388,
20137,196,165,361,
20138,212,161,373,
20139,199,177,376,
20140,175,182,357,
20141,193,183,376,
20142,207,172,379,
20143,229,162,391,
20144,197,168,365,
20145,210,189,399,
20146,169,139,308,
20147,202,144,346,
20148,217,145,362,
20149,196,146,342,
20150,191,126,317,
20151,197,165,362,
20152,35,35,70,
20153,206,172,378,
20154,219,166,385,
20156,228,149,377,
20157,213,178,391,
20158,193,153,346,
20159,207,165,372,
20160,224,161,385,
20162,210,169,379,
20163,203,154,357,
20164,229,181,410,
20165,213,156,369,
20166,183,153,336,
20167,217,172,389,
20169,224,170,394,
20170,207,183,390,
20171,212,168,380,
20172,209,148,357,
20174,183,154,337,
20176,37,37,74,
20178,216,172,388,
20179,203,175,378,
20180,187,176,363,
20181,204,171,375,
20182,220,152,372,
20183,196,168,364,
20184,215,178,393,
20185,223,162,385,
20186,208,173,381,
20187,208,179,387,
20188,194,175,369,
20189,210,159,369,
20190,203,169,372,
20191,220,178,398,
20192,198,184,382,
20193,210,146,356,
20195,247,174,421,
20197,202,171,373,
20199,205,151,356,
20200,229,152,381,
20202,218,164,382,
20203,194,149,343,
20204,212,185,397,
20205,211,159,370,
20206,201,161,362,
20207,217,179,396,
20208,209,155,364,
20210,219,156,375,
20211,186,155,341,
20213,210,159,369,
20214,203,176,379,
20215,227,177,404,
20217,217,150,367,
20218,210,154,364,
20220,198,146,344,
20221,194,153,347,
20222,205,165,370,
20224,223,154,377,
20225,241,150,391,
20226,216,152,368,
20227,219,174,393,
20228,209,158,367,
20230,212,166,378,
20232,233,180,413,
20233,238,173,411,
20234,220,176,396,
20237,210,175,385,
20238,222,154,376,
20239,205,160,365,
20240,199,198,397,
20241,184,180,364,
20242,157,129,286,
20243,200,173,373,
20244,229,157,386,
20246,217,151,368,
20247,15,10,25,
20248,227,162,389,
20249,222,168,390,
20251,201,189,390,
20252,210,144,354,
20253,19,26,45,
20254,207,164,371,
20255,37,21,58,
20256,203,142,345,
20257,214,161,375,
20258,182,150,332,
20259,225,171,396,
20260,208,175,383,
20261,227,160,387,
20262,227,176,403,
20263,181,142,323,
20264,217,183,400,
20265,185,155,340,
20266,31,23,54,
20267,215,145,360,
20268,182,142,324,
20269,199,194,393,
20270,37,25,62,
20271,240,171,411,
20272,199,165,364,
20273,219,155,374,
20274,230,157,387,
20275,199,159,358,
20276,207,159,366,
20279,222,164,386,
20280,228,176,404,
20281,108,112,220,
20282,237,170,407,
20283,182,182,364,
20286,143,116,259,
20288,231,160,391,
20289,202,156,358,
20291,233,147,380,
20292,217,181,398,
20293,214,165,379,
20294,206,142,348,
20295,217,163,380,
20296,33,9,42,
20297,191,191,382,
20298,181,164,345,
20299,210,159,369,
20300,7,8,15,
20302,206,167,373,
20303,181,157,338,
20305,222,173,395,
20306,208,179,387,
20307,217,175,392,
20308,183,165,348,
20309,195,169,364,
20312,220,157,377,
20313,246,147,393,
20314,209,178,387,
20316,208,140,348,
20318,216,157,373,
20320,228,151,379,
20321,229,184,413,
20323,204,173,377,
20324,34,26,60,
20325,213,163,376,
20326,190,172,362,
20327,209,203,412,
20328,175,201,376,
20329,28,22,50,
20330,210,163,373,
20332,28,40,68,
20333,195,142,337,
20334,208,174,382,
20335,190,165,355,
20336,215,145,360,
20337,34,34,68,
20338,223,132,355,
20339,9,6,15,
20340,191,170,361,
20341,207,173,380,
20343,219,166,385,
20344,239,160,399,
20345,218,169,387,
20346,199,187,386,
20347,208,173,381,
20348,213,163,376,
20349,212,187,399,
20350,236,158,394,
20353,218,186,404,
20354,208,169,377,
20355,173,122,295,
20356,204,141,345,
20358,223,181,404,
20360,190,178,368,
20361,203,158,361,
20362,186,149,335,
20363,197,165,362,
20365,206,160,366,
20366,218,161,379,
20367,230,170,400,
20368,185,167,352,
20371,195,156,351,
20372,208,172,380,
20373,202,184,386,
20376,230,163,393,
20377,199,174,373,
20379,251,161,412,
20380,139,124,263,
20381,206,170,376,
20382,209,172,381,
20384,227,173,400,
20385,230,187,417,
20386,237,170,407,
20388,227,181,408,
20390,207,157,364,
20391,213,152,365,
20392,232,167,399,
20393,226,158,384,
20394,32,28,60,
20395,229,169,398,
20396,29,14,43,
20397,197,153,350,
20398,226,151,377,
20401,216,175,391,
20403,218,159,377,
20404,203,173,376,
20407,185,125,310,
20408,192,171,363,
20409,222,151,373,
20411,214,143,357,
20412,144,120,264,
20413,212,181,393,
20414,216,186,402,
20415,194,161,355,
20417,197,152,349,
20420,199,188,387,
20421,244,173,417,
20423,201,168,369,
20424,208,147,355,
20426,223,176,399,
20427,218,155,373,
20428,220,188,408,
20429,216,163,379,
20430,209,179,388,
20432,216,178,394,
20433,229,183,412,
20434,203,175,378,
20435,207,166,373,
20436,200,179,379,
20437,179,140,319,
20439,193,170,363,
20441,26,33,59,
20442,207,158,365,
20444,41,19,60,
20446,202,171,373,
20448,215,151,366,
20449,207,150,357,
20450,209,173,382,
20453,225,173,398,
20454,32,20,52,
20455,151,113,264,
20456,209,158,367,
20457,196,162,358,
20458,200,141,341,
20459,36,12,48,
20461,195,147,342,
20462,212,182,394,
20463,209,158,367,
20464,174,162,336,
20465,210,144,354,
20466,204,166,370,
20467,190,170,360,
20468,211,178,389,
20469,184,157,341,
20472,230,162,392,
20473,212,152,364,
20474,199,156,355,
20475,187,174,361,
20476,206,164,370,
20477,204,164,368,
20478,189,160,349,
20479,220,156,376,
20480,202,160,362,
20482,227,179,406,
20483,247,159,406,
20484,213,182,395,
20485,219,148,367,
20486,211,157,368,
20487,175,179,354,
20488,205,165,370,
20489,227,149,376,
20490,21,9,30,
20491,204,156,360,
20492,210,173,383,
20493,201,167,368,
20495,201,144,345,
20496,204,156,360,
20497,191,184,375,
20498,237,158,395,
20499,216,166,382,
20500,224,154,378,
20502,213,183,396,
20504,168,175,343,
20506,169,138,307,
20507,217,188,405,
20509,205,158,363,
20510,209,186,395,
20511,29,26,55,
20512,211,143,354,
20513,231,175,406,
20514,209,153,362,
20515,197,156,353,
20516,145,133,278,
20517,210,145,355,
20518,223,164,387,
20519,208,165,373,
20520,197,162,359,
20521,32,29,61,
20523,224,168,392,
20525,226,168,394,
20526,30,22,52,
20528,35,25,60,
20529,207,137,344,
20530,210,164,374,
20531,229,172,401,
20533,222,165,387,
20534,31,26,57,
20535,186,171,357,
20536,212,178,390,
20537,25,27,52,
20538,196,172,368,
20539,218,168,386,
20540,228,170,398,
20541,203,174,377,
20542,226,166,392,
20543,210,158,368,
20546,203,156,359,
20547,191,157,348,
20548,202,177,379,
20550,218,176,394,
20551,183,185,368,
20552,204,171,375,
20555,216,184,400,
20557,220,158,378,
20559,40,31,71,
20560,233,146,379,
20561,187,181,368,
20562,217,166,383,
20563,221,160,381,
20564,22,25,47,
20565,204,167,371,
20566,211,142,353,
20567,212,147,359,
20568,227,190,417,
20569,189,148,337,
20570,235,166,401,
20572,212,178,390,
20573,192,145,337,
20575,211,184,395,
20576,220,183,403,
20577,197,142,339,
20579,242,168,410,
20582,12,9,21,
20583,227,154,381,
20584,210,196,406,
20586,225,148,373,
20587,8,8,16,
20588,204,149,353,
20590,187,160,347,
20592,225,159,384,
20593,225,167,392,
20594,212,172,384,
20595,205,161,366,
20596,210,148,358,
20597,208,149,357,
20598,247,152,399,
20600,198,175,373,
20601,220,162,382,
20603,192,164,356,
20604,210,169,379,
20605,208,153,361,
20606,207,160,367,
20607,207,146,353,
20608,206,170,376,
20609,218,165,383,
20610,199,152,351,
20611,202,189,391,
20613,209,165,374,
20614,235,140,375,
20615,206,152,358,
20616,193,163,356,
20617,207,162,369,
20618,204,175,379,
20620,211,165,376,
20622,221,153,374,
20623,217,142,359,
20627,203,196,399,
20628,224,162,386,
20629,183,174,357,
20631,222,200,422,
20632,214,178,392,
20634,235,150,385,
20635,166,148,314,
20637,189,181,370,
20639,197,175,372,
20640,196,156,352,
20642,193,151,344,
20643,190,161,351,
20645,205,166,371,
20648,229,169,398,
20650,225,173,398,
20651,192,158,350,
20652,241,157,398,
20653,210,153,363,
20654,208,158,366,
20655,198,172,370,
20656,218,161,379,
20657,191,158,349,
20658,213,163,376,
20660,213,164,377,
20661,182,172,354,
20662,201,164,365,
20663,224,171,395,
20664,210,172,382,
20665,175,176,351,
20666,226,157,383,
20673,204,145,349,
20674,217,153,370,
20675,228,185,413,
20677,236,163,399,
20679,221,147,368,
20680,161,153,314,
20681,227,146,373,
20684,200,137,337,
20685,214,170,384,
20686,215,156,371,
20687,226,172,398,
20688,193,163,356,
20690,217,168,385,
20691,202,166,368,
20692,192,162,354,
20693,218,162,380,
20694,50,40,90,
20696,190,167,357,
20698,202,161,363,
20699,217,184,401,
20700,224,151,375,
20702,205,149,354,
20703,220,164,384,
20704,222,152,374,
20705,202,164,366,
20706,189,177,366,
20707,206,191,397,
20708,217,170,387,
20711,232,181,413,
20712,231,177,408,
20713,264,129,393,
20714,197,177,374,
20715,226,156,382,
20716,191,180,371,
20717,201,180,381,
20718,213,153,366,
20719,241,154,395,
20720,197,172,369,
20721,189,129,318,
20722,212,153,365,
20724,230,176,406,
20725,198,179,377,
20726,201,183,384,
20728,198,162,360,
20731,187,164,351,
20732,200,164,364,
20733,36,23,59,
20734,220,201,421,
20735,197,165,362,
20737,221,159,380,
20739,202,163,365,
20741,214,163,377,
20742,195,162,357,
20743,198,163,361,
20745,207,162,369,
20747,46,42,88,
20748,198,169,367,
20749,193,168,361,
20751,34,25,59,
20752,210,146,356,
20753,210,174,384,
20755,222,184,406,
20756,183,141,324,
20757,36,11,47,
20758,219,176,395,
20759,189,142,331,
20760,215,173,388,
20761,179,164,343,
20762,212,197,409,
20764,227,152,379,
20767,230,171,401,
20768,198,171,369,
20769,201,154,355,
20770,193,172,365,
20771,250,162,412,
20772,234,169,403,
20773,175,170,345,
20774,179,154,333,
20778,179,161,340,
20779,211,164,375,
20780,214,142,356,
20781,210,152,362,
20782,220,183,403,
20783,210,179,389,
20785,207,150,357,
20786,216,165,381,
20787,208,165,373,
20790,210,143,353,
20791,202,156,358,
20792,35,31,66,
20793,210,158,368,
20794,230,170,400,
20796,206,142,348,
20797,203,194,397,
20798,201,168,369,
20799,212,171,383,
20800,206,156,362,
20801,179,177,356,
20802,238,181,419,
20803,201,146,347,
20804,217,160,377,
20805,220,149,369,
20806,199,182,381,
20807,168,159,327,
20808,220,140,360,
20809,232,136,368,
20810,216,166,382,
20811,227,162,389,
20812,198,191,389,
20813,199,161,360,
20814,190,171,361,
20815,208,155,363,
20816,201,160,361,
20818,209,160,369,
20820,206,147,353,
20821,212,146,358,
20822,177,134,311,
20823,204,143,347,
20824,190,165,355,
20825,22,16,38,
20827,179,199,378,
20828,230,156,386,
20829,203,182,385,
20830,221,150,371,
20833,216,171,387,
20835,217,159,376,
20836,234,134,368,
20837,23,26,49,
20838,176,193,369,
20839,215,160,375,
20840,191,170,361,
20841,227,156,383,
20842,235,145,380,
20843,225,152,377,
20844,216,180,396,
20845,235,195,430,
20847,198,159,357,
20848,153,132,285,
20849,201,170,371,
20851,205,133,338,
20852,19,24,43,
20854,208,164,372,
20858,209,149,358,
20860,198,158,356,
20861,195,159,354,
20862,209,173,382,
20863,213,157,370,
20864,211,156,367,
20866,244,160,404,
20867,204,173,377,
20868,222,174,396,
20870,2,1,3,
20872,199,165,364,
20873,222,183,405,
20874,221,166,387,
20875,202,145,347,
20876,206,167,373,
20877,221,139,360,
20878,214,170,384,
20879,207,178,385,
20880,214,165,379,
20882,212,195,407,
20883,169,139,308,
20884,225,161,386,
20886,244,162,406,
20887,233,171,404,
20888,191,169,360,
20889,240,136,376,
20890,197,174,371,
20891,220,156,376,
20892,212,154,366,
20893,246,190,436,
20895,223,167,390,
20896,193,159,352,
20898,232,168,400,
20899,214,130,344,
20901,212,151,363,
20903,199,174,373,
20904,200,153,353,
20907,214,161,375,
20908,231,163,394,
20909,9,5,14,
20910,217,175,392,
20911,212,164,376,
20913,194,175,369,
20914,200,145,345,
20915,194,185,379,
20916,178,154,332,
20917,188,167,355,
20918,213,171,384,
20919,204,179,383,
20920,182,163,345,
20921,213,169,382,
20922,228,159,387,
20924,230,161,391,
20925,84,76,160,
20926,58,34,92,
20927,198,147,345,
20928,201,157,358,
20929,218,178,396,
20930,199,150,349,
20931,233,159,392,
20932,203,165,368,
20933,201,157,358,
20934,26,19,45,
20935,218,167,385,
20938,189,183,372,
20941,211,177,388,
20942,193,141,334,
20943,217,181,398,
20944,235,170,405,
20945,204,165,369,
20946,186,199,385,
20947,210,183,393,
20948,214,132,346,
20949,209,169,378,
20953,214,178,392,
20954,222,165,387,
20955,26,26,52,
20956,213,158,371,
20957,181,162,343,
20958,12,18,30,
20959,230,176,406,
20960,29,28,57,
20961,230,177,407,
20962,206,162,368,
20963,200,152,352,
20966,164,166,330,
20968,208,149,357,
20969,222,169,391,
20970,198,160,358,
20971,226,179,405,
20972,213,180,393,
20973,25,25,50,
20974,207,160,367,
20975,243,169,412,
20977,205,191,396,
20978,190,168,358,
20979,220,175,395,
20980,199,160,359,
20981,225,163,388,
20982,200,152,352,
20983,210,135,345,
20985,204,161,365,
20986,10,6,16,
20987,178,156,334,
20988,188,139,327,
20989,211,160,371,
20990,219,167,386,
20992,232,155,387,
20994,203,169,372,
20995,188,154,342,
20996,191,151,342,
20997,200,182,382,
20998,241,164,405,
20999,187,138,325,
21000,214,181,395,
21002,226,169,395,
21003,196,198,394,
21005,230,154,384,
21006,198,185,383,
21007,189,145,334,
21009,198,206,404,
21010,220,158,378,
21011,212,157,369,
21012,215,157,372,
21015,37,29,66,
21017,221,179,400,
21018,204,149,353,
21019,160,163,323,
21020,234,155,389,
21021,229,169,398,
21022,219,158,377,
21024,223,162,385,
21025,233,161,394,
21026,207,184,391,
21027,212,172,384,
21030,224,137,361,
21032,185,156,341,
21034,219,149,368,
21036,203,150,353,
21037,133,130,263,
21038,186,151,337,
21039,225,154,379,
21040,206,174,380,
21041,8,15,23,
21042,198,170,368,
21045,221,174,395,
21046,195,151,346,
21047,203,167,370,
21048,240,169,409,
21049,209,158,367,
21050,219,164,383,
21051,206,153,359,
21052,188,150,338,
21053,227,160,387,
21054,24,11,35,
21056,192,144,336,
21059,187,179,366,
21060,230,169,399,
21061,217,151,368,
21062,216,168,384,
21063,216,191,407,
21066,209,130,339,
21067,16,9,25,
21068,221,166,387,
21069,211,184,395,
21070,211,162,373,
21071,201,160,361,
21072,216,163,379,
21073,211,162,373,
21074,211,173,384,
21075,131,103,234,
21076,224,166,390,
21077,207,139,346,
21080,229,164,393,
21081,195,166,361,
21082,196,150,346,
21083,207,181,388,
21084,205,164,369,
21085,39,25,64,
21088,195,139,334,
21090,217,127,344,
21092,211,170,381,
21093,4,5,9,
21094,206,173,379,
21095,226,162,388,
21096,48,28,76,
21097,204,157,361,
21098,197,164,361,
21099,238,151,389,
21101,226,151,377,
21102,221,152,373,
21104,207,130,337,
21107,204,145,349,
21110,240,154,394,
21111,229,177,406,
21113,219,152,371,
21115,210,157,367,
21116,199,163,362,
21117,203,165,368,
21120,207,160,367,
21121,228,170,398,
21122,198,170,368,
21123,201,159,360,
21124,204,183,387,
21125,196,147,343,
21127,188,160,348,
21128,205,156,361,
21129,219,157,376,
21130,223,170,393,
21131,218,161,379,
21133,233,170,403,
21136,208,162,370,
21137,219,167,386,
21139,218,161,379,
21140,208,151,359,
21141,207,158,365,
21143,215,163,378,
21144,185,129,314,
21145,194,165,359,
21146,230,153,383,
21147,189,132,321,
21148,224,169,393,
21149,227,192,419,
21151,220,160,380,
21153,192,170,362,
21154,213,173,386,
21155,200,173,373,
21156,224,172,396,
21157,205,184,389,
21158,197,162,359,
21159,250,166,416,
21160,227,163,390,
21161,217,138,355,
21162,231,174,405,
21164,203,171,374,
21165,203,154,357,
21166,229,151,380,
21168,232,171,403,
21169,228,144,372,
21170,203,176,379,
21171,227,158,385,
21172,211,168,379,
21173,207,170,377,
21174,211,156,367,
21175,236,178,414,
21176,181,161,342,
21177,230,139,369,
21178,248,184,432,
21179,218,162,380,
21182,229,175,404,
21184,206,157,363,
21185,196,164,360,
21186,182,183,365,
21187,198,164,362,
21188,225,182,407,
21190,229,158,387,
21192,33,18,51,
21193,217,149,366,
21194,188,178,366,
21196,214,174,388,
21197,194,162,356,
21199,182,172,354,
21200,226,178,404,
21201,200,159,359,
21202,208,158,366,
21203,210,167,377,
21205,228,161,389,
21206,244,163,407,
21207,224,177,401,
21208,206,174,380,
21209,202,161,363,
21210,214,172,386,
21211,190,161,351,
21212,219,167,386,
21213,220,168,388,
21214,198,146,344,
21215,181,134,315,
21216,222,175,397,
21217,171,145,316,
21219,202,181,383,
21221,216,173,389,
21222,217,183,400,
21224,11,3,14,
21225,263,155,418,
21226,198,178,376,
21227,219,124,343,
21229,33,19,52,
21230,212,159,371,
21232,205,168,373,
21234,195,154,349,
21235,193,150,343,
21236,213,171,384,
21237,197,143,340,
21238,25,26,51,
21239,176,189,365,
21240,258,159,417,
21241,33,25,58,
21243,206,169,375,
21244,226,154,380,
21245,226,154,380,
21246,203,167,370,
21247,193,161,354,
21250,227,163,390,
21251,194,161,355,
21254,200,156,356,
21255,214,169,383,
21256,171,145,316,
21257,204,171,375,
21258,215,177,392,
21259,220,160,380,
21260,205,159,364,
21261,205,154,359,
21263,268,161,429,
21264,198,150,348,
21266,207,219,426,
21267,219,148,367,
21268,196,159,355,
21269,206,161,367,
21270,152,150,302,
21272,184,156,340,
21273,231,181,412,
21274,195,170,365,
21275,197,154,351,
21276,190,163,353,
21277,229,159,388,
21278,213,162,375,
21279,185,149,334,
21280,5,9,14,
21282,211,180,391,
21283,216,176,392,
21284,210,158,368,
21285,192,158,350,
21286,201,154,355,
21287,191,164,355,
21288,210,176,386,
21289,198,163,361,
21290,203,159,362,
21291,224,189,413,
21292,212,170,382,
21293,208,171,379,
21294,213,168,381,
21295,199,179,378,
21296,41,31,72,
21297,192,166,358,
21298,213,187,400,
21299,204,196,400,
21301,226,166,392,
21302,195,160,355,
21303,202,170,372,
21304,203,161,364,
21305,195,156,351,
21307,252,170,422,
21308,189,166,355,
21309,220,157,377,
21311,195,157,352,
21313,189,154,343,
21314,194,179,373,
21315,200,151,351,
21316,204,174,378,
21318,210,150,360,
21319,239,155,394,
21320,196,178,374,
21321,210,141,351,
21323,197,148,345,
21324,205,162,367,
21326,200,174,374,
21327,204,175,379,
21329,200,153,353,
21330,195,177,372,
21333,230,168,398,
21334,30,29,59,
21335,196,181,377,
21336,194,149,343,
21337,204,166,370,
21339,161,153,314,
21340,215,167,382,
21341,236,173,409,
21342,202,167,369,
21343,196,174,370,
21344,234,155,389,
21345,207,166,373,
21346,223,149,372,
21347,203,150,353,
21348,227,184,411,
21349,217,150,367,
21350,190,174,364,
21351,199,159,358,
21352,227,167,394,
21353,221,158,379,
21354,205,176,381,
21355,186,146,332,
21357,208,167,375,
21358,215,184,399,
21359,219,153,372,
21360,224,176,400,
21362,235,174,409,
21364,221,162,383,
21365,209,164,373,
21367,201,165,366,
21368,195,153,348,
21369,193,167,360,
21370,180,175,355,
21371,198,185,383,
21372,214,191,405,
21373,212,183,395,
21375,204,155,359,
21376,212,146,358,
21377,192,180,372,
21378,228,165,393,
21379,192,157,349,
21380,213,153,366,
21381,219,178,397,
21382,207,175,382,
21385,176,150,326,
21387,203,153,356,
21388,204,148,352,
21389,207,152,359,
21390,215,185,400,
21391,199,157,356,
21392,33,24,57,
21393,211,190,401,
21394,206,154,360,
21395,224,160,384,
21396,197,179,376,
21397,236,156,392,
21398,212,143,355,
21399,195,147,342,
21400,195,175,370,
21402,220,175,395,
21403,205,156,361,
21404,243,185,428,
21405,220,149,369,
21406,226,161,387,
21407,215,163,378,
21408,211,171,382,
21409,220,154,374,
21410,222,166,388,
21411,207,171,378,
21412,236,136,372,
21413,210,172,382,
21415,179,173,352,
21416,220,153,373,
21417,212,183,395,
21418,220,164,384,
21419,204,163,367,
21420,187,166,353,
21421,219,177,396,
21422,218,189,407,
21423,218,187,405,
21424,202,149,351,
21425,221,184,405,
21426,203,156,359,
21427,185,142,327,
21428,154,121,275,
21429,217,171,388,
21430,219,165,384,
21431,224,163,387,
21432,209,170,379,
21433,195,169,364,
21434,204,169,373,
21435,196,181,377,
21437,230,175,405,
21439,199,156,355,
21441,212,166,378,
21443,219,181,400,
21445,225,139,364,
21446,201,179,380,
21449,203,161,364,
21450,209,154,363,
21451,203,176,379,
21452,207,174,381,
21453,218,148,366,
21454,206,179,385,
21455,208,155,363,
21456,38,25,63,
21458,222,168,390,
21459,196,180,376,
21460,220,152,372,
21461,213,162,375,
21462,227,161,388,
21463,193,173,366,
21464,223,162,385,
21465,195,159,354,
21466,204,177,381,
21467,201,172,373,
21468,219,129,348,
21469,223,168,391,
21470,211,144,355,
21471,208,151,359,
21473,191,182,373,
21475,196,179,375,
21476,223,163,386,
21477,29,26,55,
21478,200,133,333,
21479,206,185,391,
21481,199,192,391,
21482,216,147,363,
21483,236,177,413,
21484,47,34,81,
21485,188,128,316,
21486,209,166,375,
21487,181,169,350,
21488,229,160,389,
21489,198,151,349,
21490,195,169,364,
21491,192,136,328,
21492,188,193,381,
21493,209,166,375,
21495,195,196,391,
21497,103,103,206,
21498,206,168,374,
21499,30,20,50,
21500,228,191,419,
21501,185,145,330,
21503,196,176,372,
21504,206,156,362,
21505,205,176,381,
21506,202,167,369,
21507,205,177,382,
21508,18,20,38,
21509,216,161,377,
21510,213,163,376,
21512,202,155,357,
21514,220,176,396,
21517,206,184,390,
21518,239,155,394,
21519,218,168,386,
21520,220,183,403,
21521,202,168,370,
21523,193,161,354,
21524,201,146,347,
21526,231,162,393,
21527,202,150,352,
21529,225,151,376,
21530,223,165,388,
21531,228,161,389,
21532,219,186,405,
21534,200,186,386,
21535,217,174,391,
21536,213,180,393,
21537,195,144,339,
21539,164,159,323,
21540,191,162,353,
21541,179,157,336,
21542,221,169,390,
21543,179,148,327,
21544,209,147,356,
21545,184,170,354,
21546,226,150,376,
21548,210,161,371,
21550,190,178,368,
21551,196,189,385,
21552,196,188,384,
21553,189,169,358,
21554,194,172,366,
21555,216,164,380,
21556,194,156,350,
21557,194,184,378,
21558,221,141,362,
21559,217,173,390,
21560,220,168,388,
21562,217,184,401,
21564,189,171,360,
21565,228,181,409,
21567,223,199,422,
21568,224,205,429,
21569,217,168,385,
21570,217,162,379,
21571,209,148,357,
21573,212,162,374,
21574,228,172,400,
21575,221,167,388,
21577,258,149,407,
21579,199,154,353,
21580,167,174,341,
21581,225,173,398,
21583,235,164,399,
21584,207,152,359,
21585,218,168,386,
21586,207,166,373,
21589,207,185,392,
21590,206,176,382,
21591,174,160,334,
21592,206,155,361,
21593,198,170,368,
21594,217,195,412,
21596,216,160,376,
21598,116,72,188,
21600,192,148,340,
21601,176,145,321,
21602,208,150,358,
21603,201,146,347,
21604,181,174,355,
21605,185,153,338,
21606,233,166,399,
21607,203,162,365,
21609,226,166,392,
21610,211,164,375,
21613,210,175,385,
21614,224,174,398,
21615,197,150,347,
21616,231,151,382,
21617,173,123,296,
21618,209,165,374,
21619,206,172,378,
21620,198,167,365,
21621,226,155,381,
21623,220,148,368,
21624,194,176,370,
21625,193,189,382,
21626,210,165,375,
21627,245,182,427,
21629,184,152,336,
21631,213,168,381,
21632,219,170,389,
21633,206,189,395,
21634,234,169,403,
21636,194,167,361,
21638,181,192,373,
21639,228,170,398,
21640,202,170,372,
21641,226,151,377,
21642,201,163,364,
21643,222,175,397,
21644,12,13,25,
21645,200,152,352,
21646,211,154,365,
21649,204,165,369,
21650,199,135,334,
21651,181,182,363,
21652,31,23,54,
21653,200,165,365,
21654,181,152,333,
21655,212,153,365,
21656,204,175,379,
21657,202,158,360,
21658,187,164,351,
21659,203,161,364,
21660,228,164,392,
21662,192,155,347,
21663,212,152,364,
21665,191,174,365,
21666,208,163,371,
21667,221,165,386,
21668,192,150,342,
21669,209,190,399,
21670,250,169,419,
21671,231,180,411,
21672,200,140,340,
21673,38,24,62,
21674,232,196,428,
21675,222,168,390,
21676,212,164,376,
21677,241,160,401,
21678,197,168,365,
21681,207,182,389,
21682,203,164,367,
21683,206,150,356,
21684,230,169,399,
21687,211,162,373,
21689,201,152,353,
21692,214,143,357,
21694,217,152,369,
21695,196,183,379,
21696,192,146,338,
21697,218,172,390,
21698,190,167,357,
21700,198,151,349,
21701,194,170,364,
21702,210,156,366,
21703,177,163,340,
21704,206,166,372,
21705,224,158,382,
21707,224,146,370,
21708,188,121,309,
21710,210,172,382,
21711,195,172,367,
21712,175,151,326,
21713,28,26,54,
21715,189,162,351,
21716,190,174,364,
21717,214,179,393,
21718,191,175,366,
21719,204,177,381,
21720,203,151,354,
21721,207,175,382,
21724,219,179,398,
21725,215,182,397,
21727,226,146,372,
21728,220,165,385,
21730,211,177,388,
21731,180,156,336,
21732,31,30,61,
21733,211,170,381,
21734,225,159,384,
21735,212,153,365,
21736,200,178,378,
21737,191,153,344,
21738,204,159,363,
21739,215,136,351,
21740,213,195,408,
21742,229,197,426,
21743,191,148,339,
21744,214,147,361,
21746,203,181,384,
21747,196,195,391,
21748,236,173,409,
21749,220,148,368,
21750,178,159,337,
21751,230,172,402,
21752,221,151,372,
21754,207,155,362,
21755,4,6,10,
21756,215,163,378,
21758,195,171,366,
21759,201,158,359,
21762,193,180,373,
21763,191,176,367,
21764,216,134,350,
21766,200,163,363,
21768,220,166,386,
21769,207,174,381,
21771,27,21,48,
21772,216,162,378,
21774,189,167,356,
21775,218,165,383,
21776,196,166,362,
21777,244,163,407,
21778,185,165,350,
21781,238,138,376,
21782,216,179,395,
21783,151,102,253,
21784,184,161,345,
21785,167,122,289,
21786,234,167,401,
21788,34,28,62,
21789,218,168,386,
21790,188,152,340,
21791,213,156,369,
21792,213,165,378,
21795,196,181,377,
21796,208,197,405,
21797,186,184,370,
21800,37,12,49,
21802,217,181,398,
21803,221,161,382,
21805,194,167,361,
21806,217,171,388,
21807,201,151,352,
21808,214,154,368,
21809,191,164,355,
21812,214,162,376,
21814,193,139,332,
21815,173,167,340,
21816,224,166,390,
21817,205,166,371,
21818,217,196,413,
21819,210,177,387,
21820,210,123,333,
21821,217,160,377,
21822,197,156,353,
21824,191,155,346,
21825,220,163,383,
21826,223,160,383,
21827,195,172,367,
21828,220,165,385,
21829,218,169,387,
21830,220,158,378,
21831,220,176,396,
21832,158,146,304,
21833,179,197,376,
21834,212,166,378,
21836,200,153,353,
21839,195,170,365,
21841,228,144,372,
21842,213,166,379,
21843,215,144,359,
21845,132,125,257,
21846,27,27,54,
21847,224,158,382,
21849,200,135,335,
21850,190,169,359,
21852,212,158,370,
21853,202,181,383,
21854,197,176,373,
21857,44,39,83,
21858,228,172,400,
21861,213,160,373,
21862,209,152,361,
21863,211,165,376,
21864,210,165,375,
21865,227,174,401,
21866,27,15,42,
21867,193,148,341,
21868,212,159,371,
21869,214,175,389,
21870,2,1,3,
21871,187,135,322,
21872,239,160,399,
21873,221,142,363,
21875,216,163,379,
21877,205,185,390,
21879,213,157,370,
21880,210,153,363,
21881,205,180,385,
21882,172,124,296,
21883,206,139,345,
21884,200,148,348,
21885,217,194,411,
21886,231,155,386,
21887,217,167,384,
21888,216,164,380,
21889,196,161,357,
21890,232,170,402,
21891,221,159,380,
21893,198,160,358,
21894,214,161,375,
21895,219,163,382,
21899,220,173,393,
21900,200,165,365,
21901,199,133,332,
21902,216,169,385,
21903,195,180,375,
21905,220,136,356,
21906,217,152,369,
21907,225,165,390,
21908,181,154,335,
21909,210,159,369,
21910,166,126,292,
21912,26,19,45,
21913,202,164,366,
21916,214,172,386,
21918,183,161,344,
21919,188,148,336,
21921,210,165,375,
21922,202,190,392,
21923,180,157,337,
21924,247,142,389,
21925,188,153,341,
21926,225,164,389,
21927,212,169,381,
21929,223,161,384,
21931,190,163,353,
21932,219,173,392,
21933,220,178,398,
21934,189,186,375,
21937,235,172,407,
21938,209,149,358,
21939,225,157,382,
21941,200,175,375,
21942,202,166,368,
21944,193,141,334,
21945,196,173,369,
21946,17,18,35,
21947,208,151,359,
21948,221,167,388,
21949,204,169,373,
21951,201,136,337,
21952,215,149,364,
21953,32,19,51,
21954,217,151,368,
21955,222,165,387,
21956,209,162,371,
21957,229,176,405,
21958,208,162,370,
21960,217,172,389,
21961,214,168,382,
21962,239,168,407,
21963,18,17,35,
21964,198,179,377,
21965,203,152,355,
21967,210,184,394,
21968,219,167,386,
21969,25,20,45,
21970,240,166,406,
21971,242,134,376,
21972,226,159,385,
21974,223,172,395,
21975,216,165,381,
21976,195,176,371,
21977,215,157,372,
21978,177,141,318,
21980,206,159,365,
21981,166,198,364,
21982,198,174,372,
21983,224,176,400,
21985,194,147,341,
21986,209,145,354,
21987,5,2,7,
21988,191,169,360,
21989,192,158,350,
21990,206,194,400,
21991,241,170,411,
21992,191,163,354,
21993,210,173,383,
21995,218,167,385,
21996,49,28,77,
21997,177,158,335,
21998,188,180,368,
22002,185,156,341,
22003,195,168,363,
22005,204,161,365,
22006,20,36,56,
22009,12,5,17,
22010,197,193,390,
22012,191,163,354,
22013,228,173,401,
22014,227,176,403,
22015,200,180,380,
22016,203,163,366,
22017,204,166,370,
22019,206,149,355,
22020,183,183,366,
22022,199,155,354,
22023,182,141,323,
22024,218,193,411,
22025,44,32,76,
22026,222,192,414,
22027,222,139,361,
22028,215,148,363,
22029,232,151,383,
22030,217,164,381,
22034,230,179,409,
22036,160,145,305,
22037,199,173,372,
22038,214,186,400,
22039,208,166,374,
22040,41,48,89,
22041,212,147,359,
22042,204,150,354,
22043,231,149,380,
22044,203,180,383,
22045,207,166,373,
22046,186,138,324,
22048,232,161,393,
22050,180,158,338,
22053,186,192,378,
22054,200,174,374,
22055,201,157,358,
22057,216,138,354,
22058,198,155,353,
22059,226,141,367,
22062,224,150,374,
22063,199,158,357,
22064,198,146,344,
22066,149,142,291,
22067,231,158,389,
22068,205,150,355,
22069,208,141,349,
22070,187,175,362,
22074,205,160,365,
22075,233,179,412,
22076,237,167,404,
22078,194,169,363,
22079,194,169,363,
22080,157,130,287,
22081,199,166,365,
22082,220,174,394,
22084,217,153,370,
22086,215,193,408,
22087,238,166,404,
22088,203,151,354,
22089,230,171,401,
22090,186,189,375,
22091,213,166,379,
22093,201,153,354,
22094,213,169,382,
22095,224,162,386,
22096,24,15,39,
22097,224,174,398,
22098,232,203,435,
22099,209,173,382,
22100,206,139,345,
22101,180,177,357,
22102,200,192,392,
22104,233,149,382,
22105,239,156,395,
22106,225,181,406,
22107,178,166,344,
22108,72,46,118,
22109,221,174,395,
22110,218,166,384,
22113,192,178,370,
22115,229,175,404,
22116,209,145,354,
22117,244,168,412,
22118,215,176,391,
22119,205,169,374,
22120,164,179,343,
22121,221,140,361,
22122,209,157,366,
22123,217,153,370,
22124,199,175,374,
22125,205,158,363,
22128,226,156,382,
22129,213,175,388,
22132,208,144,352,
22134,209,158,367,
22135,187,181,368,
22136,214,178,392,
22137,222,164,386,
22138,218,166,384,
22140,214,165,379,
22141,188,160,348,
22142,204,142,346,
22144,206,164,370,
22146,244,167,411,
22147,210,182,392,
22151,201,159,360,
22152,184,130,314,
22155,216,168,384,
22156,223,188,411,
22157,224,181,405,
22158,137,152,289,
22159,71,56,127,
22160,229,180,409,
22161,222,171,393,
22162,224,158,382,
22163,177,148,325,
22164,219,183,402,
22166,182,149,331,
22167,203,143,346,
22168,217,172,389,
22169,201,175,376,
22171,195,141,336,
22172,199,157,356,
22173,201,163,364,
22174,218,170,388,
22175,199,185,384,
22176,207,147,354,
22177,214,184,398,
22179,204,176,380,
22181,190,163,353,
22182,206,148,354,
22183,207,163,370,
22184,207,156,363,
22186,189,138,327,
22187,232,138,370,
22189,199,142,341,
22190,204,172,376,
22191,206,140,346,
22192,201,183,384,
22193,197,158,355,
22196,218,174,392,
22197,209,157,366,
22198,203,138,341,
22199,198,151,349,
22200,15,9,24,
22203,202,169,371,
22204,211,181,392,
22205,211,179,390,
22206,209,149,358,
22207,223,143,366,
22208,219,183,402,
22210,222,148,370,
22211,166,112,278,
22212,198,181,379,
22214,212,144,356,
22215,214,170,384,
22216,217,142,359,
22217,177,171,348,
22218,219,164,383,
22221,203,170,373,
22223,202,167,369,
22224,202,163,365,
22225,233,172,405,
22226,225,170,395,
22227,214,166,380,
22229,206,169,375,
22230,214,163,377,
22231,247,152,399,
22233,225,181,406,
22234,249,171,420,
22236,206,161,367,
22237,169,154,323,
22238,201,151,352,
22239,206,170,376,
22240,199,165,364,
22241,216,161,377,
22243,232,180,412,
22244,218,166,384,
22245,220,180,400,
22246,220,166,386,
22248,241,167,408,
22249,196,164,360,
22250,197,176,373,
22252,194,187,381,
22254,197,171,368,
22255,235,156,391,
22256,198,157,355,
22257,202,158,360,
22259,213,185,398,
22260,213,192,405,
22263,222,173,395,
22264,206,153,359,
22265,202,155,357,
22267,200,170,370,
22269,218,175,393,
22270,198,134,332,
22272,186,176,362,
22273,195,181,376,
22275,186,159,345,
22276,215,176,391,
22277,198,176,374,
22278,206,160,366,
22279,198,158,356,
22280,209,196,405,
22281,168,152,320,
22282,208,197,405,
22283,242,166,408,
22284,214,160,374,
22285,208,148,356,
22287,210,183,393,
22289,189,185,374,
22291,232,158,390,
22292,207,187,394,
22293,64,48,112,
22294,203,145,348,
22296,214,136,350,
22298,224,183,407,
22300,210,172,382,
22301,167,174,341,
22303,213,149,362,
22304,211,185,396,
22305,207,146,353,
22306,217,161,378,
22308,199,153,352,
22309,226,166,392,
22310,209,156,365,
22311,197,160,357,
22312,215,143,358,
22313,214,176,390,
22316,186,197,383,
22317,202,161,363,
22319,218,177,395,
22320,233,165,398,
22322,222,172,394,
22325,200,143,343,
22326,35,22,57,
22327,213,151,364,
22328,25,30,55,
22330,216,157,373,
22332,221,148,369,
22333,208,150,358,
22334,195,184,379,
22336,204,160,364,
22337,197,156,353,
22338,206,195,401,
22340,205,181,386,
22341,204,159,363,
22342,199,179,378,
22343,196,156,352,
22346,217,177,394,
22347,200,147,347,
22348,219,149,368,
22349,234,157,391,
22351,186,188,374,
22353,194,170,364,
22355,211,186,397,
22356,197,170,367,
22357,204,160,364,
22358,206,148,354,
22359,224,128,352,
22360,213,161,374,
22362,195,138,333,
22363,188,142,330,
22364,238,153,391,
22365,207,161,368,
22366,190,149,339,
22367,205,172,377,
22368,210,156,366,
22369,223,154,377,
22370,213,169,382,
22371,198,165,363,
22372,207,171,378,
22374,178,174,352,
22375,238,171,409,
22377,194,166,360,
22380,226,159,385,
22381,212,176,388,
22382,186,157,343,
22383,210,195,405,
22386,205,162,367,
22387,190,172,362,
22388,221,189,410,
22389,187,165,352,
22390,189,153,342,
22391,216,155,371,
22393,214,144,358,
22394,209,171,380,
22395,222,176,398,
22397,198,141,339,
22398,202,176,378,
22401,215,162,377,
22402,208,154,362,
22403,195,165,360,
22404,220,162,382,
22405,230,160,390,
22408,192,177,369,
22411,211,166,377,
22412,202,155,357,
22413,209,153,362,
22414,212,160,372,
22415,195,168,363,
22416,189,159,348,
22418,221,176,397,
22420,190,135,325,
22422,224,154,378,
22423,199,165,364,
22424,221,143,364,
22425,217,167,384,
22427,182,176,358,
22428,190,148,338,
22429,235,166,401,
22430,183,157,340,
22432,175,163,338,
22433,220,172,392,
22434,223,182,405,
22435,207,154,361,
22436,193,151,344,
22437,203,170,373,
22438,201,154,355,
22439,220,146,366,
22442,215,164,379,
22445,221,178,399,
22446,184,163,347,
22449,211,150,361,
22450,218,171,389,
22451,215,169,384,
22452,211,136,347,
22453,196,170,366,
22455,194,159,353,
22456,228,152,380,
22457,204,164,368,
22458,208,156,364,
22459,195,153,348,
22460,201,173,374,
22461,197,167,364,
22462,218,157,375,
22464,221,148,369,
22465,3,1,4,
22467,194,159,353,
22468,239,158,397,
22472,195,156,351,
22473,237,171,408,
22474,206,172,378,
22475,186,122,308,
22476,190,163,353,
22478,37,25,62,
22479,214,158,372,
22481,183,180,363,
22482,216,157,373,
22483,199,158,357,
22484,209,150,359,
22485,191,166,357,
22486,203,158,361,
22487,171,141,312,
22488,208,170,378,
22490,212,173,385,
22491,31,25,56,
22493,214,165,379,
22495,204,182,386,
22496,181,149,330,
22497,204,171,375,
22499,193,160,353,
22500,212,166,378,
22502,224,174,398,
22503,179,178,357,
22504,224,173,397,
22505,211,157,368,
22506,216,164,380,
22507,230,174,404,
22508,189,148,337,
22509,204,164,368,
22510,188,150,338,
22511,38,22,60,
22512,192,176,368,
22513,233,158,391,
22514,200,163,363,
22515,188,161,349,
22516,209,153,362,
22518,176,141,317,
22520,206,167,373,
22521,236,159,395,
22522,220,174,394,
22523,178,153,331,
22524,222,170,392,
22526,197,181,378,
22528,201,172,373,
22529,201,186,387,
22530,216,150,366,
22531,195,178,373,
22532,218,155,373,
22533,204,143,347,
22534,36,18,54,
22536,226,157,383,
22538,198,187,385,
22539,224,194,418,
22540,232,162,394,
22541,220,182,402,
22542,200,141,341,
22544,221,189,410,
22545,220,170,390,
22546,176,181,357,
22547,216,161,377,
22548,142,100,242,
22549,186,140,326,
22551,219,187,406,
22552,204,148,352,
22553,226,175,401,
22554,210,173,383,
22556,207,180,387,
22557,21,13,34,
22561,37,32,69,
22562,220,176,396,
22563,225,162,387,
22564,217,173,390,
22565,194,155,349,
22566,231,159,390,
22567,179,145,324,
22568,198,164,362,
22571,214,183,397,
22572,123,120,243,
22573,224,162,386,
22574,217,169,386,
22575,213,174,387,
22576,228,162,390,
22577,221,173,394,
22578,217,169,386,
22579,39,31,70,
22580,262,151,413,
22582,221,172,393,
22583,198,175,373,
22584,229,181,410,
22585,199,165,364,
22587,196,164,360,
22588,218,121,339,
22589,195,171,366,
22590,231,175,406,
22592,238,166,404,
22593,207,164,371,
22594,29,29,58,
22595,207,161,368,
22596,234,185,419,
22597,201,168,369,
22598,217,169,386,
22599,196,129,325,
22600,220,149,369,
22601,217,168,385,
22602,191,159,350,
22603,216,144,360,
22604,201,164,365,
22605,208,154,362,
22606,206,187,393,
22607,191,152,343,
22609,213,163,376,
22610,172,173,345,
22612,248,162,410,
22613,219,157,376,
22615,200,167,367,
22616,199,156,355,
22617,201,162,363,
22618,208,176,384,
22619,235,148,383,
22620,188,149,337,
22621,207,155,362,
22622,224,183,407,
22623,207,154,361,
22624,209,167,376,
22626,196,173,369,
22627,197,184,381,
22628,232,170,402,
22630,208,137,345,
22631,228,169,397,
22633,203,161,364,
22634,231,181,412,
22636,31,16,47,
22637,211,166,377,
22638,221,155,376,
22639,193,179,372,
22640,39,28,67,
22642,188,164,352,
22643,212,132,344,
22644,228,177,405,
22645,208,171,379,
22647,195,157,352,
22648,224,175,399,
22649,213,181,394,
22650,221,155,376,
22651,204,172,376,
22652,204,151,355,
22653,217,175,392,
22655,166,168,334,
22657,224,173,397,
22658,190,146,336,
22660,222,173,395,
22661,202,181,383,
22662,234,170,404,
22663,226,175,401,
22664,213,162,375,
22665,199,174,373,
22666,209,175,384,
22667,206,160,366,
22668,188,180,368,
22669,29,19,48,
22671,210,168,378,
22672,208,179,387,
22673,227,159,386,
22674,200,175,375,
22676,32,25,57,
22678,181,169,350,
22681,204,168,372,
22682,212,145,357,
22685,242,126,368,
22686,206,174,380,
22687,34,42,76,
22688,196,166,362,
22689,211,173,384,
22690,212,160,372,
22691,214,181,395,
22692,176,145,321,
22694,205,151,356,
22695,215,168,383,
22696,218,166,384,
22697,197,171,368,
22698,210,181,391,
22699,36,31,67,
22700,204,153,357,
22701,203,172,375,
22702,211,180,391,
22703,236,167,403,
22704,51,48,99,
22705,4,7,11,
22707,217,163,380,
22708,175,173,348,
22710,200,176,376,
22711,244,159,403,
22712,36,23,59,
22714,215,166,381,
22716,200,180,380,
22718,199,176,375,
22719,36,17,53,
22720,224,170,394,
22721,208,160,368,
22724,181,185,366,
22725,240,160,400,
22726,209,159,368,
22727,184,160,344,
22728,36,27,63,
22730,210,166,376,
22731,211,174,385,
22732,203,167,370,
22733,205,170,375,
22734,232,159,391,
22735,203,159,362,
22736,203,158,361,
22737,209,174,383,
22738,204,186,390,
22739,163,98,261,
22741,219,169,388,
22743,221,199,420,
22744,170,168,338,
22745,218,162,380,
22748,237,186,423,
22750,199,157,356,
22751,213,164,377,
22752,204,156,360,
22753,186,182,368,
22755,207,167,374,
22756,215,195,410,
22759,196,166,362,
22760,207,149,356,
22761,199,181,380,
22762,208,187,395,
22763,197,172,369,
22764,171,143,314,
22765,6,8,14,
22766,214,174,388,
22769,195,171,366,
22770,210,197,407,
22772,199,159,358,
22773,199,155,354,
22776,211,159,370,
22777,180,160,340,
22778,204,174,378,
22779,209,170,379,
22780,234,185,419,
22781,220,168,388,
22782,208,171,379,
22783,206,176,382,
22784,183,134,317,
22785,245,179,424,
22786,217,158,375,
22787,203,181,384,
22789,205,163,368,
22790,244,166,410,
22791,213,177,390,
22792,193,162,355,
22795,199,171,370,
22796,175,130,305,
22797,200,180,380,
22798,215,167,382,
22799,186,163,349,
22801,171,190,361,
22805,224,164,388,
22806,180,158,338,
22808,20,19,39,
22811,210,164,374,
22812,213,151,364,
22813,221,166,387,
22816,220,134,354,
22817,190,177,367,
22818,201,149,350,
22819,146,127,273,
22821,28,30,58,
22823,53,28,81,
22825,224,161,385,
22826,185,171,356,
22827,195,163,358,
22828,228,164,392,
22831,220,165,385,
22832,200,144,344,
22834,196,163,359,
22835,197,180,377,
22836,203,181,384,
22837,188,176,364,
22838,219,154,373,
22839,209,163,372,
22841,222,178,400,
22842,192,172,364,
22843,220,173,393,
22844,192,169,361,
22846,241,141,382,
22847,180,168,348,
22848,200,166,366,
22849,230,170,400,
22850,183,153,336,
22851,175,162,337,
22852,208,192,400,
22853,198,173,371,
22855,177,91,268,
22856,222,188,410,
22857,221,151,372,
22858,187,142,329,
22859,109,95,204,
22862,177,189,366,
22863,205,149,354,
22864,199,165,364,
22865,30,22,52,
22866,228,167,395,
22867,237,163,400,
22868,208,174,382,
22870,189,183,372,
22871,2,1,3,
22872,196,163,359,
22873,200,145,345,
22874,5,2,7,
22875,208,161,369,
22876,211,156,367,
22877,210,186,396,
22878,214,161,375,
22879,210,168,378,
22880,191,169,360,
22882,211,171,382,
22883,225,148,373,
22884,231,163,394,
22885,214,193,407,
22886,235,170,405,
22887,24,17,41,
22889,167,154,321,
22890,223,161,384,
22891,192,178,370,
22892,181,166,347,
22893,214,168,382,
22894,195,172,367,
22896,231,147,378,
22897,207,151,358,
22898,233,169,402,
22899,211,148,359,
22901,220,143,363,
22903,203,156,359,
22904,15,19,34,
22906,202,178,380,
22907,214,178,392,
22908,242,171,413,
22909,186,134,320,
22910,225,174,399,
22911,213,173,386,
22913,195,149,344,
22915,207,172,379,
22917,195,148,343,
22918,227,168,395,
22920,227,148,375,
22921,224,160,384,
22922,188,176,364,
22923,183,158,341,
22926,232,163,395,
22927,192,173,365,
22929,184,119,303,
22930,192,174,366,
22931,229,164,393,
22933,200,143,343,
22935,239,178,417,
22936,40,26,66,
22937,175,155,330,
22939,181,163,344,
22940,206,166,372,
22941,217,173,390,
22942,208,171,379,
22943,225,183,408,
22944,230,181,411,
22945,232,165,397,
22947,226,151,377,
22949,185,166,351,
22950,200,145,345,
22951,213,169,382,
22953,204,177,381,
22954,210,184,394,
22955,231,164,395,
22956,213,178,391,
22958,13,10,23,
22959,233,163,396,
22961,211,151,362,
22964,223,153,376,
22966,197,185,382,
22967,214,171,385,
22968,205,145,350,
22969,221,177,398,
22970,194,146,340,
22972,231,163,394,
22973,214,158,372,
22975,207,147,354,
22976,207,178,385,
22978,211,167,378,
22979,222,163,385,
22980,204,166,370,
22981,218,169,387,
22982,236,157,393,
22983,218,169,387,
22984,180,182,362,
22986,204,144,348,
22988,239,155,394,
22989,192,208,400,
22990,205,145,350,
22991,195,157,352,
22993,225,188,413,
22994,211,170,381,
22999,204,171,375,
23000,241,153,394,
23001,224,178,402,
23003,240,173,413,
23006,226,164,390,
23007,216,193,409,
23008,215,177,392,
23009,188,147,335,
23010,222,179,401,
23011,211,165,376,
23012,214,177,391,
23014,220,169,389,
23015,188,179,367,
23017,153,83,236,
23018,201,180,381,
23019,226,167,393,
23021,213,151,364,
23022,228,165,393,
23023,219,153,372,
23024,227,179,406,
23025,200,154,354,
23026,208,168,376,
23027,194,150,344,
23028,213,164,377,
23032,194,127,321,
23033,187,150,337,
23035,212,158,370,
23036,210,166,376,
23038,167,183,350,
23039,177,121,298,
23041,216,196,412,
23042,201,172,373,
23043,228,159,387,
23045,25,17,42,
23047,203,179,382,
23048,226,176,402,
23049,198,155,353,
23050,27,33,60,
23052,205,147,352,
23053,196,182,378,
23056,211,167,378,
23057,193,170,363,
23058,217,193,410,
23059,226,158,384,
23060,215,172,387,
23061,201,157,358,
23062,208,172,380,
23063,197,142,339,
23064,226,174,400,
23065,31,21,52,
23067,205,190,395,
23068,225,176,401,
23069,220,161,381,
23071,202,168,370,
23072,205,166,371,
23073,189,147,336,
23075,212,184,396,
23076,191,171,362,
23078,216,157,373,
23080,214,174,388,
23081,176,155,331,
23083,228,145,373,
23085,225,157,382,
23086,188,197,385,
23087,34,28,62,
23088,204,154,358,
23089,41,36,77,
23090,219,158,377,
23091,217,196,413,
23093,218,154,372,
23094,219,176,395,
23097,205,156,361,
23098,193,147,340,
23101,218,156,374,
23103,206,164,370,
23104,208,171,379,
23105,196,176,372,
23106,206,172,378,
23107,212,145,357,
23109,227,169,396,
23110,222,153,375,
23111,237,157,394,
23112,238,184,422,
23113,207,166,373,
23114,221,156,377,
23115,208,178,386,
23116,229,176,405,
23117,209,169,378,
23118,205,167,372,
23119,217,173,390,
23120,226,188,414,
23121,218,173,391,
23123,35,25,60,
23124,208,162,370,
23125,181,156,337,
23126,217,166,383,
23127,213,177,390,
23129,187,157,344,
23130,204,156,360,
23131,201,174,375,
23132,33,40,73,
23133,199,172,371,
23134,204,142,346,
23135,204,162,366,
23136,213,184,397,
23137,22,23,45,
23139,175,162,337,
23140,237,171,408,
23141,209,183,392,
23143,215,165,380,
23144,215,168,383,
23145,207,143,350,
23146,194,159,353,
23148,217,179,396,
23149,209,170,379,
23151,243,187,430,
23154,207,153,360,
23155,225,166,391,
23156,207,161,368,
23159,209,163,372,
23160,224,170,394,
23161,207,164,371,
23162,222,142,364,
23163,137,126,263,
23164,188,143,331,
23165,206,169,375,
23166,202,171,373,
23167,211,178,389,
23169,193,169,362,
23170,214,169,383,
23171,195,172,367,
23172,216,170,386,
23173,204,189,393,
23174,204,169,373,
23175,203,161,364,
23176,214,161,375,
23177,215,176,391,
23179,231,158,389,
23180,208,185,393,
23181,246,181,427,
23182,217,173,390,
23183,232,156,388,
23185,204,145,349,
23187,184,117,301,
23188,207,158,365,
23189,171,146,317,
23190,187,139,326,
23191,206,159,365,
23192,158,131,289,
23193,229,174,403,
23194,206,172,378,
23195,181,154,335,
23196,212,154,366,
23198,198,165,363,
23199,184,127,311,
23202,217,157,374,
23203,233,171,404,
23204,217,169,386,
23205,208,181,389,
23206,222,156,378,
23207,268,135,403,
23208,247,170,417,
23209,236,158,394,
23210,196,169,365,
23211,219,156,375,
23212,13,13,26,
23213,199,128,327,
23214,197,164,361,
23216,238,170,408,
23217,187,158,345,
23218,194,157,351,
23221,227,148,375,
23223,40,35,75,
23224,171,199,370,
23225,208,155,363,
23226,228,186,414,
23227,221,165,386,
23228,198,163,361,
23229,35,16,51,
23230,24,24,48,
23231,208,181,389,
23232,199,179,378,
23233,224,154,378,
23234,187,185,372,
23235,213,173,386,
23236,215,173,388,
23237,4,3,7,
23238,216,173,389,
23239,225,166,391,
23240,202,173,375,
23241,221,175,396,
23242,193,184,377,
23243,203,168,371,
23244,212,183,395,
23246,50,28,78,
23248,194,181,375,
23249,231,158,389,
23250,212,157,369,
23251,223,165,388,
23252,220,143,363,
23253,188,165,353,
23254,192,165,357,
23255,9,9,18,
23256,232,167,399,
23257,206,171,377,
23258,219,164,383,
23259,204,147,351,
23261,182,172,354,
23262,213,166,379,
23265,210,183,393,
23266,210,152,362,
23267,191,153,344,
23268,212,184,396,
23269,234,160,394,
23270,209,164,373,
23272,232,167,399,
23274,211,139,350,
23275,201,171,372,
23276,204,155,359,
23277,217,161,378,
23280,207,170,377,
23281,229,167,396,
23282,202,169,371,
23283,216,158,374,
23284,32,38,70,
23285,227,167,394,
23286,171,176,347,
23287,209,173,382,
23288,233,153,386,
23289,205,167,372,
23290,200,169,369,
23291,192,163,355,
23292,217,170,387,
23293,228,136,364,
23294,225,161,386,
23295,214,146,360,
23296,13,5,18,
23297,188,152,340,
23298,209,205,414,
23299,165,120,285,
23300,208,174,382,
23302,213,174,387,
23303,197,175,372,
23305,194,197,391,
23306,208,157,365,
23307,216,162,378,
23308,210,156,366,
23309,199,148,347,
23310,213,141,354,
23311,167,154,321,
23312,213,159,372,
23313,189,158,347,
23314,206,162,368,
23315,237,143,380,
23316,171,129,300,
23318,15,8,23,
23319,235,175,410,
23320,213,165,378,
23321,181,161,342,
23323,215,186,401,
23324,218,159,377,
23325,227,151,378,
23327,221,185,406,
23328,210,136,346,
23330,208,167,375,
23331,227,162,389,
23333,198,139,337,
23337,198,160,358,
23338,208,135,343,
23341,193,152,345,
23342,195,160,355,
23343,196,175,371,
23344,226,154,380,
23345,213,148,361,
23346,215,175,390,
23348,169,137,306,
23349,211,157,368,
23350,215,167,382,
23351,215,162,377,
23352,187,144,331,
23353,226,147,373,
23354,240,151,391,
23355,209,166,375,
23357,39,28,67,
23358,201,172,373,
23360,193,185,378,
23361,196,182,378,
23362,202,165,367,
23363,193,178,371,
23364,192,149,341,
23366,223,157,380,
23367,216,157,373,
23368,233,151,384,
23369,37,29,66,
23375,206,159,365,
23378,206,168,374,
23379,181,145,326,
23380,208,170,378,
23381,222,177,399,
23382,229,183,412,
23383,221,187,408,
23384,133,112,245,
23385,30,25,55,
23386,210,152,362,
23387,191,179,370,
23388,223,167,390,
23389,238,169,407,
23390,202,187,389,
23391,215,177,392,
23392,198,175,373,
23394,209,164,373,
23395,192,157,349,
23396,22,24,46,
23398,195,127,322,
23399,185,171,356,
23401,212,145,357,
23403,228,174,402,
23404,217,184,401,
23405,180,147,327,
23406,225,147,372,
23407,218,185,403,
23408,241,169,410,
23409,232,146,378,
23410,25,17,42,
23411,1,2,3,
23412,5,4,9,
23413,224,150,374,
23414,214,168,382,
23416,219,174,393,
23418,184,163,347,
23419,196,184,380,
23421,13,10,23,
23422,219,146,365,
23423,213,180,393,
23424,201,170,371,
23425,215,164,379,
23426,229,156,385,
23428,233,154,387,
23430,199,168,367,
23431,196,158,354,
23432,28,11,39,
23433,191,159,350,
23434,214,164,378,
23435,216,161,377,
23436,203,170,373,
23438,157,198,355,
23439,195,143,338,
23440,208,192,400,
23441,24,28,52,
23442,171,157,328,
23444,206,149,355,
23448,237,150,387,
23449,182,177,359,
23450,203,171,374,
23451,215,144,359,
23452,221,167,388,
23453,252,177,429,
23454,198,153,351,
23455,208,153,361,
23456,194,152,346,
23457,227,181,408,
23460,233,154,387,
23461,236,187,423,
23463,211,173,384,
23464,218,169,387,
23465,193,158,351,
23466,181,155,336,
23468,204,188,392,
23469,189,158,347,
23470,209,172,381,
23471,179,157,336,
23472,228,183,411,
23473,218,171,389,
23474,185,175,360,
23475,216,164,380,
23477,216,151,367,
23478,222,165,387,
23480,212,177,389,
23481,222,178,400,
23483,229,165,394,
23484,223,151,374,
23486,203,158,361,
23487,215,166,381,
23489,201,177,378,
23491,222,155,377,
23492,178,179,357,
23495,197,169,366,
23496,217,127,344,
23497,161,129,290,
23498,185,165,350,
23500,205,170,375,
23501,27,32,59,
23502,211,147,358,
23503,213,163,376,
23504,177,174,351,
23505,204,146,350,
23506,228,148,376,
23508,203,166,369,
23509,220,150,370,
23510,151,144,295,
23511,214,172,386,
23512,205,159,364,
23515,211,160,371,
23517,214,174,388,
23519,212,186,398,
23520,170,171,341,
23521,192,209,401,
23522,205,152,357,
23523,229,176,405,
23524,212,137,349,
23525,186,177,363,
23526,190,140,330,
23527,28,13,41,
23530,195,143,338,
23533,241,171,412,
23536,198,172,370,
23537,199,165,364,
23538,198,163,361,
23539,192,177,369,
23540,188,165,353,
23541,204,170,374,
23542,213,155,368,
23543,210,203,413,
23544,210,163,373,
23546,224,144,368,
23547,230,177,407,
23548,215,158,373,
23549,240,159,399,
23551,173,170,343,
23553,31,13,44,
23554,219,145,364,
23556,140,107,247,
23558,221,169,390,
23560,238,149,387,
23562,229,163,392,
23563,215,170,385,
23564,218,164,382,
23565,222,159,381,
23567,234,153,387,
23568,184,149,333,
23569,2,3,5,
23570,200,162,362,
23571,224,180,404,
23572,219,143,362,
23573,223,175,398,
23576,213,161,374,
23577,203,172,375,
23579,200,174,374,
23580,234,155,389,
23581,215,172,387,
23582,201,164,365,
23583,192,163,355,
23584,217,199,416,
23585,241,154,395,
23586,212,152,364,
23587,204,155,359,
23588,200,177,377,
23589,40,25,65,
23590,198,174,372,
23591,193,162,355,
23592,210,182,392,
23593,241,146,387,
23594,209,168,377,
23595,212,176,388,
23596,211,180,391,
23597,230,156,386,
23599,181,160,341,
23600,216,164,380,
23601,218,166,384,
23602,227,170,397,
23603,192,170,362,
23604,218,150,368,
23606,245,162,407,
23607,191,215,406,
23610,210,165,375,
23611,217,166,383,
23612,220,152,372,
23613,214,172,386,
23614,207,154,361,
23615,204,175,379,
23616,220,173,393,
23618,209,147,356,
23619,197,163,360,
23621,233,165,398,
23625,217,164,381,
23626,216,160,376,
23627,29,27,56,
23629,189,130,319,
23630,214,179,393,
23632,215,168,383,
23633,216,183,399,
23634,195,183,378,
23635,202,194,396,
23636,223,157,380,
23637,204,180,384,
23642,172,137,309,
23643,175,129,304,
23645,238,159,397,
23646,210,186,396,
23649,194,162,356,
23650,219,179,398,
23651,235,154,389,
23652,218,177,395,
23653,203,153,356,
23654,217,149,366,
23655,194,181,375,
23658,219,128,347,
23659,233,169,402,
23660,219,150,369,
23661,207,156,363,
23662,197,160,357,
23663,230,160,390,
23664,240,152,392,
23665,197,160,357,
23666,207,181,388,
23667,210,151,361,
23668,191,165,356,
23669,211,170,381,
23670,229,177,406,
23671,203,172,375,
23672,181,145,326,
23673,28,11,39,
23674,217,163,380,
23676,207,190,397,
23678,196,137,333,
23679,213,165,378,
23680,126,110,236,
23681,188,176,364,
23682,226,171,397,
23683,213,192,405,
23684,236,163,399,
23685,231,153,384,
23686,186,145,331,
23687,204,150,354,
23689,232,172,404,
23690,202,143,345,
23691,219,183,402,
23692,205,181,386,
23693,224,162,386,
23694,234,164,398,
23695,223,163,386,
23698,235,156,391,
23699,207,162,369,
23700,210,147,357,
23701,193,189,382,
23702,208,162,370,
23703,198,189,387,
23706,223,140,363,
23708,212,162,374,
23709,201,148,349,
23710,204,183,387,
23711,209,157,366,
23712,126,97,223,
23714,199,152,351,
23715,196,153,349,
23716,193,177,370,
23717,204,150,354,
23718,216,166,382,
23719,36,27,63,
23720,196,143,339,
23722,210,156,366,
23723,210,148,358,
23725,186,163,349,
23726,222,153,375,
23728,206,171,377,
23729,238,162,400,
23730,247,170,417,
23731,208,194,402,
23733,195,152,347,
23734,225,138,363,
23735,191,176,367,
23736,200,157,357,
23738,201,191,392,
23739,193,156,349,
23742,202,154,356,
23743,239,193,432,
23744,44,25,69,
23745,203,140,343,
23746,220,152,372,
23747,29,23,52,
23749,211,179,390,
23750,236,176,412,
23751,213,152,365,
23752,213,148,361,
23758,208,171,379,
23759,211,161,372,
23760,202,166,368,
23763,230,157,387,
23765,230,175,405,
23766,212,192,404,
23768,199,141,340,
23770,222,169,391,
23772,195,166,361,
23775,209,138,347,
23776,193,161,354,
23777,215,184,399,
23778,212,172,384,
23779,146,128,274,
23781,223,171,394,
23783,226,157,383,
23784,202,157,359,
23785,227,196,423,
23787,231,160,391,
23788,205,173,378,
23790,204,158,362,
23791,203,166,369,
23792,233,164,397,
23793,191,167,358,
23794,14,23,37,
23795,176,181,357,
23796,201,172,373,
23798,208,117,325,
23801,188,150,338,
23802,219,175,394,
23803,229,178,407,
23805,193,178,371,
23806,228,174,402,
23807,185,165,350,
23808,205,166,371,
23810,197,179,376,
23811,221,126,347,
23812,235,178,413,
23813,212,156,368,
23814,203,167,370,
23815,206,173,379,
23818,182,187,369,
23819,23,31,54,
23821,240,135,375,
23822,217,186,403,
23823,207,169,376,
23824,210,155,365,
23825,207,138,345,
23826,205,199,404,
23828,252,152,404,
23829,198,188,386,
23830,226,161,387,
23832,213,148,361,
23833,212,165,377,
23835,201,178,379,
23836,164,127,291,
23837,209,162,371,
23838,206,161,367,
23839,198,152,350,
23840,212,165,377,
23841,228,185,413,
23842,161,147,308,
23843,206,164,370,
23844,223,154,377,
23845,153,127,280,
23848,224,179,403,
23849,236,160,396,
23851,210,151,361,
23853,221,170,391,
23854,187,182,369,
23855,141,112,253,
23856,193,170,363,
23857,227,174,401,
23859,220,157,377,
23861,225,156,381,
23862,208,143,351,
23863,202,165,367,
23864,230,148,378,
23865,213,172,385,
23866,216,170,386,
23867,229,170,399,
23868,242,150,392,
23869,30,31,61,
23870,200,180,380,
23871,21,13,34,
23872,215,178,393,
23875,218,180,398,
23878,201,151,352,
23879,214,187,401,
23880,212,156,368,
23881,224,176,400,
23882,247,171,418,
23883,187,139,326,
23884,219,162,381,
23885,182,174,356,
23886,171,142,313,
23887,175,169,344,
23888,244,147,391,
23889,230,158,388,
23890,183,157,340,
23891,46,41,87,
23892,199,170,369,
23893,238,152,390,
23894,200,157,357,
23896,189,180,369,
23897,220,168,388,
23898,228,161,389,
23899,209,160,369,
23900,222,159,381,
23901,192,156,348,
23902,194,156,350,
23904,200,151,351,
23907,208,153,361,
23908,190,175,365,
23909,213,148,361,
23910,170,109,279,
23913,228,176,404,
23916,18,15,33,
23917,206,172,378,
23918,212,185,397,
23920,208,172,380,
23921,207,174,381,
23922,196,184,380,
23923,187,157,344,
23924,198,170,368,
23925,208,170,378,
23927,224,143,367,
23928,206,156,362,
23929,216,153,369,
23931,198,141,339,
23932,219,175,394,
23933,212,177,389,
23934,202,156,358,
23935,159,122,281,
23937,207,167,374,
23938,219,160,379,
23939,216,145,361,
23940,228,167,395,
23942,174,137,311,
23944,204,172,376,
23945,200,162,362,
23946,208,161,369,
23947,213,167,380,
23948,226,177,403,
23949,228,150,378,
23950,216,174,390,
23952,226,162,388,
23953,223,137,360,
23956,200,183,383,
23958,208,179,387,
23960,235,174,409,
23962,214,157,371,
23964,211,175,386,
23965,193,166,359,
23966,229,185,414,
23967,235,147,382,
23969,196,149,345,
23970,220,158,378,
23971,208,185,393,
23972,205,201,406,
23973,225,175,400,
23974,217,148,365,
23975,215,175,390,
23977,208,175,383,
23978,210,165,375,
23979,43,29,72,
23981,214,150,364,
23982,218,177,395,
23983,219,145,364,
23984,187,171,358,
23985,198,169,367,
23987,234,177,411,
23988,162,117,279,
23989,219,151,370,
23990,141,137,278,
23991,229,167,396,
23992,214,167,381,
23994,201,161,362,
23995,206,172,378,
23996,217,146,363,
23997,202,182,384,
23998,121,101,222,
23999,219,184,403,
24000,198,166,364,
24001,195,159,354,
24003,214,160,374,
24004,186,190,376,
24005,203,158,361,
24006,215,169,384,
24007,205,154,359,
24008,195,170,365,
24011,203,134,337,
24013,31,32,63,
24014,241,176,417,
24015,205,201,406,
24016,213,178,391,
24017,213,183,396,
24018,206,154,360,
24020,196,151,347,
24021,219,155,374,
24022,212,159,371,
24023,232,145,377,
24024,188,156,344,
24025,220,153,373,
24028,209,152,361,
24029,203,178,381,
24032,228,149,377,
24033,212,135,347,
24034,213,184,397,
24035,235,181,416,
24037,207,176,383,
24038,222,144,366,
24039,241,171,412,
24040,220,166,386,
24041,222,154,376,
24042,206,152,358,
24043,190,161,351,
24044,209,179,388,
24045,210,172,382,
24047,233,157,390,
24048,216,152,368,
24049,192,174,366,
24050,209,163,372,
24051,217,165,382,
24053,221,160,381,
24054,212,141,353,
24055,205,172,377,
24057,221,168,389,
24058,210,178,388,
24059,29,32,61,
24060,215,170,385,
24061,189,192,381,
24063,232,169,401,
24064,216,174,390,
24065,234,164,398,
24066,32,21,53,
24067,225,156,381,
24068,212,152,364,
24071,216,173,389,
24073,200,157,357,
24074,208,134,342,
24075,199,160,359,
24076,232,160,392,
24079,234,174,408,
24080,211,149,360,
24081,36,25,61,
24082,200,180,380,
24083,198,171,369,
24085,202,171,373,
24086,231,175,406,
24087,215,161,376,
24088,215,171,386,
24089,218,147,365,
24090,226,172,398,
24091,209,175,384,
24092,210,196,406,
24093,199,176,375,
24094,245,141,386,
24095,189,168,357,
24097,186,174,360,
24098,202,142,344,
24099,203,145,348,
24101,224,172,396,
24102,219,139,358,
24103,187,186,373,
24105,212,151,363,
24106,228,187,415,
24107,201,171,372,
24109,222,155,377,
24110,183,170,353,
24111,21,15,36,
24112,203,162,365,
24113,217,183,400,
24116,202,166,368,
24117,203,158,361,
24118,200,187,387,
24119,209,173,382,
24120,174,145,319,
24121,208,181,389,
24122,227,174,401,
24123,228,165,393,
24125,221,174,395,
24127,211,164,375,
24129,196,187,383,
24130,226,180,406,
24131,206,177,383,
24132,207,154,361,
24133,192,163,355,
24134,40,29,69,
24135,186,160,346,
24136,217,180,397,
24137,209,167,376,
24138,201,165,366,
24139,214,167,381,
24140,222,147,369,
24141,2,1,3,
24142,215,168,383,
24146,216,169,385,
24147,202,163,365,
24148,245,156,401,
24150,196,194,390,
24151,228,149,377,
24153,176,161,337,
24154,216,155,371,
24155,213,171,384,
24156,198,160,358,
24157,181,125,306,
24161,237,150,387,
24165,227,171,398,
24168,232,163,395,
24169,205,177,382,
24170,209,154,363,
24171,207,168,375,
24172,217,151,368,
24174,207,165,372,
24176,243,149,392,
24178,148,126,274,
24179,222,151,373,
24180,166,185,351,
24182,204,180,384,
24183,202,153,355,
24184,227,179,406,
24186,176,163,339,
24187,200,148,348,
24188,226,148,374,
24189,214,167,381,
24193,214,185,399,
24195,224,169,393,
24196,12,12,24,
24198,211,163,374,
24199,214,145,359,
24200,194,164,358,
24201,225,154,379,
24202,242,157,399,
24204,219,181,400,
24205,206,149,355,
24206,222,159,381,
24207,209,173,382,
24208,237,185,422,
24209,219,151,370,
24210,228,149,377,
24211,187,172,359,
24212,9,5,14,
24213,187,173,360,
24215,217,186,403,
24216,233,187,420,
24218,191,164,355,
24219,196,139,335,
24222,215,161,376,
24223,208,154,362,
24224,223,187,410,
24226,180,148,328,
24227,210,185,395,
24228,186,155,341,
24231,194,190,384,
24232,203,174,377,
24233,229,165,394,
24234,211,149,360,
24235,239,153,392,
24236,200,138,338,
24239,232,176,408,
24240,208,168,376,
24243,190,154,344,
24245,202,185,387,
24246,194,168,362,
24247,211,182,393,
24248,233,152,385,
24249,215,167,382,
24250,217,153,370,
24251,221,143,364,
24252,189,187,376,
24254,231,177,408,
24255,180,171,351,
24256,28,23,51,
24257,222,176,398,
24258,24,17,41,
24259,205,181,386,
24260,222,173,395,
24261,210,143,353,
24262,214,154,368,
24263,204,162,366,
24264,222,168,390,
24266,226,185,411,
24267,211,164,375,
24268,201,174,375,
24269,215,133,348,
24270,198,189,387,
24271,200,151,351,
24274,198,180,378,
24278,203,140,343,
24280,222,166,388,
24281,220,161,381,
24282,198,179,377,
24283,258,150,408,
24284,212,145,357,
24287,222,188,410,
24288,202,179,381,
24291,173,156,329,
24293,226,182,408,
24294,214,145,359,
24295,220,165,385,
24296,221,176,397,
24302,213,154,367,
24305,204,177,381,
24306,226,154,380,
24307,206,172,378,
24308,186,155,341,
24309,198,159,357,
24311,190,165,355,
24312,199,140,339,
24313,203,171,374,
24314,219,152,371,
24315,226,159,385,
24316,211,175,386,
24317,221,172,393,
24318,218,163,381,
24321,240,167,407,
24323,218,168,386,
24324,226,152,378,
24325,209,154,363,
24327,217,159,376,
24328,186,191,377,
24329,32,18,50,
24330,202,146,348,
24331,192,167,359,
24332,230,151,381,
24333,172,119,291,
24334,240,173,413,
24338,184,179,363,
24340,194,162,356,
24342,197,164,361,
24344,218,177,395,
24345,233,175,408,
24346,13,12,25,
24347,188,138,326,
24348,200,186,386,
24349,227,138,365,
24350,230,183,413,
24351,188,140,328,
24352,208,170,378,
24353,205,168,373,
24354,226,170,396,
24355,114,107,221,
24357,208,190,398,
24358,214,171,385,
24359,225,162,387,
24361,210,179,389,
24362,231,180,411,
24363,15,13,28,
24366,214,142,356,
24367,30,24,54,
24368,220,160,380,
24370,228,191,419,
24371,222,174,396,
24376,203,162,365,
24377,224,171,395,
24380,159,129,288,
24381,223,180,403,
24382,219,157,376,
24384,213,144,357,
24386,219,179,398,
24387,185,133,318,
24388,177,160,337,
24389,231,159,390,
24390,207,156,363,
24391,259,138,397,
24392,194,174,368,
24393,205,176,381,
24394,213,178,391,
24395,211,159,370,
24396,204,153,357,
24398,28,16,44,
24400,214,149,363,
24403,144,119,263,
24404,213,153,366,
24405,209,158,367,
24406,219,168,387,
24407,213,170,383,
24408,237,162,399,
24409,201,183,384,
24410,202,147,349,
24411,206,165,371,
24413,207,149,356,
24414,199,175,374,
24415,220,151,371,
24417,230,162,392,
24418,212,174,386,
24419,211,156,367,
24421,198,182,380,
24423,227,158,385,
24424,204,158,362,
24425,211,165,376,
24426,200,161,361,
24427,197,156,353,
24428,214,150,364,
24429,203,150,353,
24430,192,172,364,
24431,217,170,387,
24434,172,161,333,
24435,241,162,403,
24436,243,158,401,
24437,225,156,381,
24438,177,157,334,
24439,206,181,387,
24440,137,167,304,
24441,223,172,395,
24442,214,178,392,
24443,202,168,370,
24444,213,158,371,
24447,224,151,375,
24451,192,162,354,
24454,195,176,371,
24455,188,142,330,
24456,23,10,33,
24457,201,159,360,
24458,197,171,368,
24459,242,181,423,
24460,187,153,340,
24462,222,161,383,
24463,224,156,380,
24464,228,182,410,
24465,184,152,336,
24466,216,157,373,
24467,254,164,418,
24468,192,144,336,
24471,190,171,361,
24472,204,167,371,
24473,201,164,365,
24475,202,178,380,
24476,193,168,361,
24479,210,179,389,
24481,234,180,414,
24482,227,161,388,
24483,196,153,349,
24484,2,1,3,
24485,222,170,392,
24486,201,164,365,
24487,229,146,375,
24488,193,172,365,
24490,210,149,359,
24491,187,147,334,
24492,186,171,357,
24493,217,151,368,
24495,182,152,334,
24496,195,179,374,
24498,197,167,364,
24499,223,185,408,
24501,195,149,344,
24502,220,169,389,
24503,200,168,368,
24505,239,175,414,
24506,218,138,356,
24508,231,182,413,
24509,237,158,395,
24510,221,146,367,
24512,215,159,374,
24515,214,171,385,
24516,232,154,386,
24517,214,165,379,
24519,183,129,312,
24521,212,213,425,
24523,197,158,355,
24525,130,112,242,
24526,254,181,435,
24527,213,144,357,
24529,229,182,411,
24530,218,181,399,
24531,221,153,374,
24532,224,161,385,
24533,226,171,397,
24534,214,162,376,
24535,29,12,41,
24536,214,173,387,
24537,204,147,351,
24538,189,163,352,
24539,233,146,379,
24542,250,181,431,
24543,205,171,376,
24544,206,180,386,
24546,229,156,385,
24547,218,146,364,
24548,212,183,395,
24550,206,158,364,
24551,221,156,377,
24552,219,157,376,
24554,164,178,342,
24555,227,166,393,
24556,118,94,212,
24557,243,173,416,
24559,188,164,352,
24561,26,22,48,
24563,210,166,376,
24564,197,166,363,
24565,196,150,346,
24566,229,167,396,
24567,196,141,337,
24568,235,176,411,
24569,207,134,341,
24570,209,144,353,
24572,218,176,394,
24573,200,166,366,
24574,208,174,382,
24575,215,179,394,
24576,194,150,344,
24577,198,190,388,
24578,206,169,375,
24580,196,159,355,
24581,182,172,354,
24583,209,142,351,
24584,234,167,401,
24585,233,164,397,
24587,205,164,369,
24588,217,183,400,
24589,188,159,347,
24590,204,168,372,
24591,186,167,353,
24594,207,162,369,
24595,224,150,374,
24596,181,149,330,
24597,223,128,351,
24598,196,162,358,
24599,230,156,386,
24600,205,148,353,
24601,217,144,361,
24602,222,160,382,
24604,226,163,389,
24605,263,181,444,
24608,176,159,335,
24609,217,155,372,
24610,218,169,387,
24612,213,168,381,
24613,203,156,359,
24614,183,171,354,
24615,202,155,357,
24616,204,190,394,
24618,220,165,385,
24619,224,182,406,
24620,215,164,379,
24621,214,149,363,
24622,223,164,387,
24623,209,165,374,
24624,197,135,332,
24625,215,174,389,
24626,216,162,378,
24627,219,163,382,
24628,242,164,406,
24629,195,159,354,
24630,38,25,63,
24631,61,39,100,
24632,201,165,366,
24633,183,175,358,
24635,207,176,383,
24636,198,144,342,
24637,213,167,380,
24638,202,169,371,
24639,212,187,399,
24640,220,174,394,
24641,203,162,365,
24643,207,173,380,
24644,218,189,407,
24645,201,161,362,
24646,199,181,380,
24647,215,159,374,
24649,233,185,418,
24651,199,175,374,
24655,220,167,387,
24656,224,153,377,
24657,182,141,323,
24658,196,162,358,
24659,194,188,382,
24660,178,181,359,
24661,38,26,64,
24662,269,156,425,
24664,201,150,351,
24665,212,168,380,
24666,201,158,359,
24668,214,162,376,
24670,188,170,358,
24671,219,173,392,
24672,221,161,382,
24673,234,158,392,
24676,202,184,386,
24678,241,188,429,
24679,31,22,53,
24680,216,199,415,
24681,204,169,373,
24682,220,136,356,
24684,180,138,318,
24686,196,158,354,
24687,139,101,240,
24688,218,172,390,
24689,227,174,401,
24690,219,167,386,
24692,218,175,393,
24693,206,156,362,
24694,19,24,43,
24695,214,166,380,
24696,208,172,380,
24697,248,178,426,
24698,206,152,358,
24699,212,157,369,
24700,183,147,330,
24701,209,179,388,
24702,190,173,363,
24703,194,166,360,
24704,232,159,391,
24705,223,156,379,
24706,189,173,362,
24707,213,168,381,
24708,212,143,355,
24709,204,152,356,
24710,207,176,383,
24711,201,194,395,
24714,243,165,408,
24715,235,136,371,
24716,217,169,386,
24717,208,179,387,
24718,229,160,389,
24719,204,184,388,
24720,234,173,407,
24721,27,17,44,
24723,206,138,344,
24724,24,23,47,
24725,222,164,386,
24727,204,166,370,
24728,24,15,39,
24729,184,179,363,
24730,213,160,373,
24731,218,178,396,
24732,240,183,423,
24733,221,157,378,
24734,138,106,244,
24737,197,168,365,
24738,224,161,385,
24739,218,162,380,
24741,29,28,57,
24742,187,167,354,
24743,209,165,374,
24744,214,171,385,
24745,204,171,375,
24746,191,162,353,
24747,178,157,335,
24749,204,189,393,
24750,211,167,378,
24751,205,177,382,
24752,202,144,346,
24753,193,132,325,
24754,208,176,384,
24755,208,175,383,
24756,233,161,394,
24757,213,141,354,
24758,200,171,371,
24759,192,189,381,
24760,168,163,331,
24761,214,151,365,
24762,232,175,407,
24763,23,18,41,
24766,199,162,361,
24767,220,181,401,
24768,211,178,389,
24769,203,158,361,
24770,219,191,410,
24771,219,166,385,
24772,178,158,336,
24773,199,139,338,
24774,209,177,386,
24775,221,169,390,
24776,218,166,384,
24777,207,149,356,
24778,37,26,63,
24780,209,164,373,
24782,233,157,390,
24783,206,140,346,
24784,203,185,388,
24785,211,185,396,
24786,207,163,370,
24789,204,164,368,
24791,197,161,358,
24792,197,169,366,
24795,221,179,400,
24796,177,155,332,
24797,187,158,345,
24798,202,118,320,
24799,215,159,374,
24800,210,167,377,
24801,213,168,381,
24802,213,179,392,
24803,228,159,387,
24804,227,160,387,
24806,204,164,368,
24807,199,151,350,
24808,228,162,390,
24809,251,173,424,
24810,221,170,391,
24811,196,164,360,
24812,197,208,405,
24813,204,170,374,
24814,195,156,351,
24815,211,162,373,
24816,200,162,362,
24817,212,160,372,
24819,221,167,388,
24821,209,162,371,
24823,204,162,366,
24824,191,160,351,
24825,217,150,367,
24826,179,159,338,
24827,211,184,395,
24828,237,163,400,
24829,204,170,374,
24830,198,173,371,
24832,197,157,354,
24833,212,164,376,
24834,213,177,390,
24835,32,33,65,
24836,189,108,297,
24837,213,149,362,
24839,221,162,383,
24840,198,168,366,
24841,192,176,368,
24842,151,128,279,
24843,212,181,393,
24845,214,163,377,
24847,21,19,40,
24849,235,167,402,
24850,215,151,366,
24851,237,160,397,
24852,198,160,358,
24853,225,157,382,
24854,206,153,359,
24858,29,19,48,
24859,3,7,10,
24860,194,152,346,
24861,205,151,356,
24862,208,161,369,
24863,208,168,376,
24864,235,150,385,
24865,162,146,308,
24866,197,149,346,
24867,211,173,384,
24868,222,167,389,
24869,197,183,380,
24870,208,145,353,
24872,229,157,386,
24874,199,157,356,
24875,20,13,33,
24876,220,163,383,
24877,199,145,344,
24878,177,180,357,
24879,220,163,383,
24880,209,154,363,
24881,232,149,381,
24882,168,128,296,
24883,212,177,389,
24884,219,124,343,
24886,196,155,351,
24887,225,160,385,
24888,199,168,367,
24889,189,174,363,
24890,201,180,381,
24892,225,160,385,
24893,207,133,340,
24894,203,165,368,
24895,198,176,374,
24897,217,165,382,
24898,196,146,342,
24899,224,166,390,
24900,207,195,402,
24901,217,171,388,
24902,227,161,388,
24903,216,159,375,
24906,230,152,382,
24907,204,158,362,
24908,196,163,359,
24909,25,21,46,
24910,192,151,343,
24911,227,147,374,
24912,215,161,376,
24913,211,156,367,
24914,223,152,375,
24915,194,157,351,
24916,208,146,354,
24917,229,173,402,
24919,211,177,388,
24920,229,154,383,
24921,204,169,373,
24922,194,175,369,
24923,211,161,372,
24924,234,149,383,
24925,203,133,336,
24926,181,174,355,
24931,210,163,373,
24932,221,156,377,
24934,234,169,403,
24935,210,164,374,
24936,198,175,373,
24937,222,155,377,
24938,195,151,346,
24940,198,170,368,
24941,10,6,16,
24942,198,153,351,
24944,238,179,417,
24946,213,176,389,
24947,30,26,56,
24948,222,191,413,
24949,227,137,364,
24951,215,161,376,
24952,223,152,375,
24953,223,145,368,
24954,223,169,392,
24955,194,163,357,
24956,226,159,385,
24957,188,162,350,
24958,228,175,403,
24959,225,174,399,
24960,187,130,317,
24962,223,181,404,
24963,199,171,370,
24964,206,168,374,
24965,16,13,29,
24966,230,139,369,
24969,229,166,395,
24970,227,195,422,
24971,216,141,357,
24972,209,181,390,
24973,193,166,359,
24974,204,171,375,
24975,207,155,362,
24976,195,175,370,
24978,217,169,386,
24979,204,153,357,
24980,195,165,360,
24981,184,163,347,
24982,219,142,361,
24983,198,162,360,
24984,198,197,395,
24985,208,183,391,
24986,213,172,385,
24987,219,185,404,
24988,221,148,369,
24989,209,163,372,
24990,196,171,367,
24992,203,139,342,
24995,219,155,374,
24996,213,162,375,
24998,208,170,378,
24999,224,167,391,
25000,225,131,356,
25001,227,164,391,
25002,223,157,380,
25003,223,168,391,
25004,207,161,368,
25005,204,157,361,
25006,223,159,382,
25007,208,145,353,
25008,183,154,337,
25009,235,162,397,
25010,185,147,332,
25011,214,180,394,
25012,232,164,396,
25015,197,151,348,
25017,199,158,357,
25018,230,161,391,
25020,190,186,376,
25021,219,194,413,
25022,206,166,372,
25023,207,183,390,
25024,227,147,374,
25025,220,151,371,
25026,210,166,376,
25027,238,166,404,
25029,179,167,346,
25030,204,153,357,
25031,194,166,360,
25033,29,27,56,
25034,206,181,387,
25035,190,179,369,
25036,29,18,47,
25037,238,158,396,
25038,220,166,386,
25041,219,157,376,
25042,207,151,358,
25043,231,152,383,
25044,193,195,388,
25046,233,156,389,
25048,215,156,371,
25049,204,187,391,
25051,218,154,372,
25052,198,160,358,
25053,202,179,381,
25054,19,15,34,
25056,217,150,367,
25057,226,151,377,
25058,208,139,347,
25059,185,164,349,
25060,186,152,338,
25062,224,152,376,
25063,235,146,381,
25064,204,147,351,
25065,229,170,399,
25066,222,189,411,
25067,201,160,361,
25068,191,151,342,
25069,214,174,388,
25071,212,173,385,
25073,23,24,47,
25074,209,156,365,
25075,186,182,368,
25076,221,166,387,
25077,146,122,268,
25078,210,165,375,
25080,215,186,401,
25081,211,155,366,
25082,237,164,401,
25083,209,168,377,
25084,199,180,379,
25085,238,179,417,
25086,185,158,343,
25087,218,166,384,
25088,192,165,357,
25089,208,153,361,
25090,222,180,402,
25092,197,162,359,
25093,224,155,379,
25094,224,150,374,
25097,206,161,367,
25098,196,170,366,
25099,212,157,369,
25100,240,181,421,
25102,20,14,34,
25103,223,169,392,
25104,211,163,374,
25105,203,158,361,
25106,201,165,366,
25107,239,167,406,
25108,203,181,384,
25112,208,171,379,
25113,221,159,380,
25114,221,162,383,
25116,213,185,398,
25117,239,143,382,
25118,209,182,391,
25119,189,189,378,
25120,30,27,57,
25121,215,166,381,
25122,217,134,351,
25123,209,142,351,
25127,221,162,383,
25129,197,160,357,
25130,176,146,322,
25131,208,171,379,
25132,183,155,338,
25133,212,172,384,
25135,44,29,73,
25136,164,119,283,
25140,178,173,351,
25142,190,207,397,
25143,215,153,368,
25147,210,159,369,
25148,230,159,389,
25149,18,11,29,
25150,201,166,367,
25151,205,170,375,
25152,202,165,367,
25153,210,163,373,
25154,172,136,308,
25155,214,140,354,
25156,194,165,359,
25158,230,153,383,
25159,210,160,370,
25160,216,160,376,
25162,189,165,354,
25163,26,20,46,
25165,169,120,289,
25166,207,173,380,
25168,190,155,345,
25169,228,154,382,
25170,25,20,45,
25172,202,154,356,
25173,220,164,384,
25174,213,160,373,
25176,202,180,382,
25177,229,159,388,
25178,191,164,355,
25179,198,184,382,
25180,195,180,375,
25181,189,147,336,
25182,198,184,382,
25183,226,159,385,
25184,225,140,365,
25185,211,155,366,
25186,198,170,368,
25188,204,129,333,
25189,224,181,405,
25190,203,162,365,
25191,212,149,361,
25194,102,78,180,
25195,233,168,401,
25196,136,98,234,
25197,188,165,353,
25198,220,164,384,
25199,205,182,387,
25200,201,170,371,
25202,196,163,359,
25203,245,159,404,
25204,220,160,380,
25205,193,177,370,
25206,225,141,366,
25208,199,150,349,
25209,239,124,363,
25211,228,176,404,
25212,230,167,397,
25213,229,166,395,
25214,208,169,377,
25217,207,174,381,
25218,206,166,372,
25219,223,159,382,
25220,197,167,364,
25221,208,158,366,
25222,202,160,362,
25224,227,176,403,
25225,188,178,366,
25226,220,172,392,
25227,188,158,346,
25229,217,172,389,
25231,224,157,381,
25232,152,112,264,
25234,197,135,332,
25235,210,161,371,
25239,199,167,366,
25240,176,173,349,
25242,199,177,376,
25243,235,166,401,
25244,197,164,361,
25245,232,153,385,
25246,201,185,386,
25248,216,156,372,
25249,199,140,339,
25251,195,183,378,
25252,224,148,372,
25253,207,159,366,
25255,186,145,331,
25256,228,156,384,
25257,225,154,379,
25258,201,198,399,
25259,230,155,385,
25260,233,142,375,
25261,225,172,397,
25262,189,178,367,
25263,207,162,369,
25265,195,167,362,
25266,191,137,328,
25267,211,171,382,
25268,194,172,366,
25269,190,167,357,
25270,210,161,371,
25271,243,164,407,
25272,228,174,402,
25273,229,173,402,
25274,248,173,421,
25275,186,155,341,
25277,201,133,334,
25278,202,184,386,
25279,210,157,367,
25280,227,158,385,
25281,217,172,389,
25282,220,175,395,
25284,210,167,377,
25286,226,147,373,
25288,209,167,376,
25289,229,173,402,
25290,192,159,351,
25293,175,195,370,
25294,206,160,366,
25295,214,164,378,
25296,202,139,341,
25297,170,170,340,
25299,183,148,331,
25300,231,190,421,
25302,217,151,368,
25303,204,171,375,
25304,204,175,379,
25305,211,161,372,
25306,238,160,398,
25307,226,142,368,
25309,235,144,379,
25310,209,166,375,
25311,224,157,381,
25313,206,156,362,
25314,217,172,389,
25315,203,169,372,
25321,200,143,343,
25322,197,180,377,
25323,213,156,369,
25325,203,162,365,
25326,217,186,403,
25327,210,168,378,
25328,201,154,355,
25329,206,164,370,
25330,229,170,399,
25331,214,146,360,
25332,207,187,394,
25333,221,171,392,
25334,230,159,389,
25336,201,191,392,
25337,189,173,362,
25339,192,163,355,
25340,220,133,353,
25341,201,169,370,
25342,217,153,370,
25345,199,185,384,
25349,197,159,356,
25350,179,173,352,
25352,195,155,350,
25353,37,22,59,
25355,211,179,390,
25356,233,160,393,
25357,224,195,419,
25358,40,26,66,
25359,185,152,337,
25360,207,150,357,
25362,205,151,356,
25365,238,157,395,
25366,224,152,376,
25368,212,161,373,
25369,204,167,371,
25370,213,155,368,
25371,197,182,379,
25372,215,165,380,
25373,198,161,359,
25375,230,178,408,
25376,210,159,369,
25377,232,151,383,
25379,218,177,395,
25380,211,162,373,
25382,214,153,367,
25383,198,172,370,
25384,194,172,366,
25385,219,146,365,
25386,203,161,364,
25388,214,185,399,
25389,191,153,344,
25390,208,166,374,
25391,206,166,372,
25392,183,151,334,
25396,209,165,374,
25397,230,153,383,
25398,161,163,324,
25402,168,180,348,
25403,203,171,374,
25405,214,180,394,
25406,215,152,367,
25407,221,170,391,
25408,248,153,401,
25409,195,115,310,
25411,210,164,374,
25412,194,165,359,
25413,201,182,383,
25414,215,165,380,
25417,221,161,382,
25418,229,175,404,
25419,237,176,413,
25420,208,155,363,
25421,212,160,372,
25422,185,138,323,
25424,210,156,366,
25426,208,173,381,
25427,210,139,349,
25429,215,167,382,
25430,213,189,402,
25431,210,167,377,
25432,214,156,370,
25434,224,175,399,
25436,232,149,381,
25437,200,145,345,
25438,21,11,32,
25440,13,12,25,
25441,203,163,366,
25442,223,174,397,
25445,212,146,358,
25447,203,142,345,
25448,195,181,376,
25449,235,169,404,
25450,226,167,393,
25451,206,163,369,
25452,206,178,384,
25453,205,140,345,
25456,214,177,391,
25457,231,165,396,
25458,200,152,352,
25461,219,164,383,
25462,220,171,391,
25463,206,182,388,
25465,224,170,394,
25466,212,167,379,
25467,207,144,351,
25469,227,159,386,
25471,219,157,376,
25472,189,160,349,
25473,229,161,390,
25474,204,158,362,
25475,12,9,21,
25477,215,162,377,
25478,204,160,364,
25479,216,163,379,
25481,199,165,364,
25482,159,169,328,
25484,217,156,373,
25485,211,168,379,
25487,248,158,406,
25488,215,145,360,
25489,186,171,357,
25490,233,149,382,
25491,229,157,386,
25492,228,197,425,
25493,205,177,382,
25494,226,182,408,
25495,224,157,381,
25496,208,197,405,
25497,217,166,383,
25498,202,171,373,
25500,190,181,371,
25501,199,124,323,
25503,215,172,387,
25504,200,180,380,
25505,240,154,394,
25506,219,165,384,
25507,227,157,384,
25508,207,189,396,
25509,189,160,349,
25510,199,175,374,
25513,22,15,37,
25514,183,158,341,
25515,227,181,408,
25516,198,169,367,
25520,216,172,388,
25522,212,177,389,
25523,57,45,102,
25524,205,168,373,
25525,208,164,372,
25526,213,152,365,
25529,193,159,352,
25530,166,174,340,
25531,208,154,362,
25534,208,146,354,
25535,219,166,385,
25536,173,157,330,
25537,14,10,24,
25538,213,147,360,
25539,206,164,370,
25541,218,175,393,
25542,228,138,366,
25543,246,156,402,
25544,226,155,381,
25545,22,24,46,
25546,204,151,355,
25547,189,159,348,
25548,42,29,71,
25549,216,177,393,
25551,216,174,390,
25553,194,127,321,
25554,211,177,388,
25555,183,154,337,
25556,216,172,388,
25557,202,166,368,
25558,233,154,387,
25559,208,148,356,
25560,210,149,359,
25562,42,25,67,
25563,190,175,365,
25564,227,180,407,
25565,201,157,358,
25566,194,201,395,
25567,200,156,356,
25570,214,153,367,
25571,225,183,408,
25574,212,161,373,
25575,211,138,349,
25576,213,188,401,
25578,190,167,357,
25579,216,171,387,
25580,224,149,373,
25581,198,182,380,
25583,199,165,364,
25584,199,152,351,
25587,214,156,370,
25588,185,155,340,
25591,208,180,388,
25592,216,175,391,
25594,198,179,377,
25595,210,162,372,
25596,194,156,350,
25597,221,160,381,
25599,195,152,347,
25600,193,152,345,
25601,211,195,406,
25602,197,168,365,
25604,207,164,371,
25605,197,156,353,
25606,266,147,413,
25607,194,152,346,
25608,222,176,398,
25609,182,190,372,
25611,207,170,377,
25612,219,172,391,
25614,212,159,371,
25615,212,188,400,
25616,202,147,349,
25617,228,172,400,
25618,194,162,356,
25620,221,155,376,
25622,208,158,366,
25623,207,151,358,
25624,23,34,57,
25625,171,123,294,
25626,179,176,355,
25628,188,172,360,
25630,193,160,353,
25631,206,186,392,
25633,198,153,351,
25634,221,183,404,
25635,200,168,368,
25636,199,148,347,
25639,202,175,377,
25640,223,145,368,
25641,179,161,340,
25642,231,165,396,
25643,185,145,330,
25644,232,169,401,
25646,216,166,382,
25647,194,142,336,
25648,217,128,345,
25649,204,167,371,
25650,199,162,361,
25651,200,146,346,
25652,197,181,378,
25656,189,171,360,
25657,209,166,375,
25658,199,146,345,
25659,197,148,345,
25660,236,151,387,
25662,192,163,355,
25663,198,153,351,
25664,211,153,364,
25665,234,155,389,
25666,188,182,370,
25667,211,179,390,
25668,205,162,367,
25669,211,174,385,
25670,209,168,377,
25671,206,169,375,
25672,231,161,392,
25673,224,150,374,
25674,227,167,394,
25675,209,166,375,
25678,157,124,281,
25679,261,153,414,
25681,200,162,362,
25683,206,152,358,
25685,215,152,367,
25686,210,156,366,
25687,200,158,358,
25688,220,171,391,
25689,221,179,400,
25690,216,174,390,
25691,191,173,364,
25692,214,196,410,
25693,169,183,352,
25694,227,152,379,
25695,189,150,339,
25696,196,168,364,
25697,143,128,271,
25698,199,175,374,
25699,210,186,396,
25700,215,136,351,
25702,237,171,408,
25706,216,162,378,
25707,210,151,361,
25708,205,172,377,
25709,233,173,406,
25711,232,167,399,
25712,186,165,351,
25714,222,174,396,
25715,215,157,372,
25716,229,139,368,
25717,229,160,389,
25718,198,158,356,
25719,200,161,361,
25720,219,171,390,
25721,211,157,368,
25722,214,166,380,
25723,218,147,365,
25724,224,170,394,
25725,204,157,361,
25726,206,153,359,
25728,226,143,369,
25729,221,168,389,
25730,225,160,385,
25731,218,181,399,
25732,170,151,321,
25733,194,169,363,
25734,179,165,344,
25735,225,173,398,
25736,193,160,353,
25737,209,158,367,
25738,227,171,398,
25740,194,169,363,
25741,232,157,389,
25742,236,171,407,
25743,187,175,362,
25744,212,156,368,
25746,193,171,364,
25747,211,171,382,
25748,187,151,338,
25749,207,155,362,
25750,225,144,369,
25751,227,166,393,
25752,214,143,357,
25753,222,150,372,
25756,188,166,354,
25757,202,180,382,
25758,212,191,403,
25759,197,191,388,
25760,4,4,8,
25761,200,173,373,
25762,228,160,388,
25763,216,172,388,
25764,248,156,404,
25766,216,161,377,
25767,185,166,351,
25768,203,155,358,
25769,243,158,401,
25770,216,165,381,
25771,222,194,416,
25773,186,169,355,
25774,179,172,351,
25775,202,155,357,
25776,216,157,373,
25779,259,149,408,
25780,67,46,113,
25781,117,112,229,
25782,203,156,359,
25783,235,154,389,
25785,227,178,405,
25787,204,165,369,
25790,211,190,401,
25791,208,158,366,
25792,230,164,394,
25793,192,190,382,
25794,145,126,271,
25795,195,155,350,
25797,196,184,380,
25799,206,151,357,
25800,192,165,357,
25801,221,160,381,
25803,220,142,362,
25805,207,171,378,
25806,199,153,352,
25807,224,169,393,
25809,214,141,355,
25810,204,162,366,
25811,206,163,369,
25812,208,164,372,
25814,200,171,371,
25815,167,156,323,
25817,205,161,366,
25818,204,166,370,
25820,221,187,408,
25821,206,154,360,
25822,198,165,363,
25823,207,157,364,
25824,203,159,362,
25825,218,141,359,
25826,221,154,375,
25827,169,163,332,
25828,215,158,373,
25829,196,161,357,
25831,18,21,39,
25832,205,149,354,
25834,234,137,371,
25835,207,178,385,
25836,207,173,380,
25837,177,176,353,
25839,43,29,72,
25841,195,146,341,
25842,208,165,373,
25843,223,106,329,
25846,195,156,351,
25847,59,41,100,
25848,223,179,402,
25849,216,147,363,
25854,224,164,388,
25855,207,156,363,
25856,198,171,369,
25857,211,160,371,
25858,214,143,357,
25859,210,185,395,
25862,220,191,411,
25865,168,128,296,
25866,33,19,52,
25867,238,207,445,
25868,217,173,390,
25869,207,164,371,
25870,219,161,380,
25872,209,153,362,
25873,194,153,347,
25875,26,22,48,
25876,214,204,418,
25877,210,179,389,
25878,33,29,62,
25879,215,161,376,
25880,225,168,393,
25881,208,159,367,
25882,200,193,393,
25883,215,145,360,
25885,230,170,400,
25886,213,169,382,
25887,206,162,368,
25888,189,153,342,
25889,200,185,385,
25890,152,175,327,
25892,231,167,398,
25893,176,150,326,
25895,220,191,411,
25896,199,174,373,
25897,179,148,327,
25899,211,152,363,
25901,217,175,392,
25903,216,156,372,
25904,204,188,392,
25905,206,179,385,
25906,228,150,378,
25907,220,150,370,
25908,217,162,379,
25909,8,1,9,
25910,213,181,394,
25911,25,20,45,
25912,195,171,366,
25913,180,131,311,
25914,191,158,349,
25915,231,165,396,
25916,221,141,362,
25917,183,186,369,
25918,201,153,354,
25920,226,165,391,
25921,224,168,392,
25923,202,178,380,
25924,224,165,389,
25925,233,162,395,
25926,205,177,382,
25927,208,167,375,
25928,193,172,365,
25929,197,179,376,
25930,190,159,349,
25932,207,161,368,
25933,204,171,375,
25934,188,178,366,
25936,231,159,390,
25937,218,175,393,
25939,194,170,364,
25940,207,149,356,
25941,143,153,296,
25942,171,151,322,
25943,220,188,408,
25945,196,166,362,
25946,210,151,361,
25948,232,158,390,
25949,200,171,371,
25950,202,166,368,
25951,211,176,387,
25952,215,184,399,
25954,185,195,380,
25955,208,166,374,
25956,194,161,355,
25958,206,155,361,
25959,249,134,383,
25960,227,182,409,
25961,193,152,345,
25962,214,184,398,
25964,208,156,364,
25966,182,178,360,
25967,206,178,384,
25968,189,166,355,
25969,244,166,410,
25973,192,153,345,
25974,225,157,382,
25976,233,168,401,
25977,227,168,395,
25978,215,157,372,
25980,199,168,367,
25981,200,169,369,
25982,250,154,404,
25983,152,144,296,
25984,61,37,98,
25986,198,196,394,
25987,230,178,408,
25991,191,169,360,
25994,201,158,359,
25995,227,151,378,
25996,235,162,397,
25998,172,141,313,
26000,250,179,429,
26001,228,169,397,
26002,40,30,70,
26003,206,170,376,
26004,199,164,363,
26005,187,176,363,
26008,18,16,34,
26010,234,172,406,
26012,21,25,46,
26014,219,162,381,
26015,213,167,380,
26016,238,161,399,
26018,203,158,361,
26020,217,166,383,
26021,217,185,402,
26023,38,36,74,
26024,16,6,22,
26025,250,136,386,
26026,218,159,377,
26027,239,134,373,
26029,241,163,404,
26030,209,147,356,
26031,220,183,403,
26032,146,106,252,
26033,209,158,367,
26034,202,182,384,
26035,180,167,347,
26036,216,172,388,
26038,219,163,382,
26040,146,101,247,
26041,207,145,352,
26042,214,151,365,
26043,222,151,373,
26045,209,150,359,
26046,214,193,407,
26048,228,178,406,
26050,216,154,370,
26051,210,150,360,
26052,228,146,374,
26054,216,165,381,
26055,246,174,420,
26056,193,155,348,
26057,213,197,410,
26058,230,153,383,
26059,202,152,354,
26060,201,186,387,
26061,211,171,382,
26062,183,148,331,
26063,195,169,364,
26064,197,152,349,
26066,15,21,36,
26067,228,164,392,
26068,225,161,386,
26070,222,165,387,
26073,200,153,353,
26074,208,180,388,
26075,180,166,346,
26076,211,171,382,
26077,192,144,336,
26078,219,161,380,
26079,195,163,358,
26080,217,151,368,
26081,184,157,341,
26082,210,165,375,
26083,218,161,379,
26084,224,173,397,
26085,230,157,387,
26086,223,178,401,
26087,221,164,385,
26089,212,162,374,
26090,193,161,354,
26093,218,158,376,
26095,201,168,369,
26096,189,141,330,
26098,203,150,353,
26099,210,158,368,
26100,234,192,426,
26101,198,167,365,
26102,224,158,382,
26103,29,21,50,
26105,213,153,366,
26107,219,172,391,
26109,210,191,401,
26110,193,167,360,
26111,192,174,366,
26112,212,172,384,
26113,215,157,372,
26114,231,149,380,
26116,217,152,369,
26117,203,146,349,
26118,194,150,344,
26119,184,149,333,
26120,174,138,312,
26123,212,176,388,
26124,174,121,295,
26125,187,181,368,
26126,216,167,383,
26129,203,178,381,
26130,197,160,357,
26131,207,157,364,
26132,38,32,70,
26133,214,173,387,
26134,220,168,388,
26135,211,185,396,
26137,206,173,379,
26139,49,28,77,
26140,230,170,400,
26141,201,171,372,
26142,231,154,385,
26143,28,15,43,
26144,209,190,399,
26145,215,179,394,
26146,22,12,34,
26147,215,164,379,
26148,240,153,393,
26149,213,174,387,
26150,231,163,394,
26151,203,144,347,
26153,205,176,381,
26154,213,165,378,
26155,197,172,369,
26156,217,145,362,
26157,213,168,381,
26158,198,172,370,
26159,221,151,372,
26160,221,163,384,
26161,210,163,373,
26163,193,181,374,
26164,218,172,390,
26166,197,145,342,
26167,237,143,380,
26168,202,161,363,
26169,179,125,304,
26171,205,178,383,
26173,205,184,389,
26175,207,155,362,
26178,231,173,404,
26179,217,137,354,
26180,208,145,353,
26182,202,174,376,
26183,217,152,369,
26184,195,147,342,
26185,202,174,376,
26187,1,2,3,
26188,225,177,402,
26189,192,183,375,
26191,30,15,45,
26192,191,179,370,
26193,34,27,61,
26194,232,183,415,
26195,228,139,367,
26199,191,169,360,
26200,178,153,331,
26201,207,155,362,
26202,206,157,363,
26203,205,156,361,
26204,195,158,353,
26205,207,183,390,
26206,205,171,376,
26207,212,141,353,
26208,33,16,49,
26209,218,160,378,
26210,188,167,355,
26211,185,141,326,
26213,234,157,391,
26214,232,184,416,
26215,214,165,379,
26216,204,174,378,
26217,198,171,369,
26218,219,152,371,
26219,205,157,362,
26220,200,166,366,
26221,206,147,353,
26222,202,178,380,
26223,218,181,399,
26224,187,131,318,
26225,190,167,357,
26226,195,158,353,
26227,192,174,366,
26228,231,120,351,
26230,209,144,353,
26231,241,149,390,
26232,197,171,368,
26233,222,162,384,
26234,186,154,340,
26235,33,30,63,
26236,209,155,364,
26237,209,177,386,
26238,237,172,409,
26239,247,164,411,
26242,171,160,331,
26243,199,177,376,
26245,29,33,62,
26248,210,156,366,
26250,202,173,375,
26251,208,169,377,
26252,223,136,359,
26253,185,172,357,
26254,191,187,378,
26255,209,167,376,
26256,215,180,395,
26257,221,172,393,
26259,203,175,378,
26260,233,152,385,
26261,12,6,18,
26262,201,157,358,
26263,31,30,61,
26264,243,172,415,
26265,201,174,375,
26268,217,161,378,
26270,238,141,379,
26271,200,172,372,
26272,229,137,366,
26273,220,148,368,
26274,158,156,314,
26276,241,152,393,
26278,234,161,395,
26280,224,147,371,
26282,205,168,373,
26283,198,140,338,
26284,199,162,361,
26286,207,164,371,
26287,204,175,379,
26289,227,178,405,
26290,187,115,302,
26291,198,182,380,
26292,195,174,369,
26293,19,19,38,
26294,190,190,380,
26295,228,169,397,
26296,210,148,358,
26297,180,125,305,
26298,217,148,365,
26299,190,182,372,
26300,212,158,370,
26301,220,155,375,
26302,182,153,335,
26303,201,176,377,
26304,235,159,394,
26305,31,35,66,
26306,186,152,338,
26307,224,153,377,
26308,202,165,367,
26309,21,13,34,
26310,194,138,332,
26311,225,169,394,
26312,237,149,386,
26314,234,172,406,
26315,209,183,392,
26316,211,149,360,
26318,209,172,381,
26319,214,155,369,
26321,226,150,376,
26322,230,180,410,
26323,192,196,388,
26324,216,174,390,
26325,186,146,332,
26327,222,162,384,
26328,224,141,365,
26329,223,178,401,
26330,202,144,346,
26331,210,161,371,
26332,200,166,366,
26333,216,155,371,
26334,213,156,369,
26336,195,177,372,
26338,192,185,377,
26339,200,164,364,
26342,199,163,362,
26345,205,158,363,
26346,208,189,397,
26347,227,194,421,
26348,200,172,372,
26349,223,169,392,
26350,243,146,389,
26352,181,167,348,
26353,210,172,382,
26355,216,179,395,
26356,207,146,353,
26358,182,155,337,
26360,174,126,300,
26362,208,145,353,
26364,210,174,384,
26366,231,135,366,
26367,196,183,379,
26368,191,152,343,
26369,207,164,371,
26373,239,143,382,
26374,182,167,349,
26375,216,166,382,
26379,220,166,386,
26380,212,172,384,
26381,199,178,377,
26382,201,166,367,
26384,215,155,370,
26385,182,149,331,
26386,220,178,398,
26387,197,147,344,
26388,200,129,329,
26389,204,149,353,
26390,13,3,16,
26392,206,171,377,
26393,187,187,374,
26394,224,177,401,
26395,25,18,43,
26396,186,175,361,
26397,194,171,365,
26398,229,161,390,
26399,200,132,332,
26400,207,172,379,
26402,221,170,391,
26404,211,145,356,
26405,167,119,286,
26406,216,159,375,
26409,222,149,371,
26412,211,163,374,
26415,174,162,336,
26416,14,13,27,
26417,223,175,398,
26418,202,139,341,
26420,211,164,375,
26424,178,194,372,
26425,187,168,355,
26426,198,171,369,
26427,213,157,370,
26428,215,182,397,
26429,34,21,55,
26432,213,178,391,
26434,208,166,374,
26435,230,162,392,
26439,212,157,369,
26440,233,189,422,
26441,189,180,369,
26442,160,150,310,
26443,216,168,384,
26444,213,153,366,
26445,237,162,399,
26446,206,167,373,
26448,223,152,375,
26449,226,180,406,
26451,240,166,406,
26452,244,167,411,
26453,215,194,409,
26454,205,175,380,
26455,234,165,399,
26457,238,164,402,
26459,212,157,369,
26461,194,153,347,
26462,185,160,345,
26463,197,171,368,
26464,191,159,350,
26465,202,153,355,
26466,37,29,66,
26467,213,162,375,
26468,9,12,21,
26470,153,147,300,
26471,214,164,378,
26472,194,142,336,
26473,205,171,376,
26475,215,179,394,
26478,211,171,382,
26479,208,172,380,
26481,197,185,382,
26482,206,191,397,
26483,185,159,344,
26484,221,170,391,
26485,216,172,388,
26486,203,161,364,
26487,251,177,428,
26488,232,167,399,
26489,224,171,395,
26490,227,176,403,
26491,239,170,409,
26492,240,153,393,
26494,207,150,357,
26495,215,162,377,
26497,217,148,365,
26498,219,166,385,
26499,225,185,410,
26500,221,175,396,
26501,198,143,341,
26503,208,177,385,
26505,190,189,379,
26507,207,155,362,
26511,193,181,374,
26512,212,156,368,
26514,217,157,374,
26515,224,155,379,
26516,174,157,331,
26517,190,186,376,
26518,208,168,376,
26519,222,168,390,
26520,230,177,407,
26521,221,181,402,
26523,211,162,373,
26524,214,148,362,
26526,190,159,349,
26528,214,161,375,
26529,213,172,385,
26530,214,174,388,
26531,213,201,414,
26532,205,176,381,
26533,214,165,379,
26534,211,177,388,
26536,216,174,390,
26537,218,169,387,
26538,212,160,372,
26539,225,166,391,
26541,202,163,365,
26543,195,161,356,
26546,204,177,381,
26547,30,34,64,
26548,210,155,365,
26549,235,123,358,
26550,232,165,397,
26551,230,154,384,
26552,212,181,393,
26553,193,163,356,
26554,223,171,394,
26555,212,160,372,
26557,236,174,410,
26558,200,163,363,
26559,208,159,367,
26561,190,147,337,
26563,209,157,366,
26565,199,171,370,
26566,213,142,355,
26567,216,167,383,
26568,25,26,51,
26569,191,160,351,
26570,209,167,376,
26571,233,178,411,
26572,169,118,287,
26573,213,144,357,
26574,206,144,350,
26576,196,161,357,
26577,215,156,371,
26578,206,164,370,
26579,204,175,379,
26580,190,153,343,
26582,210,176,386,
26587,205,168,373,
26588,199,161,360,
26589,186,147,333,
26590,205,157,362,
26591,225,171,396,
26592,228,169,397,
26593,197,173,370,
26594,189,188,377,
26595,202,171,373,
26596,202,148,350,
26597,219,159,378,
26600,185,166,351,
26601,196,186,382,
26602,204,150,354,
26604,205,158,363,
26606,238,173,411,
26607,194,153,347,
26608,213,161,374,
26609,228,165,393,
26611,216,165,381,
26612,34,26,60,
26613,188,181,369,
26614,196,166,362,
26615,174,172,346,
26617,188,169,357,
26618,242,149,391,
26619,213,150,363,
26620,195,158,353,
26621,241,151,392,
26625,247,193,440,
26626,202,161,363,
26627,207,167,374,
26629,228,161,389,
26630,210,179,389,
26631,226,163,389,
26634,202,126,328,
26635,189,123,312,
26636,199,150,349,
26638,215,185,400,
26639,213,162,375,
26640,230,171,401,
26641,209,176,385,
26643,190,162,352,
26644,219,164,383,
26645,200,157,357,
26647,218,167,385,
26648,212,161,373,
26649,210,173,383,
26650,197,160,357,
26653,200,155,355,
26654,187,161,348,
26655,204,169,373,
26656,198,148,346,
26657,219,154,373,
26658,196,165,361,
26659,224,156,380,
26660,185,160,345,
26661,191,147,338,
26662,197,173,370,
26663,209,152,361,
26664,244,176,420,
26665,213,165,378,
26666,228,153,381,
26668,206,177,383,
26669,220,143,363,
26670,199,177,376,
26672,221,181,402,
26674,218,159,377,
26675,192,140,332,
26676,219,178,397,
26677,205,186,391,
26678,193,157,350,
26681,207,178,385,
26682,234,174,408,
26684,193,163,356,
26685,212,160,372,
26686,159,136,295,
26687,226,175,401,
26688,242,160,402,
26689,201,175,376,
26690,196,167,363,
26691,222,163,385,
26692,211,181,392,
26693,204,149,353,
26694,31,22,53,
26696,183,146,329,
26698,203,157,360,
26699,197,156,353,
26700,193,146,339,
26702,193,166,359,
26704,202,163,365,
26706,196,168,364,
26708,209,161,370,
26709,216,164,380,
26712,205,180,385,
26714,211,182,393,
26715,220,157,377,
26716,230,171,401,
26717,234,160,394,
26718,215,178,393,
26719,24,30,54,
26720,210,158,368,
26722,210,150,360,
26724,228,142,370,
26725,245,148,393,
26726,200,158,358,
26727,212,149,361,
26729,205,173,378,
26731,208,154,362,
26732,203,167,370,
26735,207,152,359,
26738,215,165,380,
26739,211,178,389,
26740,190,159,349,
26743,236,173,409,
26744,245,143,388,
26745,204,163,367,
26746,229,181,410,
26747,208,196,404,
26748,235,162,397,
26749,235,177,412,
26750,214,168,382,
26751,244,173,417,
26753,222,191,413,
26754,216,156,372,
26755,214,145,359,
26756,223,169,392,
26757,211,172,383,
26758,226,163,389,
26759,177,153,330,
26760,215,161,376,
26761,213,166,379,
26762,229,150,379,
26763,204,173,377,
26765,197,186,383,
26766,179,152,331,
26767,210,184,394,
26768,212,157,369,
26769,221,170,391,
26770,165,146,311,
26771,177,125,302,
26772,233,178,411,
26774,194,169,363,
26775,233,150,383,
26776,220,166,386,
26777,218,144,362,
26778,176,156,332,
26779,206,157,363,
26780,232,162,394,
26781,208,174,382,
26782,192,184,376,
26785,194,151,345,
26786,223,179,402,
26788,201,162,363,
26789,233,172,405,
26792,190,163,353,
26793,228,173,401,
26794,211,165,376,
26795,201,193,394,
26796,197,165,362,
26797,202,171,373,
26798,190,169,359,
26799,201,179,380,
26802,213,178,391,
26803,196,174,370,
26804,237,125,362,
26805,193,178,371,
26806,202,141,343,
26807,221,153,374,
26810,203,171,374,
26811,186,167,353,
26812,221,166,387,
26814,225,170,395,
26815,207,143,350,
26816,227,167,394,
26817,174,147,321,
26818,187,140,327,
26819,207,159,366,
26820,168,124,292,
26821,221,151,372,
26822,239,164,403,
26823,202,165,367,
26824,208,186,394,
26826,188,173,361,
26827,221,171,392,
26828,205,156,361,
26829,207,168,375,
26831,220,156,376,
26832,190,159,349,
26833,195,169,364,
26834,212,156,368,
26835,195,175,370,
26836,198,155,353,
26839,237,174,411,
26841,196,168,364,
26842,224,154,378,
26845,206,145,351,
26846,234,179,413,
26847,160,136,296,
26848,216,169,385,
26849,177,182,359,
26851,39,36,75,
26852,208,167,375,
26853,189,141,330,
26854,215,161,376,
26856,179,151,330,
26857,200,141,341,
26858,203,184,387,
26860,219,145,364,
26861,205,174,379,
26862,222,188,410,
26863,221,135,356,
26864,213,166,379,
26866,200,171,371,
26867,192,152,344,
26868,181,166,347,
26869,212,166,378,
26870,230,163,393,
26871,198,173,371,
26872,206,173,379,
26873,192,166,358,
26874,202,174,376,
26875,43,47,90,
26877,219,134,353,
26878,214,183,397,
26879,212,173,385,
26880,212,186,398,
26881,223,175,398,
26882,205,179,384,
26883,235,174,409,
26884,215,158,373,
26886,219,191,410,
26887,207,203,410,
26889,202,163,365,
26892,208,160,368,
26893,181,183,364,
26894,236,180,416,
26895,46,32,78,
26896,249,136,385,
26898,208,174,382,
26899,205,180,385,
26900,208,181,389,
26901,231,179,410,
26902,201,169,370,
26903,20,11,31,
26904,215,155,370,
26905,193,166,359,
26906,193,172,365,
26908,211,126,337,
26909,200,168,368,
26910,207,168,375,
26912,225,150,375,
26913,205,186,391,
26914,213,189,402,
26918,212,172,384,
26919,220,178,398,
26921,245,145,390,
26922,205,145,350,
26923,205,171,376,
26924,221,169,390,
26926,198,139,337,
26928,184,163,347,
26929,199,168,367,
26930,202,169,371,
26931,192,168,360,
26932,186,166,352,
26933,188,151,339,
26934,210,158,368,
26935,31,35,66,
26938,222,174,396,
26939,215,176,391,
26940,207,177,384,
26941,246,172,418,
26942,246,178,424,
26943,211,147,358,
26944,193,165,358,
26945,198,148,346,
26948,204,161,365,
26949,228,172,400,
26951,224,173,397,
26952,213,143,356,
26953,226,172,398,
26954,161,163,324,
26958,206,165,371,
26959,221,162,383,
26960,205,182,387,
26961,230,159,389,
26962,179,143,322,
26963,224,168,392,
26965,204,167,371,
26966,212,142,354,
26967,230,154,384,
26969,211,180,391,
26972,216,180,396,
26973,205,171,376,
26974,192,159,351,
26975,226,154,380,
26976,173,163,336,
26977,227,161,388,
26980,206,159,365,
26983,201,147,348,
26984,209,163,372,
26986,220,165,385,
26988,206,144,350,
26989,211,143,354,
26990,149,109,258,
26991,203,170,373,
26992,209,171,380,
26994,236,180,416,
26995,217,170,387,
26996,190,161,351,
26997,224,171,395,
26998,193,158,351,
26999,33,34,67,
27000,192,176,368,
27001,215,168,383,
27003,199,160,359,
27004,219,158,377,
27006,225,164,389,
27007,209,153,362,
27008,206,161,367,
27009,196,179,375,
27010,220,132,352,
27011,30,19,49,
27012,198,147,345,
27013,229,161,390,
27014,209,173,382,
27015,166,124,290,
27016,231,187,418,
27017,212,163,375,
27018,202,176,378,
27019,222,169,391,
27020,170,162,332,
27021,195,174,369,
27022,240,171,411,
27023,232,189,421,
27024,212,166,378,
27027,218,177,395,
27028,151,120,271,
27029,221,157,378,
27031,231,191,422,
27033,210,166,376,
27038,204,160,364,
27039,203,151,354,
27042,204,155,359,
27043,212,164,376,
27044,208,176,384,
27045,218,155,373,
27047,195,161,356,
27048,14,3,17,
27049,204,179,383,
27052,221,160,381,
27054,218,151,369,
27055,219,178,397,
27057,218,172,390,
27059,215,169,384,
27060,199,173,372,
27061,31,36,67,
27063,220,154,374,
27064,171,162,333,
27065,45,31,76,
27066,247,172,419,
27067,212,168,380,
27068,186,151,337,
27069,35,27,62,
27070,232,167,399,
27071,216,159,375,
27072,189,157,346,
27073,217,185,402,
27075,216,190,406,
27076,217,178,395,
27077,201,158,359,
27078,201,167,368,
27079,216,142,358,
27082,214,156,370,
27083,227,151,378,
27084,245,156,401,
27086,215,177,392,
27087,210,148,358,
27088,227,175,402,
27089,209,154,363,
27090,191,133,324,
27091,210,169,379,
27092,230,160,390,
27093,205,177,382,
27095,216,161,377,
27096,220,152,372,
27097,204,176,380,
27098,236,153,389,
27099,212,185,397,
27100,197,175,372,
27101,32,31,63,
27102,196,162,358,
27103,203,149,352,
27104,212,149,361,
27107,211,162,373,
27109,198,145,343,
27110,201,167,368,
27111,215,158,373,
27114,224,171,395,
27116,18,23,41,
27117,228,161,389,
27118,199,163,362,
27119,48,51,99,
27120,204,188,392,
27121,220,135,355,
27122,235,186,421,
27124,223,181,404,
27125,143,136,279,
27126,227,189,416,
27127,205,152,357,
27128,243,183,426,
27129,228,168,396,
27132,180,162,342,
27133,41,41,82,
27134,202,182,384,
27136,223,178,401,
27137,223,148,371,
27139,199,164,363,
27141,192,165,357,
27142,221,149,370,
27143,207,151,358,
27145,181,181,362,
27147,214,163,377,
27150,25,17,42,
27151,156,136,292,
27152,200,158,358,
27153,202,158,360,
27155,197,166,363,
27156,237,154,391,
27158,224,151,375,
27159,225,147,372,
27160,14,10,24,
27161,224,161,385,
27164,217,160,377,
27165,197,143,340,
27166,220,155,375,
27167,198,155,353,
27168,224,166,390,
27169,188,163,351,
27170,209,186,395,
27173,219,170,389,
27174,196,177,373,
27179,191,183,374,
27180,210,136,346,
27181,231,173,404,
27183,235,153,388,
27184,203,175,378,
27185,160,138,298,
27186,229,189,418,
27187,213,177,390,
27188,227,163,390,
27189,217,174,391,
27192,252,171,423,
27193,221,157,378,
27194,207,162,369,
27197,206,157,363,
27198,198,168,366,
27199,237,177,414,
27200,205,188,393,
27201,212,152,364,
27202,205,172,377,
27203,221,162,383,
27204,211,148,359,
27205,201,144,345,
27206,184,172,356,
27207,153,130,283,
27210,215,148,363,
27212,208,158,366,
27213,216,169,385,
27214,17,17,34,
27216,196,157,353,
27217,207,170,377,
27219,219,152,371,
27220,178,163,341,
27221,225,179,404,
27223,213,172,385,
27225,223,168,391,
27226,240,169,409,
27229,192,166,358,
27232,235,162,397,
27234,211,169,380,
27235,191,181,372,
27236,35,23,58,
27237,214,157,371,
27240,204,147,351,
27241,217,166,383,
27242,229,180,409,
27244,201,154,355,
27245,199,186,385,
27246,205,171,376,
27247,207,155,362,
27248,210,163,373,
27250,191,159,350,
27251,192,156,348,
27252,204,172,376,
27253,219,175,394,
27255,210,168,378,
27256,179,155,334,
27257,200,146,346,
27258,180,139,319,
27259,207,159,366,
27260,229,164,393,
27262,184,138,322,
27263,214,180,394,
27265,37,18,55,
27266,188,162,350,
27267,207,163,370,
27271,226,176,402,
27272,192,171,363,
27273,207,177,384,
27274,195,159,354,
27275,202,169,371,
27276,205,137,342,
27277,205,188,393,
27278,225,176,401,
27280,211,209,420,
27284,172,169,341,
27286,232,172,404,
27287,199,155,354,
27288,205,160,365,
27290,230,178,408,
27291,214,174,388,
27292,196,134,330,
27293,228,169,397,
27294,186,177,363,
27295,195,127,322,
27296,202,159,361,
27297,207,205,412,
27298,222,172,394,
27299,195,164,359,
27300,12,13,25,
27301,207,179,386,
27304,22,20,42,
27305,198,142,340,
27306,236,194,430,
27307,218,140,358,
27308,235,142,377,
27309,197,159,356,
27310,218,172,390,
27311,216,176,392,
27314,193,185,378,
27315,165,156,321,
27316,28,20,48,
27317,32,29,61,
27318,211,190,401,
27319,30,17,47,
27320,229,172,401,
27321,203,169,372,
27322,202,163,365,
27324,26,13,39,
27325,210,162,372,
27326,151,170,321,
27327,202,167,369,
27328,225,188,413,
27329,192,185,377,
27330,206,154,360,
27331,224,159,383,
27332,211,168,379,
27333,216,167,383,
27334,199,173,372,
27335,194,173,367,
27336,214,156,370,
27337,187,152,339,
27338,186,164,350,
27339,32,34,66,
27340,175,182,357,
27341,200,161,361,
27342,212,161,373,
27343,211,155,366,
27344,250,183,433,
27346,195,155,350,
27347,197,176,373,
27348,197,160,357,
27349,235,179,414,
27351,29,26,55,
27353,213,149,362,
27355,202,186,388,
27356,199,164,363,
27357,225,168,393,
27360,195,173,368,
27361,241,166,407,
27363,202,179,381,
27364,196,143,339,
27365,222,165,387,
27366,207,165,372,
27367,227,155,382,
27368,210,151,361,
27369,168,157,325,
27370,218,170,388,
27373,174,157,331,
27374,32,22,54,
27375,213,154,367,
27376,31,21,52,
27377,214,178,392,
27378,186,171,357,
27379,199,178,377,
27380,232,181,413,
27381,217,151,368,
27382,214,169,383,
27383,225,179,404,
27384,206,172,378,
27385,197,165,362,
27386,199,148,347,
27387,211,179,390,
27388,196,164,360,
27389,216,161,377,
27390,238,147,385,
27392,202,135,337,
27394,224,133,357,
27395,207,181,388,
27396,211,154,365,
27399,221,152,373,
27400,193,173,366,
27402,216,165,381,
27404,201,147,348,
27405,213,195,408,
27407,223,141,364,
27408,231,147,378,
27409,203,168,371,
27410,225,166,391,
27411,210,157,367,
27413,198,158,356,
27414,206,153,359,
27415,227,191,418,
27416,195,177,372,
27417,191,150,341,
27418,225,181,406,
27419,187,168,355,
27420,193,158,351,
27422,196,157,353,
27423,235,154,389,
27424,222,172,394,
27426,27,28,55,
27428,194,152,346,
27430,176,101,277,
27431,207,170,377,
27432,229,162,391,
27433,167,186,353,
27435,207,148,355,
27436,184,172,356,
27437,207,179,386,
27438,228,163,391,
27439,175,171,346,
27440,212,171,383,
27441,207,179,386,
27442,196,169,365,
27444,217,152,369,
27446,224,182,406,
27448,216,167,383,
27450,230,143,373,
27451,235,158,393,
27453,197,138,335,
27454,30,20,50,
27455,192,184,376,
27456,203,149,352,
27457,223,192,415,
27458,200,154,354,
27460,206,175,381,
27461,217,173,390,
27462,230,161,391,
27463,197,196,393,
27464,224,186,410,
27465,202,170,372,
27467,234,150,384,
27469,202,176,378,
27470,209,173,382,
27471,201,147,348,
27472,201,159,360,
27473,211,161,372,
27474,235,155,390,
27475,229,152,381,
27477,12,12,24,
27478,193,116,309,
27480,215,163,378,
27481,219,173,392,
27482,188,164,352,
27483,204,168,372,
27484,213,147,360,
27485,210,189,399,
27486,195,174,369,
27487,188,160,348,
27488,168,122,290,
27490,222,153,375,
27491,190,159,349,
27492,216,173,389,
27494,225,160,385,
27495,186,136,322,
27496,232,187,419,
27497,231,163,394,
27498,223,179,402,
27499,225,157,382,
27500,204,153,357,
27502,185,148,333,
27505,204,143,347,
27507,226,136,362,
27508,223,174,397,
27509,27,17,44,
27511,12,13,25,
27512,228,165,393,
27513,201,179,380,
27514,42,24,66,
27515,219,156,375,
27516,232,164,396,
27517,214,150,364,
27518,221,163,384,
27520,218,146,364,
27521,36,31,67,
27522,202,171,373,
27524,222,174,396,
27525,220,168,388,
27526,204,170,374,
27527,225,142,367,
27529,226,159,385,
27530,185,165,350,
27531,6,5,11,
27532,243,146,389,
27533,196,176,372,
27534,237,111,348,
27536,193,172,365,
27537,228,144,372,
27538,163,145,308,
27539,218,158,376,
27541,197,142,339,
27542,206,164,370,
27543,32,23,55,
27545,197,182,379,
27546,212,180,392,
27547,230,176,406,
27551,173,133,306,
27553,213,157,370,
27554,191,151,342,
27558,267,174,441,
27559,212,180,392,
27560,217,176,393,
27562,204,188,392,
27563,218,166,384,
27565,204,178,382,
27568,190,155,345,
27569,17,15,32,
27570,220,170,390,
27571,217,139,356,
27573,214,183,397,
27575,241,184,425,
27576,210,157,367,
27577,212,165,377,
27578,193,185,378,
27579,10,13,23,
27580,194,174,368,
27581,192,185,377,
27582,203,175,378,
27583,216,173,389,
27584,214,161,375,
27585,184,175,359,
27587,201,153,354,
27588,214,178,392,
27591,197,200,397,
27592,233,147,380,
27594,231,140,371,
27595,180,168,348,
27596,215,162,377,
27597,35,26,61,
27598,183,189,372,
27599,189,154,343,
27600,217,196,413,
27601,233,158,391,
27602,219,138,357,
27605,214,176,390,
27606,214,142,356,
27607,201,152,353,
27608,210,141,351,
27609,183,150,333,
27610,177,157,334,
27612,43,28,71,
27613,198,148,346,
27614,191,147,338,
27616,171,124,295,
27619,213,171,384,
27622,29,18,47,
27624,213,152,365,
27627,215,157,372,
27628,209,178,387,
27629,209,183,392,
27630,217,183,400,
27631,211,170,381,
27632,188,162,350,
27633,230,179,409,
27634,210,145,355,
27635,206,151,357,
27636,201,172,373,
27638,209,156,365,
27639,196,129,325,
27640,227,121,348,
27642,186,159,345,
27643,227,150,377,
27644,225,170,395,
27645,207,176,383,
27646,168,154,322,
27647,200,188,388,
27648,209,165,374,
27649,219,170,389,
27650,212,176,388,
27651,198,160,358,
27652,187,165,352,
27653,215,152,367,
27654,207,178,385,
27658,225,149,374,
27659,209,183,392,
27660,167,120,287,
27661,199,160,359,
27662,34,12,46,
27663,242,160,402,
27664,205,167,372,
27665,221,189,410,
27668,170,160,330,
27669,196,158,354,
27671,231,185,416,
27672,215,143,358,
27673,215,137,352,
27674,182,164,346,
27677,206,159,365,
27678,211,161,372,
27681,242,146,388,
27682,172,175,347,
27683,217,161,378,
27684,213,164,377,
27688,199,156,355,
27689,214,156,370,
27691,203,170,373,
27693,210,183,393,
27694,200,146,346,
27695,243,191,434,
27698,227,164,391,
27701,189,179,368,
27703,214,183,397,
27705,227,184,411,
27706,209,152,361,
27707,213,182,395,
27708,231,180,411,
27710,160,136,296,
27711,218,164,382,
27712,229,177,406,
27713,251,155,406,
27714,38,16,54,
27716,230,190,420,
27717,215,184,399,
27718,207,145,352,
27719,186,166,352,
27720,229,146,375,
27722,200,154,354,
27723,228,166,394,
27724,211,168,379,
27725,203,154,357,
27728,214,171,385,
27729,227,162,389,
27730,218,172,390,
27731,218,190,408,
27732,208,184,392,
27733,184,176,360,
27734,230,151,381,
27737,165,112,277,
27739,4,6,10,
27740,219,170,389,
27741,205,164,369,
27743,222,165,387,
27744,219,165,384,
27747,215,164,379,
27748,222,166,388,
27749,214,203,417,
27750,240,166,406,
27752,47,29,76,
27753,217,168,385,
27754,246,154,400,
27755,212,180,392,
27756,28,31,59,
27757,198,176,374,
27759,218,149,367,
27761,204,171,375,
27762,166,98,264,
27763,207,147,354,
27764,210,156,366,
27765,218,155,373,
27766,189,161,350,
27768,211,168,379,
27769,194,179,373,
27770,210,172,382,
27773,197,166,363,
27775,205,143,348,
27776,202,187,389,
27779,201,169,370,
27780,207,168,375,
27781,221,161,382,
27782,209,176,385,
27783,215,143,358,
27784,217,163,380,
27785,212,176,388,
27786,211,156,367,
27787,210,167,377,
27788,201,168,369,
27789,212,164,376,
27791,225,157,382,
27792,225,177,402,
27793,189,142,331,
27794,215,156,371,
27796,246,164,410,
27797,202,155,357,
27798,237,150,387,
27799,237,169,406,
27801,189,176,365,
27802,199,162,361,
27803,214,141,355,
27804,225,178,403,
27805,219,171,390,
27806,220,179,399,
27807,204,158,362,
27809,221,156,377,
27810,42,27,69,
27811,211,134,345,
27812,230,175,405,
27813,209,187,396,
27814,203,190,393,
27816,182,152,334,
27818,210,154,364,
27819,229,179,408,
27820,219,157,376,
27821,200,145,345,
27823,216,165,381,
27824,28,14,42,
27828,225,168,393,
27830,199,168,367,
27831,154,112,266,
27832,213,138,351,
27833,142,126,268,
27835,226,172,398,
27837,180,131,311,
27838,33,26,59,
27839,193,161,354,
27841,175,144,319,
27842,183,147,330,
27843,218,161,379,
27844,196,162,358,
27846,193,151,344,
27847,37,19,56,
27848,212,168,380,
27850,195,167,362,
27851,194,156,350,
27852,223,164,387,
27854,216,176,392,
27856,187,151,338,
27857,185,161,346,
27859,232,149,381,
27860,215,167,382,
27861,193,159,352,
27862,229,161,390,
27865,194,146,340,
27867,36,24,60,
27870,169,188,357,
27871,202,147,349,
27872,159,179,338,
27873,219,173,392,
27875,207,167,374,
27876,189,152,341,
27877,211,160,371,
27878,207,142,349,
27879,198,164,362,
27880,200,164,364,
27881,207,146,353,
27882,214,159,373,
27883,204,143,347,
27884,218,169,387,
27885,211,164,375,
27887,211,139,350,
27888,216,155,371,
27889,227,176,403,
27892,53,31,84,
27895,227,158,385,
27896,209,152,361,
27897,211,169,380,
27898,210,165,375,
27899,206,148,354,
27900,186,159,345,
27901,189,196,385,
27902,31,25,56,
27903,218,161,379,
27904,210,181,391,
27905,240,169,409,
27907,216,188,404,
27908,236,129,365,
27909,234,163,397,
27910,226,149,375,
27911,243,179,422,
27912,240,193,433,
27915,190,162,352,
27916,208,160,368,
27917,201,170,371,
27918,196,193,389,
27919,202,157,359,
27920,203,171,374,
27921,226,144,370,
27922,223,160,383,
27923,203,166,369,
27925,195,138,333,
27926,200,139,339,
27927,212,168,380,
27928,191,153,344,
27929,218,163,381,
27930,193,190,383,
27931,211,138,349,
27933,240,142,382,
27934,203,160,363,
27938,196,183,379,
27939,234,170,404,
27940,199,182,381,
27941,209,182,391,
27942,190,171,361,
27943,196,172,368,
27944,208,145,353,
27945,199,166,365,
27946,211,149,360,
27948,161,148,309,
27949,203,180,383,
27950,220,176,396,
27952,207,173,380,
27954,215,164,379,
27955,209,178,387,
27956,181,159,340,
27957,194,171,365,
27958,200,171,371,
27960,216,192,408,
27961,36,23,59,
27962,228,163,391,
27963,201,183,384,
27964,207,184,391,
27967,219,175,394,
27968,185,152,337,
27969,203,147,350,
27971,204,190,394,
27972,203,150,353,
27973,214,167,381,
27974,199,168,367,
27976,242,177,419,
27977,183,168,351,
27979,201,165,366,
27981,226,153,379,
27982,216,163,379,
27983,190,145,335,
27984,234,186,420,
27985,223,169,392,
27986,194,164,358,
27987,212,155,367,
27988,212,150,362,
27990,35,26,61,
27992,32,18,50,
27993,178,171,349,
27994,203,153,356,
27995,182,145,327,
27996,225,174,399,
27998,230,181,411,
28000,197,150,347,
28002,215,172,387,
28003,193,156,349,
28005,38,40,78,
28007,152,120,272,
28008,32,13,45,
28009,225,164,389,
28011,197,187,384,
28012,215,165,380,
28013,196,115,311,
28014,200,153,353,
28016,225,173,398,
28019,203,147,350,
28020,182,165,347,
28021,217,187,404,
28022,3,5,8,
28023,196,168,364,
28025,237,177,414,
28026,240,124,364,
28028,182,128,310,
28029,234,165,399,
28033,220,150,370,
28034,209,163,372,
28035,211,177,388,
28036,212,165,377,
28037,229,167,396,
28038,233,168,401,
28039,220,183,403,
28040,202,186,388,
28041,208,183,391,
28042,239,166,405,
28043,184,166,350,
28045,204,177,381,
28046,208,155,363,
28047,197,158,355,
28048,213,186,399,
28049,5,2,7,
28050,212,149,361,
28051,244,151,395,
28052,192,176,368,
28053,29,32,61,
28054,198,170,368,
28055,182,164,346,
28056,210,174,384,
28057,228,168,396,
28058,215,152,367,
28059,205,148,353,
28061,35,19,54,
28063,220,162,382,
28064,215,148,363,
28066,11,8,19,
28067,179,145,324,
28069,3,2,5,
28071,221,146,367,
28072,217,155,372,
28074,211,173,384,
28075,199,195,394,
28076,214,172,386,
28077,218,196,414,
28078,189,186,375,
28079,217,162,379,
28080,233,176,409,
28082,200,147,347,
28083,191,178,369,
28086,195,168,363,
28087,197,168,365,
28088,203,188,391,
28089,239,177,416,
28090,224,192,416,
28091,214,171,385,
28093,207,151,358,
28094,208,163,371,
28095,216,192,408,
28096,197,132,329,
28097,184,182,366,
28098,213,150,363,
28099,229,172,401,
28101,188,191,379,
28102,223,173,396,
28103,27,18,45,
28104,190,174,364,
28106,217,137,354,
28107,209,173,382,
28109,210,169,379,
28110,193,169,362,
28111,199,144,343,
28113,212,173,385,
28116,221,179,400,
28117,197,161,358,
28118,201,152,353,
28119,209,164,373,
28120,240,161,401,
28121,220,160,380,
28122,223,182,405,
28123,216,150,366,
28124,201,155,356,
28125,172,140,312,
28126,186,171,357,
28129,198,171,369,
28133,210,142,352,
28134,214,163,377,
28135,207,192,399,
28137,193,196,389,
28138,196,190,386,
28139,219,166,385,
28141,181,184,365,
28142,222,156,378,
28143,171,126,297,
28144,214,150,364,
28148,216,160,376,
28149,212,178,390,
28150,191,161,352,
28151,221,168,389,
28152,205,184,389,
28153,215,166,381,
28154,183,150,333,
28156,203,150,353,
28157,184,151,335,
28158,186,167,353,
28159,192,164,356,
28160,202,168,370,
28162,212,175,387,
28163,189,164,353,
28164,187,156,343,
28165,66,41,107,
28166,212,154,366,
28168,207,165,372,
28169,217,161,378,
28171,204,154,358,
28173,232,155,387,
28174,227,159,386,
28175,240,178,418,
28176,205,167,372,
28177,219,172,391,
28178,209,186,395,
28180,226,178,404,
28181,22,21,43,
28182,183,146,329,
28184,214,162,376,
28185,198,138,336,
28186,205,190,395,
28187,207,179,386,
28188,184,162,346,
28189,203,157,360,
28190,20,13,33,
28191,223,168,391,
28192,206,155,361,
28194,230,175,405,
28195,209,153,362,
28196,178,169,347,
28197,197,140,337,
28198,208,173,381,
28199,236,168,404,
28200,214,172,386,
28201,197,154,351,
28202,203,179,382,
28203,200,158,358,
28204,233,169,402,
28205,229,148,377,
28206,224,172,396,
28207,133,92,225,
28208,251,178,429,
28209,202,194,396,
28210,223,166,389,
28211,205,143,348,
28212,211,185,396,
28213,202,169,371,
28214,217,170,387,
28215,218,168,386,
28217,207,172,379,
28218,205,190,395,
28219,214,177,391,
28221,240,171,411,
28222,207,150,357,
28224,206,167,373,
28225,190,158,348,
28227,209,171,380,
28228,16,15,31,
28229,174,156,330,
28230,216,153,369,
28231,22,10,32,
28232,201,154,355,
28233,216,168,384,
28234,9,1,10,
28235,212,171,383,
28236,220,161,381,
28237,224,174,398,
28238,228,165,393,
28239,221,162,383,
28240,227,143,370,
28241,243,163,406,
28242,214,147,361,
28243,225,172,397,
28245,192,163,355,
28246,225,155,380,
28247,189,165,354,
28248,233,159,392,
28249,210,194,404,
28250,208,161,369,
28252,222,140,362,
28253,196,154,350,
28254,207,168,375,
28255,199,184,383,
28256,196,164,360,
28258,227,174,401,
28259,212,167,379,
28260,205,154,359,
28261,228,175,403,
28263,218,160,378,
28264,218,169,387,
28265,227,169,396,
28266,215,166,381,
28267,230,172,402,
28268,193,169,362,
28269,234,163,397,
28270,201,173,374,
28271,243,170,413,
28272,198,182,380,
28273,231,156,387,
28274,212,158,370,
28276,191,164,355,
28279,213,178,391,
28280,239,174,413,
28282,191,127,318,
28283,163,154,317,
28284,198,179,377,
28285,225,168,393,
28286,202,174,376,
28287,200,189,389,
28288,194,165,359,
28289,206,146,352,
28290,217,160,377,
28291,217,191,408,
28292,225,187,412,
28293,212,184,396,
28295,195,178,373,
28296,243,140,383,
28297,189,141,330,
28298,178,184,362,
28300,208,158,366,
28301,204,173,377,
28302,208,160,368,
28303,191,166,357,
28304,193,168,361,
28306,224,159,383,
28307,211,153,364,
28308,224,157,381,
28309,199,158,357,
28311,220,152,372,
28312,208,191,399,
28313,225,156,381,
28314,214,168,382,
28315,199,132,331,
28316,223,171,394,
28317,203,167,370,
28318,223,150,373,
28319,203,162,365,
28321,215,180,395,
28322,218,150,368,
28323,242,172,414,
28324,181,151,332,
28326,240,146,386,
28327,227,177,404,
28329,192,185,377,
28330,208,187,395,
28331,211,167,378,
28332,150,115,265,
28333,239,165,404,
28337,235,172,407,
28338,203,163,366,
28339,232,118,350,
28340,206,168,374,
28341,216,168,384,
28342,211,153,364,
28345,202,176,378,
28346,237,185,422,
28347,212,162,374,
28348,226,157,383,
28350,224,164,388,
28352,24,30,54,
28353,199,171,370,
28354,186,138,324,
28355,218,144,362,
28356,188,157,345,
28359,205,156,361,
28362,194,150,344,
28364,226,136,362,
28365,204,157,361,
28366,224,163,387,
28367,197,172,369,
28369,212,168,380,
28370,197,165,362,
28371,194,165,359,
28372,206,162,368,
28373,192,176,368,
28374,207,154,361,
28375,207,181,388,
28376,200,157,357,
28377,217,165,382,
28381,219,167,386,
28382,202,166,368,
28383,199,176,375,
28384,210,162,372,
28387,199,161,360,
28388,224,169,393,
28389,210,139,349,
28390,199,171,370,
28391,189,176,365,
28392,210,192,402,
28394,227,149,376,
28395,209,170,379,
28396,202,164,366,
28397,210,160,370,
28398,211,170,381,
28402,228,168,396,
28403,209,184,393,
28404,212,162,374,
28405,197,185,382,
28406,215,176,391,
28407,26,18,44,
28408,135,113,248,
28409,201,153,354,
28411,215,157,372,
28413,224,153,377,
28414,222,158,380,
28415,199,146,345,
28417,217,164,381,
28418,195,152,347,
28419,7,3,10,
28420,205,155,360,
28421,226,163,389,
28422,212,183,395,
28424,213,174,387,
28425,218,169,387,
28427,223,161,384,
28430,211,176,387,
28431,191,150,341,
28432,201,178,379,
28433,239,192,431,
28434,180,154,334,
28435,223,157,380,
28436,259,160,419,
28437,205,157,362,
28438,200,174,374,
28439,219,171,390,
28440,151,137,288,
28441,212,158,370,
28442,194,153,347,
28443,203,143,346,
28444,202,163,365,
28445,215,167,382,
28446,223,166,389,
28447,214,178,392,
28448,193,155,348,
28449,215,176,391,
28450,217,160,377,
28451,196,175,371,
28452,194,133,327,
28453,215,147,362,
28454,213,166,379,
28455,204,125,329,
28457,210,181,391,
28458,23,12,35,
28459,205,158,363,
28460,227,165,392,
28461,236,153,389,
28462,179,188,367,
28464,224,167,391,
28466,213,164,377,
28467,200,163,363,
28468,214,151,365,
28470,229,173,402,
28471,222,170,392,
28472,214,183,397,
28474,203,169,372,
28475,207,154,361,
28477,212,170,382,
28478,252,154,406,
28479,185,187,372,
28480,203,165,368,
28481,214,179,393,
28483,213,162,375,
28484,204,158,362,
28485,208,160,368,
28487,230,186,416,
28488,183,175,358,
28489,21,15,36,
28492,222,181,403,
28493,209,149,358,
28494,217,184,401,
28495,220,192,412,
28497,210,158,368,
28499,205,186,391,
28501,216,168,384,
28502,203,161,364,
28503,131,115,246,
28504,205,160,365,
28505,226,168,394,
28507,219,157,376,
28508,207,154,361,
28509,198,159,357,
28510,214,167,381,
28511,208,177,385,
28512,240,184,424,
28513,214,169,383,
28514,218,146,364,
28515,194,165,359,
28516,178,169,347,
28518,218,187,405,
28519,197,169,366,
28520,211,167,378,
28521,180,156,336,
28522,233,167,400,
28523,200,167,367,
28524,211,194,405,
28526,211,171,382,
28532,207,176,383,
28533,232,140,372,
28534,182,160,342,
28536,222,172,394,
28537,214,164,378,
28539,216,154,370,
28541,237,160,397,
28544,205,134,339,
28545,152,135,287,
28546,239,175,414,
28547,203,188,391,
28548,206,155,361,
28549,193,159,352,
28552,229,174,403,
28554,197,156,353,
28555,189,182,371,
28557,204,158,362,
28559,198,141,339,
28560,30,31,61,
28562,36,30,66,
28563,209,159,368,
28564,179,179,358,
28565,234,169,403,
28566,203,171,374,
28568,232,151,383,
28570,210,146,356,
28571,226,171,397,
28572,199,187,386,
28574,183,175,358,
28577,201,164,365,
28578,212,151,363,
28579,225,168,393,
28580,208,163,371,
28581,209,170,379,
28582,212,173,385,
28583,223,167,390,
28584,199,160,359,
28586,210,185,395,
28588,212,180,392,
28589,214,158,372,
28590,193,146,339,
28591,170,129,299,
28594,186,169,355,
28595,207,173,380,
28596,209,165,374,
28598,224,149,373,
28599,178,133,311,
28601,215,171,386,
28602,201,170,371,
28604,198,162,360,
28605,256,159,415,
28606,208,154,362,
28607,213,161,374,
28610,191,175,366,
28611,188,169,357,
28613,210,177,387,
28614,196,173,369,
28615,182,133,315,
28616,210,143,353,
28617,157,133,290,
28618,204,161,365,
28621,203,164,367,
28622,210,161,371,
28623,178,174,352,
28624,237,154,391,
28626,206,154,360,
28627,200,163,363,
28628,235,161,396,
28629,19,16,35,
28630,191,163,354,
28631,214,166,380,
28632,152,137,289,
28633,228,185,413,
28634,214,154,368,
28635,190,159,349,
28637,196,176,372,
28639,177,170,347,
28640,206,169,375,
28641,219,178,397,
28642,218,188,406,
28643,242,153,395,
28644,200,170,370,
28646,212,174,386,
28647,203,161,364,
28648,202,165,367,
28649,20,18,38,
28650,192,143,335,
28651,187,178,365,
28652,202,176,378,
28653,215,157,372,
28655,138,108,246,
28656,212,170,382,
28657,196,174,370,
28658,205,164,369,
28659,206,173,379,
28661,126,115,241,
28662,228,170,398,
28663,205,151,356,
28664,218,158,376,
28665,233,146,379,
28667,202,170,372,
28669,202,177,379,
28670,212,184,396,
28672,197,157,354,
28673,210,167,377,
28675,200,165,365,
28676,198,172,370,
28677,197,167,364,
28679,221,165,386,
28680,206,167,373,
28681,196,155,351,
28682,221,172,393,
28683,44,41,85,
28684,220,156,376,
28685,184,162,346,
28686,211,162,373,
28687,200,179,379,
28690,205,159,364,
28691,208,165,373,
28692,220,158,378,
28693,242,164,406,
28694,38,33,71,
28695,242,162,404,
28696,217,138,355,
28697,187,159,346,
28698,205,135,340,
28699,210,162,372,
28700,210,179,389,
28703,235,155,390,
28704,237,157,394,
28705,224,165,389,
28706,216,178,394,
28707,211,164,375,
28708,197,153,350,
28710,204,174,378,
28711,13,7,20,
28712,214,156,370,
28713,222,180,402,
28716,194,147,341,
28717,207,154,361,
28718,224,168,392,
28719,218,136,354,
28720,133,104,237,
28721,177,90,267,
28722,215,159,374,
28724,212,178,390,
28726,232,155,387,
28727,199,163,362,
28728,208,200,408,
28729,215,164,379,
28730,215,167,382,
28731,223,155,378,
28733,193,169,362,
28734,213,182,395,
28735,232,153,385,
28736,198,169,367,
28737,200,175,375,
28738,179,159,338,
28739,196,167,363,
28743,13,19,32,
28747,191,166,357,
28749,198,170,368,
28750,183,174,357,
28751,221,155,376,
28752,205,156,361,
28754,212,160,372,
28755,29,19,48,
28756,226,151,377,
28757,217,126,343,
28758,217,167,384,
28759,218,165,383,
28761,249,159,408,
28763,227,133,360,
28764,198,155,353,
28765,195,153,348,
28766,216,190,406,
28767,230,183,413,
28768,239,173,412,
28769,222,168,390,
28772,213,134,347,
28773,207,157,364,
28775,204,171,375,
28776,206,157,363,
28777,183,157,340,
28778,208,163,371,
28780,223,124,347,
28781,210,150,360,
28782,215,175,390,
28783,212,176,388,
28786,220,185,405,
28788,35,24,59,
28789,189,163,352,
28792,209,142,351,
28794,181,147,328,
28795,197,178,375,
28796,214,129,343,
28797,209,170,379,
28799,190,161,351,
28800,202,180,382,
28801,210,163,373,
28802,205,165,370,
28803,32,21,53,
28804,214,152,366,
28805,205,157,362,
28806,208,154,362,
28807,9,8,17,
28808,217,158,375,
28809,215,176,391,
28810,203,168,371,
28811,179,160,339,
28813,210,158,368,
28814,227,160,387,
28815,169,131,300,
28816,242,182,424,
28818,206,161,367,
28819,202,179,381,
28820,216,163,379,
28821,203,177,380,
28822,194,165,359,
28823,194,176,370,
28824,225,166,391,
28825,29,26,55,
28827,196,130,326,
28828,227,174,401,
28829,223,148,371,
28830,211,156,367,
28832,257,174,431,
28833,239,171,410,
28834,207,167,374,
28837,231,168,399,
28838,228,154,382,
28840,209,173,382,
28841,207,165,372,
28843,213,171,384,
28844,208,123,331,
28845,239,177,416,
28847,207,176,383,
28850,206,139,345,
28853,202,157,359,
28854,164,122,286,
28855,234,138,372,
28857,189,185,374,
28858,203,152,355,
28859,228,190,418,
28860,226,153,379,
28863,203,180,383,
28864,218,170,388,
28867,194,163,357,
28868,217,161,378,
28870,207,160,367,
28871,214,169,383,
28872,211,156,367,
28873,237,160,397,
28874,207,181,388,
28875,226,156,382,
28876,206,172,378,
28878,218,186,404,
28881,205,172,377,
28882,206,162,368,
28883,204,141,345,
28884,225,165,390,
28885,177,182,359,
28886,229,184,413,
28887,181,179,360,
28888,212,157,369,
28890,225,172,397,
28891,205,149,354,
28892,211,159,370,
28893,205,204,409,
28894,223,170,393,
28895,221,166,387,
28897,31,20,51,
28898,251,155,406,
28899,189,171,360,
28900,229,142,371,
28902,219,144,363,
28903,35,40,75,
28904,210,163,373,
28906,223,145,368,
28908,31,26,57,
28910,187,170,357,
28911,208,153,361,
28912,35,19,54,
28913,213,169,382,
28914,221,158,379,
28915,212,156,368,
28916,197,183,380,
28919,205,147,352,
28920,221,162,383,
28921,199,176,375,
28922,183,168,351,
28923,206,173,379,
28924,206,164,370,
28925,198,183,381,
28927,227,160,387,
28928,186,175,361,
28929,227,174,401,
28930,240,159,399,
28933,189,157,346,
28934,211,181,392,
28936,219,146,365,
28939,222,170,392,
28940,205,149,354,
28941,1,1,2,
28942,222,176,398,
28943,247,152,399,
28944,206,168,374,
28946,213,143,356,
28947,210,149,359,
28948,208,165,373,
28950,240,152,392,
28952,212,147,359,
28953,185,170,355,
28955,193,151,344,
28957,172,178,350,
28959,204,183,387,
28960,205,156,361,
28961,211,167,378,
28962,213,169,382,
28964,216,172,388,
28965,225,189,414,
28967,215,177,392,
28969,197,174,371,
28970,201,164,365,
28971,229,142,371,
28972,20,24,44,
28973,207,153,360,
28974,222,178,400,
28976,254,158,412,
28977,181,175,356,
28979,211,155,366,
28980,210,174,384,
28981,225,173,398,
28983,222,151,373,
28990,208,144,352,
28991,239,164,403,
28993,182,180,362,
28994,224,154,378,
28995,214,170,384,
28996,187,154,341,
28997,220,149,369,
28998,156,137,293,
29000,238,171,409,
29001,210,157,367,
29002,195,185,380,
29003,180,146,326,
29004,206,159,365,
29006,196,182,378,
29007,189,199,388,
29008,207,161,368,
29011,224,176,400,
29013,221,181,402,
29014,237,159,396,
29015,240,176,416,
29016,208,177,385,
29018,201,184,385,
29019,147,132,279,
29021,138,93,231,
29022,196,152,348,
29026,219,147,366,
29027,225,155,380,
29028,190,173,363,
29029,205,168,373,
29030,204,172,376,
29031,200,181,381,
29033,224,166,390,
29034,200,185,385,
29036,187,163,350,
29038,206,158,364,
29040,224,157,381,
29043,216,159,375,
29044,216,145,361,
29045,204,177,381,
29046,233,156,389,
29047,223,165,388,
29048,178,147,325,
29049,214,160,374,
29050,223,183,406,
29051,236,169,405,
29052,230,194,424,
29054,201,170,371,
29055,18,15,33,
29056,222,151,373,
29057,208,162,370,
29058,185,158,343,
29059,217,167,384,
29060,218,164,382,
29061,194,159,353,
29063,187,186,373,
29065,194,161,355,
29066,190,167,357,
29070,215,172,387,
29071,184,177,361,
29072,209,155,364,
29073,209,146,355,
29074,198,186,384,
29075,226,203,429,
29077,204,164,368,
29078,149,93,242,
29079,214,178,392,
29080,193,175,368,
29082,182,190,372,
29086,141,108,249,
29087,215,166,381,
29088,191,144,335,
29089,220,171,391,
29090,206,158,364,
29091,192,166,358,
29092,198,170,368,
29094,218,173,391,
29096,202,168,370,
29098,238,175,413,
29100,211,186,397,
29101,227,169,396,
29102,212,154,366,
29103,185,163,348,
29106,213,168,381,
29107,211,157,368,
29110,231,177,408,
29111,211,179,390,
29112,197,145,342,
29113,204,169,373,
29115,202,170,372,
29116,215,156,371,
29119,225,152,377,
29120,198,161,359,
29121,198,178,376,
29125,196,156,352,
29126,221,171,392,
29128,219,183,402,
29129,210,154,364,
29130,219,152,371,
29131,208,150,358,
29133,27,19,46,
29134,185,154,339,
29135,5,3,8,
29136,217,160,377,
29137,201,172,373,
29138,193,174,367,
29139,218,171,389,
29140,225,160,385,
29141,217,175,392,
29143,206,159,365,
29144,220,139,359,
29145,211,174,385,
29146,201,192,393,
29148,180,167,347,
29149,210,163,373,
29150,196,178,374,
29151,199,178,377,
29152,225,151,376,
29153,219,156,375,
29155,206,170,376,
29156,181,146,327,
29157,195,187,382,
29158,133,141,274,
29159,253,178,431,
29160,210,171,381,
29161,205,167,372,
29166,206,157,363,
29168,207,175,382,
29169,204,161,365,
29170,187,168,355,
29173,217,148,365,
29174,187,151,338,
29175,235,175,410,
29177,186,158,344,
29178,5,5,10,
29179,210,179,389,
29180,211,172,383,
29181,207,161,368,
29182,32,22,54,
29183,189,161,350,
29184,191,169,360,
29185,13,18,31,
29187,193,174,367,
29188,203,163,366,
29189,212,171,383,
29190,205,164,369,
29191,179,175,354,
29192,224,154,378,
29193,218,180,398,
29194,202,186,388,
29195,223,152,375,
29196,237,166,403,
29197,204,168,372,
29199,235,158,393,
29200,220,179,399,
29202,212,150,362,
29203,211,173,384,
29204,212,143,355,
29205,205,164,369,
29206,206,145,351,
29207,212,155,367,
29209,226,173,399,
29210,216,156,372,
29212,221,192,413,
29213,211,168,379,
29216,174,132,306,
29217,184,170,354,
29218,215,166,381,
29219,217,172,389,
29220,214,152,366,
29221,209,159,368,
29223,225,144,369,
29225,200,164,364,
29228,205,161,366,
29229,171,156,327,
29230,208,178,386,
29232,205,196,401,
29233,220,151,371,
29234,215,162,377,
29235,218,168,386,
29236,231,176,407,
29239,231,158,389,
29240,210,184,394,
29244,187,175,362,
29245,238,161,399,
29246,237,166,403,
29248,220,173,393,
29250,178,172,350,
29252,223,157,380,
29253,224,148,372,
29254,216,145,361,
29255,207,155,362,
29256,190,166,356,
29257,226,156,382,
29258,208,198,406,
29259,220,164,384,
29260,192,166,358,
29263,207,144,351,
29265,221,166,387,
29267,205,160,365,
29269,194,181,375,
29272,196,156,352,
29273,210,169,379,
29274,223,174,397,
29275,212,167,379,
29276,219,172,391,
29277,218,178,396,
29280,218,163,381,
29281,178,153,331,
29282,211,156,367,
29283,33,24,57,
29284,198,181,379,
29285,210,158,368,
29286,199,136,335,
29287,216,157,373,
29288,221,145,366,
29289,217,166,383,
29290,212,148,360,
29291,187,153,340,
29292,215,162,377,
29293,234,159,393,
29295,194,165,359,
29296,208,172,380,
29297,224,186,410,
29298,214,166,380,
29299,200,187,387,
29300,217,144,361,
29301,214,163,377,
29303,195,154,349,
29304,207,172,379,
29305,211,171,382,
29306,221,152,373,
29307,206,162,368,
29308,233,147,380,
29309,181,153,334,
29310,193,167,360,
29311,203,171,374,
29312,195,161,356,
29313,234,170,404,
29314,201,151,352,
29316,187,165,352,
29317,190,164,354,
29318,172,163,335,
29319,197,161,358,
29320,211,149,360,
29321,202,144,346,
29322,204,172,376,
29324,214,163,377,
29325,172,154,326,
29327,226,155,381,
29328,152,151,303,
29329,217,158,375,
29330,142,122,264,
29331,213,185,398,
29332,230,155,385,
29333,198,148,346,
29334,184,148,332,
29336,208,158,366,
29338,193,143,336,
29341,225,155,380,
29342,190,161,351,
29343,223,185,408,
29344,220,149,369,
29345,185,171,356,
29346,193,184,377,
29347,193,141,334,
29348,222,159,381,
29349,216,163,379,
29350,212,171,383,
29351,213,164,377,
29352,188,141,329,
29353,220,161,381,
29354,41,31,72,
29355,183,173,356,
29357,204,190,394,
29358,165,132,297,
29359,185,165,350,
29361,208,152,360,
29362,191,175,366,
29363,187,165,352,
29364,207,178,385,
29365,223,163,386,
29366,208,166,374,
29367,23,23,46,
29368,193,177,370,
29369,204,164,368,
29370,215,152,367,
29371,228,150,378,
29372,200,190,390,
29374,221,178,399,
29375,239,181,420,
29376,207,173,380,
29377,123,123,246,
29378,229,166,395,
29379,184,167,351,
29380,174,137,311,
29381,30,41,71,
29382,214,169,383,
29383,224,154,378,
29384,229,155,384,
29385,239,159,398,
29387,172,147,319,
29388,211,151,362,
29389,217,154,371,
29390,198,131,329,
29391,229,180,409,
29392,242,156,398,
29393,204,155,359,
29394,197,168,365,
29395,229,162,391,
29396,216,153,369,
29397,31,28,59,
29398,243,191,434,
29399,213,148,361,
29400,235,200,435,
29402,207,162,369,
29403,179,173,352,
29404,195,158,353,
29405,217,158,375,
29406,195,165,360,
29408,206,165,371,
29409,235,168,403,
29410,190,163,353,
29411,220,174,394,
29412,231,154,385,
29413,226,165,391,
29415,183,167,350,
29417,222,158,380,
29418,195,163,358,
29419,203,155,358,
29421,192,173,365,
29422,219,177,396,
29423,192,160,352,
29425,207,167,374,
29426,215,164,379,
29427,221,159,380,
29428,224,152,376,
29430,201,159,360,
29431,225,165,390,
29432,216,142,358,
29433,192,180,372,
29434,210,135,345,
29435,227,164,391,
29436,210,142,352,
29437,223,160,383,
29438,189,190,379,
29439,196,171,367,
29441,132,112,244,
29442,179,158,337,
29444,212,162,374,
29445,223,186,409,
29446,231,147,378,
29448,213,160,373,
29449,195,187,382,
29450,177,130,307,
29451,208,159,367,
29452,211,175,386,
29453,215,157,372,
29454,194,169,363,
29457,224,156,380,
29459,150,122,272,
29460,225,170,395,
29461,207,181,388,
29462,189,143,332,
29463,189,202,391,
29464,199,186,385,
29465,200,156,356,
29466,222,167,389,
29467,224,165,389,
29468,238,185,423,
29470,199,196,395,
29473,224,151,375,
29474,235,166,401,
29475,188,164,352,
29477,196,155,351,
29478,189,174,363,
29479,202,177,379,
29481,200,171,371,
29482,222,165,387,
29483,210,161,371,
29484,213,163,376,
29485,209,153,362,
29486,209,155,364,
29487,219,190,409,
29490,195,170,365,
29491,239,172,411,
29492,201,139,340,
29493,206,125,331,
29494,212,130,342,
29495,217,165,382,
29496,192,183,375,
29497,222,163,385,
29499,29,24,53,
29500,236,146,382,
29501,195,167,362,
29502,213,169,382,
29503,197,166,363,
29505,215,158,373,
29506,191,129,320,
29507,196,158,354,
29508,204,139,343,
29509,202,156,358,
29510,212,160,372,
29511,218,134,352,
29512,208,155,363,
29514,203,184,387,
29515,198,164,362,
29516,230,156,386,
29517,249,174,423,
29518,211,168,379,
29519,220,165,385,
29520,197,159,356,
29522,217,154,371,
29524,211,164,375,
29525,196,156,352,
29526,200,193,393,
29528,208,172,380,
29529,216,168,384,
29530,205,164,369,
29531,210,182,392,
29532,34,29,63,
29533,217,170,387,
29534,262,165,427,
29535,234,165,399,
29536,204,152,356,
29537,222,173,395,
29538,211,158,369,
29539,218,163,381,
29540,211,194,405,
29542,213,164,377,
29543,213,152,365,
29544,239,144,383,
29547,206,178,384,
29548,42,25,67,
29549,206,162,368,
29551,209,172,381,
29552,179,172,351,
29553,235,161,396,
29555,24,20,44,
29557,200,157,357,
29559,217,147,364,
29561,212,177,389,
29562,239,159,398,
29564,209,150,359,
29565,217,172,389,
29566,203,180,383,
29569,233,172,405,
29570,219,168,387,
29571,185,175,360,
29572,212,175,387,
29573,26,18,44,
29575,187,177,364,
29576,194,164,358,
29578,196,203,399,
29579,224,165,389,
29580,33,15,48,
29582,210,147,357,
29583,215,170,385,
29584,169,133,302,
29585,206,148,354,
29586,165,137,302,
29588,219,186,405,
29589,217,168,385,
29593,199,143,342,
29594,185,174,359,
29595,237,149,386,
29596,239,171,410,
29597,213,159,372,
29598,162,149,311,
29599,142,135,277,
29600,216,149,365,
29601,216,164,380,
29603,206,160,366,
29604,232,182,414,
29605,177,162,339,
29606,205,144,349,
29607,220,155,375,
29608,186,142,328,
29609,175,160,335,
29610,217,194,411,
29611,195,169,364,
29612,18,20,38,
29614,189,187,376,
29616,217,167,384,
29617,40,39,79,
29619,200,157,357,
29622,188,178,366,
29623,220,157,377,
29624,217,174,391,
29625,224,150,374,
29626,219,176,395,
29628,194,172,366,
29629,27,20,47,
29631,211,161,372,
29632,213,160,373,
29633,230,161,391,
29634,194,157,351,
29636,209,185,394,
29637,219,176,395,
29638,212,158,370,
29639,213,162,375,
29640,243,137,380,
29641,192,148,340,
29642,210,177,387,
29644,206,187,393,
29645,29,25,54,
29647,172,187,359,
29648,203,163,366,
29649,215,148,363,
29650,221,161,382,
29651,230,159,389,
29652,200,178,378,
29653,124,116,240,
29654,215,159,374,
29655,208,166,374,
29656,201,181,382,
29658,206,158,364,
29659,209,168,377,
29663,227,182,409,
29664,207,154,361,
29665,199,158,357,
29666,18,23,41,
29667,212,171,383,
29668,196,169,365,
29669,191,159,350,
29673,225,159,384,
29674,224,160,384,
29675,186,161,347,
29676,211,180,391,
29677,208,148,356,
29678,215,161,376,
29679,201,173,374,
29680,23,20,43,
29681,214,168,382,
29682,197,177,374,
29683,232,169,401,
29685,183,155,338,
29686,190,156,346,
29687,217,163,380,
29689,184,153,337,
29690,192,126,318,
29691,213,158,371,
29692,206,172,378,
29693,159,127,286,
29694,207,164,371,
29695,206,161,367,
29697,229,168,397,
29698,10,13,23,
29699,213,136,349,
29700,210,135,345,
29701,201,155,356,
29704,223,173,396,
29706,196,181,377,
29708,206,160,366,
29709,206,174,380,
29710,222,165,387,
29711,216,186,402,
29712,214,155,369,
29714,203,149,352,
29716,224,142,366,
29717,178,155,333,
29718,216,163,379,
29719,239,181,420,
29720,201,142,343,
29721,222,159,381,
29722,218,173,391,
29723,210,169,379,
29724,218,179,397,
29725,25,17,42,
29727,202,176,378,
29728,201,172,373,
29730,217,168,385,
29731,207,149,356,
29733,199,146,345,
29734,46,23,69,
29736,228,167,395,
29737,230,152,382,
29738,234,162,396,
29739,232,193,425,
29740,215,179,394,
29741,197,175,372,
29742,201,184,385,
29743,219,175,394,
29744,190,163,353,
29745,218,136,354,
29746,222,152,374,
29747,225,168,393,
29750,215,182,397,
29751,212,160,372,
29752,209,149,358,
29753,221,171,392,
29754,211,174,385,
29755,231,172,403,
29756,207,163,370,
29758,209,154,363,
29760,195,176,371,
29761,191,168,359,
29762,193,177,370,
29763,217,166,383,
29764,193,144,337,
29765,205,154,359,
29766,145,112,257,
29767,219,145,364,
29768,218,151,369,
29769,192,169,361,
29770,226,181,407,
29771,204,168,372,
29772,195,193,388,
29773,241,168,409,
29774,187,155,342,
29775,219,175,394,
29777,213,193,406,
29778,30,26,56,
29780,222,171,393,
29781,207,164,371,
29782,202,176,378,
29783,206,174,380,
29786,224,183,407,
29787,213,171,384,
29788,209,173,382,
29789,185,182,367,
29790,203,151,354,
29791,198,177,375,
29792,216,170,386,
29793,215,171,386,
29795,217,158,375,
29796,215,187,402,
29798,196,174,370,
29799,232,150,382,
29800,199,169,368,
29801,215,146,361,
29803,217,162,379,
29804,214,188,402,
29805,214,163,377,
29807,179,128,307,
29808,210,152,362,
29809,221,182,403,
29810,224,183,407,
29811,207,163,370,
29812,32,36,68,
29813,203,152,355,
29814,209,167,376,
29816,226,171,397,
29818,204,154,358,
29819,187,181,368,
29820,39,33,72,
29821,225,175,400,
29822,200,177,377,
29823,219,161,380,
29824,172,190,362,
29825,240,153,393,
29826,229,159,388,
29827,48,31,79,
29828,10,3,13,
29829,198,161,359,
29830,223,161,384,
29831,209,163,372,
29832,223,164,387,
29833,204,166,370,
29834,235,165,400,
29835,206,167,373,
29836,219,188,407,
29838,205,142,347,
29839,203,167,370,
29840,202,182,384,
29841,34,37,71,
29843,217,190,407,
29844,203,163,366,
29845,231,160,391,
29846,185,193,378,
29848,213,152,365,
29849,206,168,374,
29851,190,159,349,
29852,130,132,262,
29853,238,154,392,
29854,33,31,64,
29855,33,16,49,
29856,231,166,397,
29857,185,172,357,
29858,199,175,374,
29859,207,154,361,
29860,216,171,387,
29861,223,182,405,
29862,230,164,394,
29863,180,180,360,
29864,222,182,404,
29865,143,147,290,
29866,202,198,400,
29868,238,176,414,
29869,206,170,376,
29870,190,157,347,
29871,201,174,375,
29872,220,148,368,
29874,214,169,383,
29876,200,186,386,
29877,211,149,360,
29878,173,159,332,
29880,211,147,358,
29881,228,155,383,
29882,246,160,406,
29883,203,180,383,
29885,207,165,372,
29886,227,171,398,
29887,169,198,367,
29891,202,196,398,
29892,207,148,355,
29893,221,154,375,
29895,206,170,376,
29897,231,155,386,
29900,215,146,361,
29901,192,173,365,
29903,213,136,349,
29904,205,180,385,
29905,195,181,376,
29907,222,162,384,
29908,221,161,382,
29909,223,150,373,
29912,25,25,50,
29913,213,178,391,
29914,200,148,348,
29915,199,143,342,
29916,223,158,381,
29920,214,141,355,
29923,203,174,377,
29924,194,168,362,
29925,214,159,373,
29926,194,179,373,
29927,232,164,396,
29928,217,140,357,
29931,218,154,372,
29932,189,168,357,
29933,206,157,363,
29934,237,166,403,
29935,215,153,368,
29936,35,25,60,
29938,189,172,361,
29939,198,164,362,
29940,234,156,390,
29941,205,173,378,
29942,191,169,360,
29943,218,195,413,
29945,184,156,340,
29946,238,174,412,
29947,227,182,409,
29948,212,162,374,
29949,30,16,46,
29950,211,186,397,
29951,203,178,381,
29952,189,145,334,
29953,214,159,373,
29954,235,177,412,
29956,245,181,426,
29957,175,146,321,
29959,192,173,365,
29960,212,199,411,
29961,204,184,388,
29962,194,138,332,
29963,202,178,380,
29964,211,161,372,
29966,197,159,356,
29968,180,160,340,
29969,208,159,367,
29970,211,166,377,
29971,192,148,340,
29973,197,159,356,
29974,228,169,397,
29975,196,135,331,
29976,210,166,376,
29977,198,128,326,
29978,210,135,345,
29980,217,172,389,
29981,2,5,7,
29983,219,170,389,
29984,210,159,369,
29988,201,187,388,
29989,210,167,377,
29990,147,106,253,
29991,227,164,391,
29992,223,169,392,
29993,206,182,388,
29994,201,145,346,
29995,223,169,392,
29997,188,132,320,
29998,203,155,358,
29999,195,170,365,
30004,196,142,338,
30005,201,166,367,
30007,187,146,333,
30008,216,159,375,
30011,236,169,405,
30012,202,165,367,
30013,247,175,422,
30015,230,172,402,
30016,214,161,375,
30018,193,180,373,
30019,225,169,394,
30020,220,159,379,
30021,199,163,362,
30023,210,181,391,
30024,200,159,359,
30026,203,151,354,
30027,209,143,352,
30030,206,159,365,
30031,198,169,367,
30032,218,183,401,
30033,203,156,359,
30034,217,167,384,
30035,234,177,411,
30036,248,154,402,
30037,202,148,350,
30038,196,161,357,
30039,233,141,374,
30041,208,183,391,
30042,166,151,317,
30044,206,167,373,
30046,227,185,412,
30047,25,24,49,
30048,209,161,370,
30049,234,178,412,
30050,220,170,390,
30051,202,159,361,
30052,221,139,360,
30054,207,167,374,
30056,213,172,385,
30057,194,173,367,
30058,211,158,369,
30059,186,142,328,
30060,195,154,349,
30062,213,157,370,
30063,188,159,347,
30064,204,169,373,
30065,224,169,393,
30066,226,159,385,
30067,218,173,391,
30068,199,160,359,
30069,206,167,373,
30070,194,156,350,
30071,220,152,372,
30072,205,167,372,
30074,204,150,354,
30075,186,165,351,
30076,237,156,393,
30077,178,147,325,
30080,203,174,377,
30081,226,171,397,
30082,228,154,382,
30083,215,177,392,
30084,234,168,402,
30085,205,164,369,
30086,195,190,385,
30087,30,23,53,
30089,148,133,281,
30090,197,166,363,
30091,218,132,350,
30092,210,175,385,
30093,211,157,368,
30094,213,163,376,
30095,209,178,387,
30096,197,191,388,
30097,62,25,87,
30099,195,151,346,
30100,213,160,373,
30101,215,164,379,
30102,196,143,339,
30103,185,183,368,
30104,37,26,63,
30105,239,157,396,
30109,202,167,369,
30110,240,150,390,
30111,206,168,374,
30113,198,168,366,
30115,183,151,334,
30116,183,152,335,
30117,197,180,377,
30118,202,153,355,
30119,211,164,375,
30120,204,178,382,
30121,188,165,353,
30122,225,163,388,
30123,193,169,362,
30124,181,158,339,
30125,193,148,341,
30126,233,167,400,
30127,192,159,351,
30128,211,189,400,
30129,211,162,373,
30130,225,168,393,
30131,189,154,343,
30132,213,181,394,
30133,217,166,383,
30134,210,157,367,
30135,219,151,370,
30136,224,175,399,
30137,227,165,392,
30138,223,171,394,
30139,200,167,367,
30140,216,166,382,
30141,216,142,358,
30144,223,177,400,
30145,186,160,346,
30146,201,169,370,
30147,191,150,341,
30152,200,151,351,
30154,188,155,343,
30155,228,155,383,
30156,36,28,64,
30157,204,144,348,
30159,217,152,369,
30160,190,177,367,
30161,205,177,382,
30163,184,154,338,
30165,198,163,361,
30168,208,172,380,
30169,197,178,375,
30170,195,173,368,
30171,211,158,369,
30172,226,173,399,
30173,178,147,325,
30174,193,175,368,
30175,172,193,365,
30176,222,158,380,
30177,222,171,393,
30179,178,163,341,
30180,231,152,383,
30181,168,164,332,
30183,213,178,391,
30184,211,176,387,
30186,205,168,373,
30187,220,160,380,
30190,151,141,292,
30191,215,150,365,
30192,194,159,353,
30193,202,151,353,
30194,226,140,366,
30196,233,164,397,
30197,197,181,378,
30198,218,155,373,
30199,156,145,301,
30200,32,22,54,
30201,243,134,377,
30202,28,29,57,
30203,223,169,392,
30204,204,154,358,
30206,203,153,356,
30209,214,152,366,
30210,226,173,399,
30212,213,163,376,
30213,227,155,382,
30215,211,153,364,
30216,200,156,356,
30219,196,185,381,
30220,228,169,397,
30221,201,152,353,
30222,211,164,375,
30223,187,165,352,
30224,209,177,386,
30225,234,155,389,
30226,218,166,384,
30227,202,146,348,
30229,212,167,379,
30230,230,178,408,
30231,238,172,410,
30232,52,33,85,
30233,231,156,387,
30234,229,161,390,
30236,201,168,369,
30237,197,170,367,
30238,174,155,329,
30239,220,141,361,
30240,190,164,354,
30241,228,162,390,
30243,220,157,377,
30245,218,147,365,
30246,217,163,380,
30247,217,167,384,
30249,212,183,395,
30251,217,188,405,
30253,204,159,363,
30255,208,158,366,
30256,218,166,384,
30257,207,183,390,
30259,212,154,366,
30260,232,174,406,
30261,213,173,386,
30262,238,166,404,
30265,200,176,376,
30266,203,160,363,
30267,32,16,48,
30268,212,161,373,
30269,200,165,365,
30271,212,153,365,
30275,202,173,375,
30276,192,174,366,
30279,192,184,376,
30280,206,159,365,
30281,200,145,345,
30283,228,190,418,
30284,220,180,400,
30285,208,175,383,
30286,219,172,391,
30287,190,147,337,
30288,212,163,375,
30289,227,145,372,
30290,198,173,371,
30291,196,153,349,
30292,217,179,396,
30293,223,165,388,
30294,187,171,358,
30296,152,116,268,
30297,214,155,369,
30299,217,176,393,
30300,207,195,402,
30301,194,160,354,
30302,142,113,255,
30303,214,176,390,
30305,205,173,378,
30306,215,193,408,
30307,37,27,64,
30308,208,176,384,
30309,210,171,381,
30310,197,170,367,
30312,192,180,372,
30313,200,163,363,
30314,208,154,362,
30315,214,140,354,
30316,200,172,372,
30317,209,192,401,
30318,198,174,372,
30321,229,164,393,
30322,206,216,422,
30324,40,35,75,
30325,203,181,384,
30326,205,163,368,
30327,200,170,370,
30329,240,171,411,
30333,210,180,390,
30334,212,175,387,
30335,222,163,385,
30336,186,174,360,
30337,206,173,379,
30338,203,170,373,
30339,210,168,378,
30340,219,160,379,
30341,13,16,29,
30342,200,165,365,
30344,192,162,354,
30345,175,163,338,
30346,207,181,388,
30347,228,164,392,
30348,213,159,372,
30349,195,171,366,
30351,211,147,358,
30352,207,154,361,
30354,210,193,403,
30356,216,170,386,
30357,230,179,409,
30358,218,177,395,
30359,214,159,373,
30360,215,181,396,
30361,209,185,394,
30364,186,166,352,
30366,175,173,348,
30367,200,171,371,
30368,229,166,395,
30369,213,156,369,
30370,236,170,406,
30372,205,158,363,
30374,196,166,362,
30375,217,153,370,
30376,206,168,374,
30377,211,173,384,
30378,232,180,412,
30381,213,168,381,
30382,226,172,398,
30385,202,161,363,
30388,225,164,389,
30390,38,20,58,
30391,183,182,365,
30393,216,152,368,
30394,204,172,376,
30395,214,143,357,
30396,226,176,402,
30397,229,164,393,
30398,220,147,367,
30399,198,161,359,
30400,224,161,385,
30401,204,177,381,
30403,220,165,385,
30404,203,149,352,
30408,224,173,397,
30409,28,29,57,
30411,191,166,357,
30412,199,185,384,
30414,161,176,337,
30415,31,25,56,
30419,202,149,351,
30420,231,172,403,
30421,185,159,344,
30423,219,183,402,
30424,199,158,357,
30425,221,184,405,
30426,221,191,412,
30427,219,155,374,
30428,206,166,372,
30429,230,149,379,
30430,206,192,398,
30431,10,10,20,
30432,223,160,383,
30435,223,138,361,
30437,215,149,364,
30438,234,169,403,
30439,200,181,381,
30440,217,157,374,
30443,224,160,384,
30444,227,146,373,
30445,162,145,307,
30446,226,164,390,
30447,204,162,366,
30448,206,164,370,
30449,213,171,384,
30450,218,165,383,
30451,212,157,369,
30453,211,147,358,
30454,203,154,357,
30455,237,144,381,
30456,200,161,361,
30457,238,153,391,
30458,202,162,364,
30459,223,157,380,
30460,196,151,347,
30461,199,168,367,
30462,4,1,5,
30463,196,163,359,
30464,204,170,374,
30466,207,167,374,
30467,202,175,377,
30468,191,165,356,
30469,27,17,44,
30472,201,137,338,
30473,201,168,369,
30474,194,172,366,
30475,197,150,347,
30476,201,183,384,
30477,199,152,351,
30479,205,171,376,
30482,219,167,386,
30483,228,148,376,
30484,208,171,379,
30485,215,143,358,
30486,195,149,344,
30488,216,171,387,
30489,211,153,364,
30490,195,161,356,
30492,210,122,332,
30493,210,163,373,
30495,218,155,373,
30496,198,175,373,
30497,252,171,423,
30499,231,158,389,
30500,225,201,426,
30501,230,148,378,
30502,195,162,357,
30503,191,159,350,
30504,232,164,396,
30505,206,186,392,
30507,214,154,368,
30510,3,2,5,
30513,184,140,324,
30514,195,169,364,
30517,193,164,357,
30518,216,169,385,
30519,192,162,354,
30520,221,129,350,
30521,171,147,318,
30522,202,160,362,
30523,205,172,377,
30524,173,167,340,
30525,201,168,369,
30526,247,154,401,
30527,172,163,335,
30528,220,175,395,
30529,211,160,371,
30530,234,146,380,
30534,220,160,380,
30537,228,158,386,
30538,251,187,438,
30539,206,165,371,
30540,233,169,402,
30542,23,26,49,
30543,207,151,358,
30544,216,149,365,
30546,213,159,372,
30548,204,164,368,
30549,204,181,385,
30550,224,160,384,
30551,18,31,49,
30552,201,155,356,
30554,203,169,372,
30555,174,123,297,
30557,219,179,398,
30559,239,143,382,
30560,209,163,372,
30561,214,152,366,
30562,172,128,300,
30563,208,173,381,
30564,189,159,348,
30565,249,142,391,
30566,18,16,34,
30567,205,151,356,
30568,226,161,387,
30569,197,149,346,
30570,180,170,350,
30571,183,162,345,
30573,212,148,360,
30574,232,147,379,
30576,202,167,369,
30577,34,34,68,
30578,230,155,385,
30580,216,162,378,
30581,223,160,383,
30582,39,29,68,
30583,187,173,360,
30584,208,157,365,
30585,176,169,345,
30586,236,167,403,
30587,184,158,342,
30588,224,164,388,
30589,212,170,382,
30591,214,174,388,
30592,137,129,266,
30593,180,165,345,
30594,219,169,388,
30595,203,160,363,
30597,215,163,378,
30598,228,180,408,
30599,30,22,52,
30600,190,170,360,
30602,213,173,386,
30604,226,157,383,
30605,210,166,376,
30608,207,172,379,
30609,209,152,361,
30611,44,22,66,
30613,214,161,375,
30614,215,162,377,
30615,209,146,355,
30616,194,181,375,
30617,202,176,378,
30621,146,109,255,
30622,230,183,413,
30623,240,166,406,
30624,192,168,360,
30625,221,163,384,
30626,211,188,399,
30627,213,160,373,
30630,212,154,366,
30631,219,125,344,
30632,224,147,371,
30633,233,164,397,
30634,186,174,360,
30635,149,133,282,
30636,175,143,318,
30637,201,154,355,
30638,241,180,421,
30639,224,169,393,
30640,5,4,9,
30641,234,164,398,
30643,150,126,276,
30644,213,184,397,
30645,236,145,381,
30646,182,177,359,
30647,4,3,7,
30648,194,168,362,
30649,221,175,396,
30650,213,155,368,
30651,33,37,70,
30652,214,170,384,
30653,235,155,390,
30655,203,165,368,
30657,185,175,360,
30658,219,155,374,
30661,221,155,376,
30662,208,155,363,
30664,192,179,371,
30665,221,145,366,
30666,180,171,351,
30668,227,146,373,
30669,193,179,372,
30670,209,173,382,
30673,213,203,416,
30674,169,140,309,
30675,198,138,336,
30677,6,4,10,
30678,200,160,360,
30679,198,174,372,
30680,205,172,377,
30681,226,180,406,
30682,191,153,344,
30684,197,145,342,
30686,198,161,359,
30688,206,131,337,
30689,209,166,375,
30690,216,171,387,
30694,229,136,365,
30697,199,149,348,
30699,209,165,374,
30700,206,183,389,
30701,1,2,3,
30703,193,181,374,
30704,211,171,382,
30705,187,177,364,
30706,214,163,377,
30707,197,171,368,
30708,217,173,390,
30710,218,140,358,
30711,180,158,338,
30712,33,27,60,
30715,229,158,387,
30716,241,172,413,
30717,221,176,397,
30718,195,161,356,
30719,205,164,369,
30720,42,27,69,
30721,222,172,394,
30722,197,191,388,
30723,203,173,376,
30724,194,183,377,
30725,193,156,349,
30726,222,156,378,
30727,233,165,398,
30728,209,178,387,
30730,236,139,375,
30732,217,149,366,
30733,205,150,355,
30735,207,170,377,
30736,224,142,366,
30737,215,151,366,
30739,191,153,344,
30740,165,152,317,
30742,227,170,397,
30743,234,149,383,
30744,229,174,403,
30745,232,161,393,
30746,212,171,383,
30747,219,173,392,
30748,191,159,350,
30749,159,148,307,
30750,227,153,380,
30754,201,176,377,
30755,205,159,364,
30757,192,167,359,
30758,174,146,320,
30759,209,157,366,
30761,204,138,342,
30762,197,182,379,
30763,231,168,399,
30765,177,167,344,
30766,196,137,333,
30767,204,172,376,
30770,212,162,374,
30771,206,178,384,
30772,212,156,368,
30773,201,154,355,
30775,219,176,395,
30776,41,24,65,
30777,205,159,364,
30778,190,164,354,
30779,209,168,377,
30780,179,160,339,
30781,187,169,356,
30783,204,167,371,
30785,215,159,374,
30786,177,172,349,
30787,216,164,380,
30788,167,130,297,
30789,224,150,374,
30790,223,162,385,
30791,173,116,289,
30792,224,186,410,
30793,228,175,403,
30794,227,169,396,
30796,219,167,386,
30797,182,164,346,
30798,192,160,352,
30799,246,155,401,
30800,30,21,51,
30801,234,167,401,
30802,221,175,396,
30803,233,167,400,
30805,197,178,375,
30806,210,169,379,
30809,182,186,368,
30810,217,173,390,
30812,225,137,362,
30814,182,145,327,
30815,212,182,394,
30816,210,161,371,
30817,211,148,359,
30818,267,135,402,
30819,193,153,346,
30821,201,160,361,
30822,197,157,354,
30823,194,183,377,
30824,169,114,283,
30825,208,151,359,
30826,231,152,383,
30827,23,26,49,
30830,242,167,409,
30831,198,162,360,
30832,186,153,339,
30834,208,183,391,
30836,206,179,385,
30837,172,108,280,
30839,173,156,329,
30840,150,152,302,
30841,224,170,394,
30842,220,149,369,
30844,145,127,272,
30845,33,20,53,
30846,66,46,112,
30847,197,144,341,
30848,209,176,385,
30849,204,195,399,
30850,225,179,404,
30851,228,171,399,
30852,194,161,355,
30853,202,182,384,
30857,207,168,375,
30859,27,23,50,
30860,212,171,383,
30861,244,171,415,
30863,237,164,401,
30864,197,174,371,
30866,202,169,371,
30867,206,189,395,
30868,220,182,402,
30869,216,160,376,
30871,209,168,377,
30872,218,180,398,
30874,238,187,425,
30875,201,147,348,
30876,208,159,367,
30878,52,44,96,
30879,221,174,395,
30880,198,176,374,
30881,218,175,393,
30883,213,159,372,
30885,203,154,357,
30886,243,128,371,
30887,218,144,362,
30888,233,162,395,
30890,223,162,385,
30891,219,147,366,
30893,209,172,381,
30894,244,170,414,
30895,219,157,376,
30896,206,164,370,
30897,205,169,374,
30898,224,147,371,
30899,219,145,364,
30900,214,180,394,
30901,209,175,384,
30903,193,165,358,
30905,185,175,360,
30906,192,166,358,
30907,227,194,421,
30908,211,144,355,
30909,240,161,401,
30910,189,159,348,
30911,228,181,409,
30912,224,165,389,
30913,214,165,379,
30914,201,155,356,
30915,195,156,351,
30916,202,161,363,
30917,201,172,373,
30918,230,159,389,
30919,66,55,121,
30921,209,165,374,
30922,21,14,35,
30923,245,170,415,
30924,209,160,369,
30925,225,147,372,
30926,207,172,379,
30927,218,144,362,
30929,174,158,332,
30930,202,135,337,
30931,233,174,407,
30932,230,182,412,
30935,230,168,398,
30936,37,26,63,
30937,209,150,359,
30938,184,179,363,
30940,194,159,353,
30942,186,161,347,
30943,212,181,393,
30944,205,178,383,
30945,213,172,385,
30946,217,153,370,
30947,193,146,339,
30949,199,147,346,
30952,167,130,297,
30953,199,167,366,
30956,183,147,330,
30957,207,153,360,
30958,196,149,345,
30960,184,170,354,
30961,223,178,401,
30963,162,132,294,
30964,224,188,412,
30965,209,165,374,
30966,189,154,343,
30967,186,159,345,
30968,186,138,324,
30969,200,176,376,
30971,199,151,350,
30972,225,158,383,
30974,204,158,362,
30976,196,177,373,
30980,13,11,24,
30981,215,147,362,
30983,214,163,377,
30984,200,168,368,
30985,198,167,365,
30986,231,177,408,
30987,227,173,400,
30988,211,178,389,
30989,26,17,43,
30990,217,182,399,
30992,193,158,351,
30993,210,173,383,
30994,224,168,392,
30995,204,156,360,
30996,200,168,368,
30997,203,165,368,
30999,213,138,351,
31000,228,162,390,
31001,260,163,423,
31002,200,164,364,
31003,199,158,357,
31004,33,28,61,
31005,190,164,354,
31006,206,176,382,
31007,192,146,338,
31008,216,155,371,
31009,163,120,283,
31010,158,131,289,
31011,147,130,277,
31012,228,185,413,
31013,193,140,333,
31014,194,193,387,
31015,211,168,379,
31016,233,170,403,
31017,42,28,70,
31019,200,168,368,
31020,195,170,365,
31021,204,156,360,
31022,196,188,384,
31023,232,181,413,
31024,215,172,387,
31025,209,153,362,
31027,222,155,377,
31028,175,185,360,
31029,254,184,438,
31030,222,170,392,
31031,214,156,370,
31032,235,140,375,
31033,212,143,355,
31034,221,172,393,
31035,188,174,362,
31036,231,150,381,
31037,186,169,355,
31039,186,146,332,
31040,194,153,347,
31042,183,154,337,
31043,206,163,369,
31044,212,165,377,
31045,186,163,349,
31046,182,130,312,
31047,202,158,360,
31048,205,174,379,
31049,205,181,386,
31051,186,199,385,
31053,216,158,374,
31054,200,182,382,
31055,216,169,385,
31056,214,160,374,
31057,194,156,350,
31058,190,170,360,
31060,202,163,365,
31061,226,148,374,
31062,201,170,371,
31064,203,145,348,
31065,195,191,386,
31066,215,150,365,
31067,245,177,422,
31068,202,143,345,
31070,183,169,352,
31071,235,157,392,
31072,211,175,386,
31074,183,171,354,
31075,184,146,330,
31076,173,170,343,
31077,206,166,372,
31078,216,172,388,
31081,224,166,390,
31082,227,149,376,
31083,223,176,399,
31084,215,185,400,
31085,213,150,363,
31086,206,149,355,
31088,231,145,376,
31089,185,158,343,
31090,191,168,359,
31091,218,182,400,
31093,190,151,341,
31094,200,160,360,
31095,220,182,402,
31096,224,137,361,
31098,221,155,376,
31100,179,143,322,
31101,203,167,370,
31102,217,188,405,
31103,209,156,365,
31104,219,147,366,
31105,205,177,382,
31106,204,179,383,
31107,207,169,376,
31110,218,170,388,
31112,201,154,355,
31113,174,163,337,
31114,203,148,351,
31115,217,177,394,
31116,195,161,356,
31118,232,177,409,
31119,205,175,380,
31120,244,172,416,
31121,224,139,363,
31122,191,155,346,
31123,237,168,405,
31124,226,171,397,
31126,199,153,352,
31127,244,180,424,
31128,170,124,294,
31129,218,151,369,
31131,188,149,337,
31132,224,161,385,
31133,204,154,358,
31134,204,148,352,
31136,208,153,361,
31137,18,10,28,
31139,207,188,395,
31141,221,159,380,
31142,25,17,42,
31143,216,180,396,
31144,214,168,382,
31147,204,177,381,
31149,228,148,376,
31150,219,181,400,
31151,43,25,68,
31152,220,173,393,
31153,223,168,391,
31159,204,164,368,
31160,22,16,38,
31161,220,173,393,
31162,202,159,361,
31163,217,155,372,
31164,207,177,384,
31165,204,150,354,
31168,215,165,380,
31169,210,145,355,
31170,14,10,24,
31171,184,160,344,
31172,226,180,406,
31173,196,174,370,
31175,184,138,322,
31176,203,177,380,
31177,246,155,401,
31178,201,162,363,
31181,249,153,402,
31182,214,144,358,
31184,212,172,384,
31185,215,175,390,
31186,208,193,401,
31187,161,169,330,
31188,37,22,59,
31189,198,151,349,
31190,234,185,419,
31192,205,180,385,
31193,214,157,371,
31194,209,151,360,
31195,129,106,235,
31197,195,184,379,
31198,200,174,374,
31199,225,175,400,
31200,221,175,396,
31202,207,152,359,
31203,215,173,388,
31204,195,175,370,
31205,196,177,373,
31206,182,152,334,
31208,236,160,396,
31209,190,151,341,
31210,222,151,373,
31211,217,148,365,
31213,193,158,351,
31214,10,5,15,
31215,216,170,386,
31216,212,154,366,
31218,198,176,374,
31219,199,171,370,
31220,205,181,386,
31222,192,184,376,
31224,222,144,366,
31226,188,143,331,
31227,209,151,360,
31228,229,170,399,
31230,47,39,86,
31232,202,152,354,
31235,216,191,407,
31236,215,160,375,
31237,220,180,400,
31239,196,159,355,
31240,212,147,359,
31241,174,195,369,
31244,178,157,335,
31245,222,154,376,
31246,200,158,358,
31248,183,136,319,
31249,189,175,364,
31250,14,16,30,
31251,204,141,345,
31252,22,18,40,
31253,214,174,388,
31254,225,172,397,
31255,209,173,382,
31256,215,166,381,
31257,133,121,254,
31259,221,172,393,
31260,188,169,357,
31261,216,168,384,
31262,222,153,375,
31263,223,167,390,
31266,206,176,382,
31267,223,156,379,
31268,181,169,350,
31270,210,160,370,
31272,192,155,347,
31273,210,158,368,
31274,199,165,364,
31275,203,158,361,
31276,222,188,410,
31277,194,138,332,
31278,215,171,386,
31279,214,168,382,
31281,218,202,420,
31282,195,159,354,
31283,229,180,409,
31284,210,136,346,
31285,208,151,359,
31287,205,154,359,
31288,198,156,354,
31289,210,171,381,
31290,194,157,351,
31291,206,187,393,
31292,231,176,407,
31293,239,164,403,
31294,199,167,366,
31295,212,187,399,
31296,215,159,374,
31299,214,155,369,
31300,24,14,38,
31302,197,165,362,
31304,189,167,356,
31310,193,167,360,
31312,26,16,42,
31313,181,185,366,
31314,222,163,385,
31315,214,193,407,
31316,232,155,387,
31318,224,168,392,
31320,222,164,386,
31321,238,163,401,
31323,221,175,396,
31324,214,152,366,
31325,184,164,348,
31326,206,136,342,
31331,212,166,378,
31332,228,145,373,
31333,43,39,82,
31334,220,169,389,
31335,211,171,382,
31336,209,172,381,
31337,200,169,369,
31338,227,177,404,
31339,190,157,347,
31340,227,148,375,
31342,200,149,349,
31343,210,192,402,
31344,195,140,335,
31347,216,165,381,
31349,221,186,407,
31352,225,143,368,
31354,217,173,390,
31355,217,184,401,
31356,207,167,374,
31357,203,170,373,
31358,229,172,401,
31359,248,173,421,
31360,194,168,362,
31361,187,186,373,
31362,212,147,359,
31363,178,147,325,
31364,216,161,377,
31365,235,163,398,
31366,179,112,291,
31367,209,159,368,
31368,223,198,421,
31370,190,163,353,
31372,198,175,373,
31373,226,145,371,
31374,198,173,371,
31376,232,143,375,
31378,204,155,359,
31379,222,160,382,
31380,189,184,373,
31381,189,196,385,
31382,204,122,326,
31383,220,157,377,
31384,213,170,383,
31385,201,167,368,
31386,229,161,390,
31388,193,162,355,
31390,223,152,375,
31391,230,169,399,
31392,209,144,353,
31393,196,184,380,
31395,41,26,67,
31396,17,8,25,
31397,202,190,392,
31398,197,172,369,
31399,224,169,393,
31400,198,180,378,
31402,214,158,372,
31403,238,165,403,
31405,224,146,370,
31406,225,150,375,
31407,193,152,345,
31408,149,117,266,
31409,163,105,268,
31410,219,173,392,
31411,235,178,413,
31412,200,166,366,
31414,215,170,385,
31415,212,176,388,
31418,197,152,349,
31419,217,162,379,
31420,161,122,283,
31421,251,167,418,
31422,211,170,381,
31423,168,167,335,
31424,225,170,395,
31425,201,174,375,
31426,178,168,346,
31428,204,161,365,
31429,209,169,378,
31430,205,155,360,
31431,185,148,333,
31433,33,21,54,
31435,197,159,356,
31436,214,146,360,
31437,199,175,374,
31438,202,186,388,
31440,178,166,344,
31441,187,163,350,
31442,189,157,346,
31444,205,152,357,
31445,238,133,371,
31446,187,159,346,
31447,221,178,399,
31448,193,169,362,
31449,227,133,360,
31450,218,176,394,
31451,229,190,419,
31452,217,158,375,
31453,200,158,358,
31454,214,137,351,
31457,198,170,368,
31458,221,177,398,
31460,239,172,411,
31461,175,182,357,
31462,229,190,419,
31463,205,169,374,
31464,195,150,345,
31465,209,180,389,
31466,227,179,406,
31467,246,174,420,
31468,193,145,338,
31469,228,162,390,
31472,218,155,373,
31473,198,158,356,
31474,192,159,351,
31475,180,157,337,
31476,221,175,396,
31477,206,169,375,
31478,239,164,403,
31479,240,172,412,
31480,177,169,346,
31481,218,148,366,
31482,213,136,349,
31483,180,170,350,
31484,199,168,367,
31487,216,142,358,
31488,160,132,292,
31489,208,157,365,
31490,222,157,379,
31491,255,155,410,
31492,222,169,391,
31494,212,173,385,
31495,200,161,361,
31496,195,142,337,
31497,203,182,385,
31498,217,165,382,
31501,30,29,59,
31503,216,154,370,
31506,222,158,380,
31507,237,159,396,
31508,182,146,328,
31509,201,168,369,
31510,210,165,375,
31511,191,147,338,
31512,228,169,397,
31513,216,151,367,
31514,232,146,378,
31516,236,167,403,
31517,34,28,62,
31519,231,161,392,
31520,219,167,386,
31521,217,165,382,
31523,215,165,380,
31525,202,156,358,
31526,188,166,354,
31528,199,156,355,
31529,182,166,348,
31530,221,155,376,
31531,195,181,376,
31532,222,166,388,
31533,192,177,369,
31534,219,167,386,
31535,221,180,401,
31538,225,172,397,
31539,185,172,357,
31540,221,162,383,
31542,207,176,383,
31544,202,160,362,
31546,221,155,376,
31547,220,163,383,
31549,222,165,387,
31550,226,164,390,
31551,206,156,362,
31552,194,142,336,
31555,168,144,312,
31556,215,162,377,
31557,182,136,318,
31558,244,177,421,
31559,183,155,338,
31560,210,180,390,
31561,240,160,400,
31562,229,163,392,
31564,223,152,375,
31565,222,171,393,
31567,212,145,357,
31568,196,133,329,
31571,181,163,344,
31573,214,164,378,
31574,223,199,422,
31575,224,157,381,
31576,190,170,360,
31577,219,164,383,
31578,219,166,385,
31579,210,183,393,
31581,233,143,376,
31582,200,157,357,
31583,203,161,364,
31584,196,175,371,
31585,210,158,368,
31586,39,17,56,
31587,182,147,329,
31588,210,174,384,
31590,202,167,369,
31591,212,173,385,
31592,212,181,393,
31594,226,169,395,
31595,10,16,26,
31597,209,148,357,
31598,169,160,329,
31599,205,151,356,
31600,235,175,410,
31601,158,130,288,
31602,203,172,375,
31603,36,37,73,
31604,221,186,407,
31605,211,160,371,
31606,228,167,395,
31607,31,27,58,
31609,236,161,397,
31610,212,163,375,
31612,200,161,361,
31613,31,37,68,
31615,189,141,330,
31616,203,181,384,
31617,207,179,386,
31619,168,141,309,
31620,208,186,394,
31621,212,165,377,
31622,215,174,389,
31623,179,158,337,
31624,232,164,396,
31626,217,187,404,
31628,229,157,386,
31629,192,175,367,
31630,200,167,367,
31631,212,167,379,
31632,217,170,387,
31633,184,163,347,
31635,188,170,358,
31636,202,187,389,
31642,260,160,420,
31643,196,169,365,
31645,213,154,367,
31646,209,154,363,
31649,230,177,407,
31651,221,163,384,
31652,199,181,380,
31653,132,142,274,
31654,217,187,404,
31655,196,166,362,
31656,209,149,358,
31657,176,149,325,
31658,160,143,303,
31660,209,169,378,
31661,199,164,363,
31662,200,155,355,
31664,191,143,334,
31665,214,156,370,
31666,34,31,65,
31667,202,150,352,
31668,195,171,366,
31669,212,158,370,
31670,207,141,348,
31672,222,159,381,
31673,192,163,355,
31675,210,165,375,
31676,189,164,353,
31678,225,189,414,
31679,188,150,338,
31680,202,182,384,
31681,227,168,395,
31683,219,158,377,
31684,212,169,381,
31686,220,166,386,
31687,233,160,393,
31690,219,170,389,
31691,210,137,347,
31692,230,143,373,
31693,194,175,369,
31696,215,158,373,
31697,222,163,385,
31698,221,170,391,
31699,208,201,409,
31700,202,150,352,
31702,8,2,10,
31704,167,138,305,
31705,218,170,388,
31706,211,161,372,
31707,218,143,361,
31708,189,181,370,
31710,194,176,370,
31711,42,23,65,
31712,191,166,357,
31713,214,176,390,
31714,201,170,371,
31716,203,160,363,
31718,219,179,398,
31719,180,152,332,
31720,224,169,393,
31721,27,21,48,
31722,194,141,335,
31723,240,161,401,
31724,201,169,370,
31725,222,166,388,
31726,211,150,361,
31728,232,164,396,
31729,199,151,350,
31730,179,199,378,
31731,199,162,361,
31732,228,152,380,
31734,210,158,368,
31735,191,163,354,
31736,195,144,339,
31737,199,171,370,
31738,36,25,61,
31739,188,188,376,
31740,199,187,386,
31742,222,170,392,
31743,218,164,382,
31744,221,174,395,
31746,208,169,377,
31747,21,19,40,
31748,208,176,384,
31749,224,163,387,
31750,224,184,408,
31752,206,163,369,
31753,221,182,403,
31754,203,178,381,
31755,219,195,414,
31756,233,187,420,
31757,189,164,353,
31758,218,148,366,
31759,219,161,380,
31762,166,145,311,
31763,216,163,379,
31765,189,166,355,
31768,220,187,407,
31769,234,165,399,
31770,200,161,361,
31772,209,155,364,
31773,191,162,353,
31774,193,143,336,
31777,209,159,368,
31778,194,158,352,
31779,207,160,367,
31781,249,164,413,
31782,226,156,382,
31784,193,164,357,
31785,197,177,374,
31786,205,172,377,
31787,224,147,371,
31788,221,156,377,
31789,207,171,378,
31790,20,19,39,
31791,222,185,407,
31793,212,168,380,
31794,212,143,355,
31795,239,151,390,
31798,207,170,377,
31799,208,157,365,
31800,170,179,349,
31801,213,183,396,
31802,220,165,385,
31804,209,178,387,
31805,218,176,394,
31808,231,157,388,
31809,220,161,381,
31810,211,172,383,
31815,254,165,419,
31816,3,10,13,
31818,192,170,362,
31820,209,173,382,
31821,216,177,393,
31823,27,24,51,
31824,247,173,420,
31825,157,111,268,
31826,182,178,360,
31827,205,158,363,
31828,33,24,57,
31832,208,155,363,
31833,214,183,397,
31834,230,177,407,
31835,222,175,397,
31837,220,189,409,
31838,229,154,383,
31839,201,181,382,
31840,196,181,377,
31841,198,168,366,
31842,234,158,392,
31843,193,134,327,
31844,186,163,349,
31845,198,163,361,
31848,222,172,394,
31849,195,173,368,
31850,213,181,394,
31852,250,162,412,
31854,194,181,375,
31855,218,175,393,
31856,191,167,358,
31857,205,156,361,
31858,189,153,342,
31860,215,165,380,
31861,213,167,380,
31862,232,186,418,
31863,202,140,342,
31864,220,148,368,
31865,195,173,368,
31866,186,170,356,
31867,239,171,410,
31869,205,154,359,
31870,215,183,398,
31872,213,151,364,
31873,207,181,388,
31874,212,184,396,
31875,229,155,384,
31876,33,27,60,
31877,198,173,371,
31879,205,167,372,
31881,226,177,403,
31882,222,179,401,
31883,215,172,387,
31884,221,142,363,
31885,203,150,353,
31886,194,148,342,
31887,52,38,90,
31889,12,5,17,
31890,192,162,354,
31891,214,168,382,
31893,20,15,35,
31894,197,158,355,
31895,207,186,393,
31896,35,18,53,
31897,221,166,387,
31899,227,184,411,
31901,192,169,361,
31902,152,110,262,
31904,217,152,369,
31905,181,168,349,
31907,225,168,393,
31908,43,38,81,
31909,231,178,409,
31910,211,156,367,
31911,214,143,357,
31912,195,160,355,
31914,172,152,324,
31915,201,163,364,
31916,205,166,371,
31917,207,148,355,
31918,105,81,186,
31919,207,150,357,
31920,196,125,321,
31921,221,188,409,
31923,197,155,352,
31924,198,162,360,
31925,221,133,354,
31926,230,185,415,
31927,198,194,392,
31928,197,170,367,
31929,209,142,351,
31930,199,165,364,
31931,217,158,375,
31932,195,178,373,
31934,241,145,386,
31935,21,11,32,
31936,226,147,373,
31938,198,163,361,
31939,193,155,348,
31941,195,159,354,
31942,232,162,394,
31943,223,153,376,
31944,175,137,312,
31945,20,17,37,
31946,221,162,383,
31947,225,146,371,
31948,212,181,393,
31949,136,154,290,
31950,257,143,400,
31952,227,176,403,
31955,217,173,390,
31957,211,181,392,
31958,237,153,390,
31959,216,117,333,
31960,195,167,362,
31961,202,144,346,
31962,209,136,345,
31964,218,186,404,
31966,204,162,366,
31967,239,162,401,
31970,210,152,362,
31972,204,170,374,
31973,202,140,342,
31974,234,171,405,
31975,211,183,394,
31976,189,157,346,
31978,14,18,32,
31979,210,155,365,
31981,195,112,307,
31983,192,158,350,
31984,199,173,372,
31985,203,164,367,
31986,221,168,389,
31987,177,179,356,
31988,208,149,357,
31989,224,161,385,
31990,214,163,377,
31991,215,162,377,
31992,214,157,371,
31993,175,195,370,
31995,220,158,378,
31996,198,162,360,
31997,183,173,356,
31998,197,160,357,
31999,226,154,380,
32000,234,152,386,
32002,207,175,382,
32004,212,185,397,
32006,31,26,57,
32007,197,162,359,
32009,210,169,379,
32010,203,186,389,
32011,190,168,358,
32012,124,103,227,
32013,222,159,381,
32015,188,156,344,
32016,207,135,342,
32017,205,168,373,
32018,211,169,380,
32019,224,151,375,
32021,190,160,350,
32022,211,147,358,
32023,201,147,348,
32024,195,173,368,
32025,209,168,377,
32026,213,167,380,
32028,190,162,352,
32029,202,150,352,
32032,193,141,334,
32033,202,176,378,
32035,42,31,73,
32036,228,160,388,
32037,174,145,319,
32038,198,130,328,
32040,222,143,365,
32041,203,195,398,
32042,209,183,392,
32043,204,169,373,
32046,216,161,377,
32047,231,162,393,
32048,207,154,361,
32049,219,171,390,
32050,201,170,371,
32051,205,160,365,
32052,221,139,360,
32053,245,137,382,
32055,201,144,345,
32056,203,165,368,
32057,185,153,338,
32058,191,166,357,
32059,181,159,340,
32060,190,194,384,
32061,214,186,400,
32062,5,3,8,
32063,216,160,376,
32064,236,171,407,
32065,221,169,390,
32066,205,181,386,
32070,200,178,378,
32072,203,174,377,
32074,220,155,375,
32075,194,166,360,
32076,181,172,353,
32077,228,161,389,
32078,213,183,396,
32079,204,166,370,
32080,209,153,362,
32081,209,174,383,
32082,219,147,366,
32083,165,133,298,
32084,245,202,447,
32086,225,182,407,
32087,197,145,342,
32088,178,156,334,
32089,236,148,384,
32090,231,174,405,
32091,213,152,365,
32092,226,168,394,
32094,216,172,388,
32095,209,150,359,
32100,33,42,75,
32102,189,152,341,
32103,206,166,372,
32105,191,145,336,
32106,227,157,384,
32107,204,171,375,
32110,226,169,395,
32111,196,163,359,
32112,215,187,402,
32114,183,137,320,
32115,210,162,372,
32116,232,168,400,
32117,222,183,405,
32118,205,174,379,
32119,204,183,387,
32121,195,146,341,
32123,154,123,277,
32124,221,166,387,
32125,220,155,375,
32126,217,153,370,
32127,221,137,358,
32128,262,162,424,
32129,215,169,384,
32132,196,145,341,
32133,217,175,392,
32134,98,52,150,
32135,217,181,398,
32136,204,162,366,
32137,212,177,389,
32139,193,163,356,
32141,208,168,376,
32142,183,164,347,
32143,28,13,41,
32144,232,160,392,
32145,209,164,373,
32146,239,170,409,
32147,224,149,373,
32148,234,171,405,
32149,157,112,269,
32150,243,152,395,
32151,192,152,344,
32152,206,168,374,
32154,219,155,374,
32155,213,171,384,
32156,247,173,420,
32157,227,152,379,
32158,222,178,400,
32159,35,19,54,
32160,210,168,378,
32161,226,164,390,
32162,251,159,410,
32163,216,171,387,
32164,219,187,406,
32165,206,170,376,
32167,208,176,384,
32169,217,161,378,
32170,202,161,363,
32171,208,176,384,
32172,202,182,384,
32173,204,158,362,
32174,188,141,329,
32175,23,22,45,
32177,198,155,353,
32179,259,178,437,
32180,197,143,340,
32181,219,182,401,
32182,208,158,366,
32183,195,150,345,
32185,210,176,386,
32186,163,180,343,
32187,173,154,327,
32188,13,21,34,
32189,224,177,401,
32191,170,155,325,
32193,232,143,375,
32195,204,162,366,
32196,197,188,385,
32198,208,161,369,
32199,202,172,374,
32201,230,135,365,
32202,45,32,77,
32203,224,192,416,
32204,197,150,347,
32206,246,150,396,
32209,236,157,393,
32211,216,178,394,
32213,206,170,376,
32214,16,14,30,
32215,245,136,381,
32216,189,162,351,
32219,196,190,386,
32220,226,175,401,
32222,219,169,388,
32223,199,164,363,
32224,216,163,379,
32225,182,177,359,
32226,187,134,321,
32227,226,162,388,
32228,43,31,74,
32230,205,167,372,
32231,208,177,385,
32232,217,171,388,
32233,218,141,359,
32234,214,192,406,
32235,185,152,337,
32237,211,165,376,
32238,202,166,368,
32240,3,2,5,
32241,207,170,377,
32243,200,170,370,
32244,196,157,353,
32245,216,164,380,
32246,29,36,65,
32247,163,124,287,
32248,179,165,344,
32249,202,176,378,
32250,191,177,368,
32255,169,159,328,
32256,187,173,360,
32257,16,11,27,
32258,203,155,358,
32259,210,149,359,
32260,221,150,371,
32261,186,145,331,
32262,215,168,383,
32263,65,53,118,
32264,193,150,343,
32265,220,173,393,
32266,217,179,396,
32267,191,157,348,
32269,221,146,367,
32270,260,181,441,
32271,200,173,373,
32272,217,150,367,
32273,190,164,354,
32274,206,186,392,
32275,231,156,387,
32276,199,164,363,
32277,10,2,12,
32279,190,144,334,
32280,200,155,355,
32281,208,147,355,
32282,226,161,387,
32283,206,161,367,
32286,211,169,380,
32287,213,149,362,
32288,188,161,349,
32289,246,172,418,
32290,206,162,368,
32291,213,161,374,
32292,216,179,395,
32293,195,167,362,
32294,220,182,402,
32295,150,142,292,
32296,173,152,325,
32297,202,153,355,
32298,197,139,336,
32299,193,174,367,
32300,223,179,402,
32301,196,183,379,
32302,221,184,405,
32303,197,147,344,
32304,222,179,401,
32305,205,160,365,
32306,223,163,386,
32309,202,163,365,
32310,209,180,389,
32311,224,171,395,
32312,233,172,405,
32313,202,179,381,
32314,238,164,402,
32315,230,163,393,
32316,219,173,392,
32317,222,173,395,
32319,212,183,395,
32320,208,194,402,
32322,216,182,398,
32327,201,188,389,
32329,212,181,393,
32330,214,149,363,
32331,207,152,359,
32333,207,184,391,
32334,240,171,411,
32336,190,171,361,
32337,219,160,379,
32338,45,32,77,
32340,203,158,361,
32341,204,160,364,
32342,221,172,393,
32344,235,168,403,
32345,200,137,337,
32346,205,148,353,
32347,224,162,386,
32349,212,171,383,
32351,204,158,362,
32352,228,156,384,
32353,203,152,355,
32354,195,175,370,
32355,197,149,346,
32356,223,150,373,
32358,226,150,376,
32359,220,166,386,
32360,195,179,374,
32363,214,170,384,
32364,235,167,402,
32365,219,148,367,
32367,182,174,356,
32368,203,170,373,
32369,233,189,422,
32370,172,150,322,
32371,192,159,351,
32372,221,173,394,
32373,210,126,336,
32375,214,133,347,
32377,211,158,369,
32381,217,162,379,
32383,28,20,48,
32385,224,153,377,
32387,204,151,355,
32388,214,172,386,
32389,192,154,346,
32390,212,156,368,
32394,16,6,22,
32395,198,147,345,
32396,193,155,348,
32398,217,167,384,
32399,207,165,372,
32400,202,180,382,
32401,216,164,380,
32402,218,176,394,
32403,230,151,381,
32404,220,172,392,
32405,230,168,398,
32407,198,177,375,
32408,225,147,372,
32409,203,167,370,
32410,214,152,366,
32411,214,170,384,
32412,223,173,396,
32413,207,166,373,
32414,205,165,370,
32415,195,166,361,
32417,170,188,358,
32419,227,183,410,
32420,213,181,394,
32421,207,172,379,
32423,194,181,375,
32426,221,183,404,
32428,188,156,344,
32429,62,42,104,
32432,185,183,368,
32433,23,13,36,
32436,237,165,402,
32437,227,146,373,
32438,231,181,412,
32439,175,180,355,
32441,207,171,378,
32442,212,174,386,
32443,225,164,389,
32445,215,163,378,
32446,232,170,402,
32447,201,169,370,
32448,214,177,391,
32449,184,95,279,
32452,185,159,344,
32453,243,159,402,
32456,220,159,379,
32457,18,11,29,
32459,5,4,9,
32460,34,12,46,
32462,204,181,385,
32463,205,179,384,
32464,183,132,315,
32465,245,157,402,
32466,214,165,379,
32467,209,184,393,
32468,210,157,367,
32469,218,154,372,
32471,225,178,403,
32472,142,97,239,
32473,207,160,367,
32474,239,131,370,
32476,215,162,377,
32477,193,165,358,
32478,233,152,385,
32480,231,149,380,
32481,178,178,356,
32482,200,173,373,
32483,6,7,13,
32485,23,18,41,
32487,210,164,374,
32489,206,176,382,
32490,201,129,330,
32491,194,178,372,
32492,230,150,380,
32494,221,169,390,
32495,222,174,396,
32496,230,180,410,
32497,234,171,405,
32498,232,152,384,
32499,187,162,349,
32500,226,172,398,
32501,199,184,383,
32503,26,13,39,
32504,207,170,377,
32506,26,24,50,
32507,221,151,372,
32508,202,171,373,
32509,204,170,374,
32510,192,163,355,
32511,224,161,385,
32513,190,161,351,
32514,242,159,401,
32515,209,181,390,
32516,210,172,382,
32522,197,155,352,
32523,187,150,337,
32524,228,170,398,
32525,201,172,373,
32526,41,35,76,
32527,211,168,379,
32528,213,156,369,
32529,199,180,379,
32530,193,160,353,
32531,221,147,368,
32532,211,153,364,
32533,187,154,341,
32535,209,148,357,
32536,219,167,386,
32537,216,162,378,
32539,195,139,334,
32540,197,161,358,
32541,181,165,346,
32542,150,141,291,
32543,223,155,378,
32544,200,163,363,
32545,201,167,368,
32547,190,173,363,
32549,212,177,389,
32551,239,169,408,
32553,196,171,367,
32556,239,151,390,
32557,220,173,393,
32558,209,164,373,
32559,215,188,403,
32560,183,174,357,
32561,217,143,360,
32562,238,168,406,
32563,215,154,369,
32566,191,159,350,
32568,186,169,355,
32569,198,153,351,
32570,223,156,379,
32572,233,140,373,
32573,219,185,404,
32574,227,161,388,
32576,211,168,379,
32577,233,154,387,
32579,227,165,392,
32581,242,165,407,
32582,209,158,367,
32584,218,144,362,
32586,214,158,372,
32587,192,186,378,
32588,189,170,359,
32589,207,142,349,
32590,246,180,426,
32592,217,176,393,
32594,31,30,61,
32595,217,175,392,
32596,206,173,379,
32598,168,154,322,
32599,225,135,360,
32600,188,113,301,
32602,218,166,384,
32604,205,187,392,
32606,217,158,375,
32607,212,169,381,
32609,209,180,389,
32610,232,158,390,
32613,188,191,379,
32614,220,145,365,
32615,209,186,395,
32617,220,145,365,
32619,199,158,357,
32620,241,145,386,
32621,202,176,378,
32622,215,151,366,
32625,182,147,329,
32626,218,164,382,
32627,229,177,406,
32629,224,167,391,
32630,194,141,335,
32631,211,168,379,
32632,208,163,371,
32633,225,139,364,
32634,164,166,330,
32636,185,157,342,
32637,196,176,372,
32639,210,155,365,
32640,195,164,359,
32641,214,157,371,
32642,211,173,384,
32645,194,162,356,
32646,189,147,336,
32648,196,156,352,
32649,184,146,330,
32651,213,166,379,
32653,202,159,361,
32654,203,147,350,
32655,205,151,356,
32656,212,177,389,
32658,206,158,364,
32659,224,154,378,
32660,203,166,369,
32661,216,171,387,
32662,193,178,371,
32663,234,166,400,
32665,194,189,383,
32666,204,147,351,
32667,210,155,365,
32668,197,191,388,
32669,184,160,344,
32672,167,171,338,
32673,232,186,418,
32675,223,161,384,
32676,220,168,388,
32677,192,154,346,
32678,220,154,374,
32679,236,136,372,
32680,191,182,373,
32681,180,171,351,
32682,229,150,379,
32683,201,169,370,
32684,18,16,34,
32686,220,162,382,
32687,189,157,346,
32688,205,169,374,
32689,230,160,390,
32690,215,179,394,
32691,212,159,371,
32692,22,19,41,
32693,200,155,355,
32694,202,173,375,
32695,191,153,344,
32696,223,164,387,
32698,208,146,354,
32700,32,24,56,
32701,193,178,371,
32702,218,178,396,
32703,227,182,409,
32704,219,183,402,
32706,216,146,362,
32708,214,171,385,
32709,223,169,392,
32711,207,175,382,
32713,213,175,388,
32714,194,159,353,
32715,151,115,266,
32716,229,160,389,
32718,230,178,408,
32719,210,180,390,
32720,218,166,384,
32721,18,19,37,
32722,243,189,432,
32724,222,171,393,
32725,194,153,347,
32726,209,164,373,
32727,212,172,384,
32729,188,165,353,
32730,205,159,364,
32733,190,156,346,
32734,200,173,373,
32735,197,165,362,
32736,212,185,397,
32737,221,165,386,
32738,204,167,371,
32739,42,46,88,
32741,238,162,400,
32742,229,167,396,
32743,210,156,366,
32745,194,175,369,
32746,25,8,33,
32748,204,172,376,
32749,196,182,378,
32751,209,199,408,
32753,223,161,384,
32754,189,142,331,
32755,181,144,325,
32757,175,175,350,
32758,209,173,382,
32760,198,155,353,
32761,205,156,361,
32762,225,156,381,
32764,194,162,356,
32766,202,175,377,
32767,191,154,345,
32769,212,166,378,
32770,35,28,63,
32771,209,164,373,
32772,244,172,416,
32773,214,171,385,
32774,179,166,345,
32775,193,153,346,
32776,194,157,351,
32777,202,181,383,
32780,212,172,384,
32781,195,180,375,
32782,216,177,393,
32783,203,136,339,
32784,228,174,402,
32785,219,179,398,
32786,195,157,352,
32788,159,128,287,
32789,223,164,387,
32790,218,163,381,
32792,191,158,349,
32793,198,159,357,
32794,188,106,294,
32795,210,167,377,
32797,22,22,44,
32799,211,204,415,
32801,203,154,357,
32802,209,159,368,
32803,211,174,385,
32804,195,150,345,
32805,196,165,361,
32807,197,141,338,
32808,220,174,394,
32809,217,161,378,
32811,186,159,345,
32812,201,173,374,
32814,242,155,397,
32815,199,165,364,
32816,218,165,383,
32818,201,154,355,
32819,202,168,370,
32821,204,181,385,
32823,195,141,336,
32824,179,147,326,
32825,192,192,384,
32826,200,163,363,
32828,180,160,340,
32829,228,167,395,
32830,180,150,330,
32831,222,169,391,
32832,199,190,389,
32833,216,188,404,
32834,197,174,371,
32836,191,177,368,
32838,8,6,14,
32841,206,142,348,
32842,236,183,419,
32844,217,153,370,
32846,222,164,386,
32847,4,4,8,
32848,195,166,361,
32849,203,144,347,
32850,197,178,375,
32851,206,154,360,
32852,214,167,381,
32853,223,175,398,
32854,207,157,364,
32855,238,178,416,
32856,207,165,372,
32858,215,124,339,
32859,203,154,357,
32860,219,154,373,
32863,186,151,337,
32864,202,153,355,
32865,238,163,401,
32866,187,168,355,
32868,203,178,381,
32869,7,7,14,
32870,165,168,333,
32871,201,172,373,
32873,200,149,349,
32874,234,173,407,
32875,179,182,361,
32876,228,169,397,
32877,229,164,393,
32879,198,164,362,
32880,191,192,383,
32881,206,171,377,
32882,205,172,377,
32883,221,175,396,
32884,198,168,366,
32885,187,173,360,
32886,210,178,388,
32888,187,166,353,
32889,164,121,285,
32891,216,167,383,
32892,205,162,367,
32893,221,167,388,
32894,215,172,387,
32897,210,161,371,
32899,42,28,70,
32900,217,181,398,
32901,204,167,371,
32902,173,160,333,
32903,216,161,377,
32904,228,198,426,
32905,196,171,367,
32906,219,166,385,
32909,209,150,359,
32910,222,134,356,
32911,230,159,389,
32912,235,151,386,
32913,215,175,390,
32915,226,161,387,
32916,207,168,375,
32917,201,165,366,
32918,159,137,296,
32919,220,172,392,
32920,223,182,405,
32921,237,154,391,
32922,207,171,378,
32923,38,27,65,
32925,207,163,370,
32926,215,160,375,
32928,204,174,378,
32929,214,186,400,
32930,221,165,386,
32931,216,176,392,
32932,195,143,338,
32934,186,152,338,
32935,218,176,394,
32936,221,149,370,
32938,216,155,371,
32939,182,159,341,
32940,203,178,381,
32941,215,180,395,
32942,207,161,368,
32944,217,165,382,
32945,197,183,380,
32946,199,181,380,
32947,210,169,379,
32948,213,183,396,
32949,190,178,368,
32950,77,60,137,
32952,233,177,410,
32954,188,153,341,
32955,222,171,393,
32956,219,148,367,
32958,219,168,387,
32959,213,182,395,
32960,203,163,366,
32961,201,154,355,
32962,201,160,361,
32963,206,191,397,
32965,192,169,361,
32966,205,157,362,
32967,229,137,366,
32968,201,143,344,
32969,236,146,382,
32970,188,151,339,
32971,192,163,355,
32972,214,157,371,
32973,212,189,401,
32974,217,147,364,
32975,53,35,88,
32976,35,34,69,
32979,221,161,382,
32980,204,174,378,
32981,167,150,317,
32982,214,169,383,
32983,221,150,371,
32984,219,178,397,
32985,200,150,350,
32986,199,179,378,
32987,141,113,254,
32988,199,156,355,
32989,224,172,396,
32990,225,156,381,
32991,203,148,351,
32992,216,159,375,
32993,199,142,341,
32994,205,167,372,
32997,235,171,406,
32999,196,175,371,
33000,224,185,409,
33002,220,193,413,
33003,183,165,348,
33004,193,154,347,
33005,200,151,351,
33006,206,163,369,
33007,212,173,385,
33008,214,177,391,
33009,51,45,96,
33010,209,141,350,
33011,199,137,336,
33012,231,148,379,
33014,216,165,381,
33015,206,180,386,
33016,32,23,55,
33017,248,172,420,
33019,190,160,350,
33024,9,12,21,
33025,224,165,389,
33026,201,168,369,
33028,209,185,394,
33032,212,165,377,
33033,191,181,372,
33034,208,183,391,
33035,20,17,37,
33037,166,175,341,
33039,225,169,394,
33040,215,165,380,
33041,239,155,394,
33042,196,159,355,
33043,215,170,385,
33044,197,182,379,
33045,222,157,379,
33046,157,80,237,
33047,211,174,385,
33049,196,159,355,
33050,223,183,406,
33051,231,181,412,
33052,199,159,358,
33053,19,12,31,
33055,219,155,374,
33056,202,159,361,
33057,200,173,373,
33058,241,156,397,
33060,208,156,364,
33062,210,172,382,
33064,212,162,374,
33065,210,169,379,
33066,232,141,373,
33068,205,155,360,
33069,219,160,379,
33070,220,160,380,
33071,193,148,341,
33072,200,178,378,
33073,240,170,410,
33075,210,155,365,
33076,197,177,374,
33077,215,159,374,
33078,22,14,36,
33079,232,156,388,
33080,209,157,366,
33081,231,159,390,
33082,222,170,392,
33083,202,173,375,
33084,219,181,400,
33085,215,156,371,
33086,213,153,366,
33088,197,168,365,
33089,235,162,397,
33090,162,136,298,
33091,218,161,379,
33092,195,170,365,
33093,236,166,402,
33094,200,193,393,
33095,215,175,390,
33096,205,163,368,
33097,195,163,358,
33099,205,138,343,
33100,226,147,373,
33102,162,172,334,
33103,214,156,370,
33106,194,172,366,
33108,170,132,302,
33109,199,180,379,
33110,215,169,384,
33111,212,183,395,
33112,185,202,387,
33113,208,166,374,
33114,207,180,387,
33115,199,162,361,
33116,225,160,385,
33117,225,152,377,
33122,204,161,365,
33123,216,182,398,
33124,232,184,416,
33125,212,162,374,
33126,184,172,356,
33127,205,164,369,
33129,218,190,408,
33132,198,168,366,
33134,52,40,92,
33136,213,182,395,
33137,27,26,53,
33138,226,171,397,
33139,198,168,366,
33140,206,155,361,
33141,213,169,382,
33142,200,167,367,
33143,210,172,382,
33145,192,206,398,
33146,216,154,370,
33147,233,164,397,
33148,206,153,359,
33150,224,171,395,
33151,29,15,44,
33152,222,174,396,
33154,220,162,382,
33155,200,162,362,
33156,45,33,78,
33157,187,168,355,
33158,228,182,410,
33159,195,193,388,
33160,226,163,389,
33161,115,118,233,
33163,169,101,270,
33166,199,147,346,
33167,226,162,388,
33169,234,170,404,
33170,35,27,62,
33171,175,171,346,
33172,163,104,267,
33173,202,180,382,
33174,200,163,363,
33176,19,20,39,
33178,192,178,370,
33179,221,169,390,
33180,242,160,402,
33183,216,167,383,
33184,179,156,335,
33186,170,197,367,
33188,180,160,340,
33189,227,165,392,
33190,182,154,336,
33191,203,168,371,
33192,217,189,406,
33193,207,156,363,
33195,225,179,404,
33197,195,166,361,
33198,216,158,374,
33199,246,172,418,
33201,202,171,373,
33202,209,176,385,
33204,207,169,376,
33205,230,146,376,
33206,30,20,50,
33207,203,187,390,
33208,221,159,380,
33213,202,172,374,
33214,50,26,76,
33215,224,164,388,
33217,152,131,283,
33218,199,163,362,
33219,210,196,406,
33220,42,42,84,
33221,203,179,382,
33222,166,126,292,
33223,36,30,66,
33224,257,156,413,
33226,219,153,372,
33227,230,180,410,
33228,200,181,381,
33230,221,150,371,
33232,216,190,406,
33233,206,182,388,
33234,205,170,375,
33235,223,129,352,
33236,208,190,398,
33237,224,157,381,
33239,227,163,390,
33240,205,148,353,
33241,206,154,360,
33242,228,187,415,
33244,189,176,365,
33245,188,172,360,
33246,198,133,331,
33247,202,164,366,
33248,209,179,388,
33249,29,27,56,
33250,201,155,356,
33251,18,21,39,
33252,212,196,408,
33253,227,157,384,
33254,203,154,357,
33255,216,174,390,
33256,203,181,384,
33258,175,164,339,
33260,201,135,336,
33261,233,174,407,
33262,186,189,375,
33263,225,167,392,
33265,233,173,406,
33267,200,167,367,
33268,214,135,349,
33269,224,158,382,
33270,202,165,367,
33271,190,176,366,
33272,223,177,400,
33273,227,155,382,
33274,211,175,386,
33276,203,176,379,
33277,250,142,392,
33280,234,151,385,
33281,195,175,370,
33282,216,167,383,
33283,200,161,361,
33284,213,141,354,
33285,216,153,369,
33286,221,144,365,
33287,37,30,67,
33288,245,154,399,
33289,212,174,386,
33290,189,164,353,
33291,220,171,391,
33292,217,173,390,
33293,164,177,341,
33294,181,136,317,
33298,191,178,369,
33299,188,152,340,
33301,226,154,380,
33303,199,190,389,
33304,213,176,389,
33305,199,161,360,
33306,40,37,77,
33307,203,179,382,
33308,199,160,359,
33309,221,138,359,
33310,203,178,381,
33311,20,18,38,
33312,186,154,340,
33314,126,86,212,
33315,210,158,368,
33316,248,185,433,
33317,209,162,371,
33318,195,176,371,
33320,181,171,352,
33321,178,148,326,
33322,212,135,347,
33323,198,168,366,
33324,219,157,376,
33326,212,161,373,
33327,223,190,413,
33328,222,171,393,
33329,212,170,382,
33330,230,144,374,
33331,198,179,377,
33332,200,177,377,
33333,156,129,285,
33334,198,152,350,
33336,213,179,392,
33337,217,142,359,
33338,191,180,371,
33339,207,150,357,
33340,205,150,355,
33341,204,149,353,
33342,232,171,403,
33343,226,164,390,
33344,208,195,403,
33345,216,143,359,
33346,222,134,356,
33347,201,175,376,
33349,215,166,381,
33350,213,186,399,
33352,209,159,368,
33353,197,145,342,
33354,197,167,364,
33360,209,167,376,
33361,207,161,368,
33362,203,142,345,
33363,217,142,359,
33364,192,165,357,
33365,199,168,367,
33367,204,180,384,
33368,207,205,412,
33369,191,139,330,
33370,210,154,364,
33371,223,164,387,
33372,233,180,413,
33373,200,179,379,
33378,199,151,350,
33379,194,173,367,
33380,202,175,377,
33381,205,181,386,
33382,205,174,379,
33383,231,174,405,
33384,173,137,310,
33385,218,163,381,
33386,205,168,373,
33388,230,151,381,
33389,218,163,381,
33390,216,167,383,
33392,175,157,332,
33394,208,162,370,
33395,210,156,366,
33396,20,20,40,
33398,189,154,343,
33399,242,179,421,
33400,215,177,392,
33401,179,152,331,
33402,200,155,355,
33403,206,153,359,
33404,199,140,339,
33406,238,202,440,
33407,209,175,384,
33409,205,184,389,
33410,210,155,365,
33411,223,166,389,
33413,190,164,354,
33414,219,174,393,
33415,209,141,350,
33416,203,164,367,
33417,164,112,276,
33418,43,34,77,
33419,235,157,392,
33420,214,176,390,
33421,185,154,339,
33422,217,164,381,
33423,207,164,371,
33424,210,177,387,
33425,203,175,378,
33426,153,118,271,
33427,176,147,323,
33428,216,177,393,
33429,234,180,414,
33431,188,164,352,
33432,220,167,387,
33433,212,180,392,
33434,208,187,395,
33435,142,140,282,
33436,45,33,78,
33438,165,108,273,
33440,215,146,361,
33441,203,179,382,
33442,201,177,378,
33443,215,167,382,
33444,232,163,395,
33447,189,157,346,
33448,220,191,411,
33449,201,137,338,
33451,195,158,353,
33452,196,156,352,
33453,163,151,314,
33454,228,165,393,
33455,205,176,381,
33457,206,177,383,
33458,202,155,357,
33459,161,120,281,
33462,141,166,307,
33464,218,156,374,
33465,201,169,370,
33467,186,168,354,
33468,204,145,349,
33469,215,124,339,
33470,193,159,352,
33471,212,132,344,
33472,226,157,383,
33473,175,160,335,
33474,216,162,378,
33476,236,177,413,
33477,221,162,383,
33478,189,157,346,
33479,226,156,382,
33480,203,163,366,
33483,217,161,378,
33484,206,158,364,
33485,211,160,371,
33486,224,202,426,
33487,226,161,387,
33488,181,157,338,
33489,244,159,403,
33490,197,184,381,
33491,184,145,329,
33492,191,162,353,
33496,225,162,387,
33497,217,192,409,
33499,194,150,344,
33501,218,172,390,
33502,191,176,367,
33504,206,159,365,
33507,211,181,392,
33508,204,174,378,
33509,178,127,305,
33510,237,153,390,
33511,229,154,383,
33512,203,180,383,
33513,8,4,12,
33514,200,166,366,
33516,186,125,311,
33517,211,152,363,
33518,245,177,422,
33519,202,149,351,
33520,201,166,367,
33521,178,120,298,
33522,214,181,395,
33523,223,165,388,
33525,190,144,334,
33526,171,131,302,
33528,206,154,360,
33529,197,149,346,
33530,174,135,309,
33531,200,166,366,
33532,204,170,374,
33533,207,164,371,
33534,197,162,359,
33536,214,166,380,
33539,192,151,343,
33540,196,181,377,
33541,187,139,326,
33542,194,156,350,
33543,176,169,345,
33546,269,149,418,
33547,212,138,350,
33548,223,187,410,
33550,223,173,396,
33551,212,200,412,
33552,204,172,376,
33553,198,170,368,
33554,215,167,382,
33556,207,153,360,
33557,213,166,379,
33558,213,200,413,
33559,220,153,373,
33560,214,160,374,
33561,209,143,352,
33563,189,133,322,
33564,205,162,367,
33565,169,115,284,
33566,135,92,227,
33567,211,185,396,
33568,231,189,420,
33570,234,177,411,
33571,218,166,384,
33572,198,166,364,
33573,215,155,370,
33575,242,179,421,
33576,225,160,385,
33577,197,177,374,
33580,219,179,398,
33581,211,167,378,
33582,220,177,397,
33583,219,171,390,
33585,214,135,349,
33587,219,157,376,
33589,224,166,390,
33591,192,180,372,
33592,205,179,384,
33593,218,154,372,
33595,177,151,328,
33597,198,162,360,
33598,195,150,345,
33599,203,189,392,
33600,198,147,345,
33602,206,157,363,
33604,207,177,384,
33605,228,185,413,
33608,206,176,382,
33609,183,160,343,
33610,238,159,397,
33612,183,167,350,
33614,212,182,394,
33615,234,171,405,
33617,136,122,258,
33618,230,152,382,
33619,201,176,377,
33620,234,162,396,
33621,201,168,369,
33622,220,146,366,
33623,193,151,344,
33624,153,130,283,
33625,209,182,391,
33628,42,26,68,
33629,218,142,360,
33630,221,175,396,
33631,237,174,411,
33632,15,10,25,
33634,206,181,387,
33635,200,163,363,
33636,201,177,378,
33637,203,174,377,
33638,240,176,416,
33639,241,166,407,
33641,242,166,408,
33643,196,168,364,
33644,180,131,311,
33647,213,163,376,
33649,200,151,351,
33650,221,177,398,
33651,187,149,336,
33652,225,142,367,
33655,190,169,359,
33659,218,173,391,
33660,201,149,350,
33661,247,158,405,
33662,213,193,406,
33663,211,155,366,
33664,193,155,348,
33665,190,165,355,
33666,205,157,362,
33667,178,166,344,
33668,191,146,337,
33669,209,182,391,
33670,183,162,345,
33671,205,165,370,
33672,229,170,399,
33673,213,170,383,
33674,227,151,378,
33675,207,175,382,
33676,210,156,366,
33677,218,148,366,
33678,207,171,378,
33680,196,183,379,
33681,201,173,374,
33682,219,162,381,
33684,204,176,380,
33686,192,183,375,
33688,199,146,345,
33689,225,156,381,
33690,205,173,378,
33691,203,191,394,
33693,128,136,264,
33694,2,1,3,
33695,24,18,42,
33697,213,163,376,
33698,2,3,5,
33699,224,149,373,
33700,211,150,361,
33702,193,148,341,
33703,217,157,374,
33704,195,151,346,
33705,207,159,366,
33706,236,174,410,
33707,176,169,345,
33709,226,138,364,
33710,188,182,370,
33711,209,164,373,
33712,217,155,372,
33713,220,178,398,
33714,233,159,392,
33715,192,177,369,
33717,42,33,75,
33718,188,167,355,
33719,166,106,272,
33720,211,166,377,
33721,204,176,380,
33722,174,153,327,
33723,212,159,371,
33724,200,173,373,
33725,209,142,351,
33726,231,160,391,
33727,214,176,390,
33728,213,173,386,
33729,195,161,356,
33730,208,165,373,
33731,191,166,357,
33732,195,149,344,
33734,209,164,373,
33735,209,150,359,
33736,213,169,382,
33737,52,35,87,
33738,221,157,378,
33739,216,151,367,
33740,211,172,383,
33741,201,157,358,
33742,218,155,373,
33743,189,151,340,
33745,203,167,370,
33746,212,181,393,
33747,236,171,407,
33748,194,174,368,
33749,233,141,374,
33750,191,180,371,
33751,241,153,394,
33753,223,156,379,
33754,194,154,348,
33755,202,164,366,
33758,218,162,380,
33759,213,153,366,
33760,211,162,373,
33761,192,148,340,
33763,211,147,358,
33764,205,187,392,
33765,228,173,401,
33766,210,134,344,
33768,222,167,389,
33769,166,194,360,
33770,224,165,389,
33771,210,139,349,
33775,147,125,272,
33776,215,157,372,
33777,187,160,347,
33779,210,177,387,
33780,3,2,5,
33782,223,164,387,
33784,211,160,371,
33785,225,181,406,
33786,195,183,378,
33788,216,181,397,
33789,207,152,359,
33790,218,168,386,
33791,216,135,351,
33793,191,166,357,
33794,195,173,368,
33795,213,153,366,
33796,223,181,404,
33797,206,152,358,
33798,225,172,397,
33800,211,149,360,
33801,183,152,335,
33802,245,159,404,
33804,214,147,361,
33805,218,182,400,
33808,201,150,351,
33809,229,174,403,
33810,195,179,374,
33811,230,165,395,
33812,223,170,393,
33813,214,166,380,
33814,188,175,363,
33815,204,159,363,
33816,219,173,392,
33817,205,181,386,
33818,193,171,364,
33819,197,148,345,
33820,198,160,358,
33822,243,156,399,
33823,192,170,362,
33824,199,149,348,
33825,193,178,371,
33827,213,174,387,
33828,218,179,397,
33829,205,188,393,
33830,215,160,375,
33832,225,159,384,
33834,172,152,324,
33835,213,159,372,
33836,213,164,377,
33837,212,179,391,
33838,197,163,360,
33839,220,160,380,
33841,201,177,378,
33842,234,173,407,
33844,198,166,364,
33845,8,3,11,
33846,231,179,410,
33847,189,167,356,
33849,231,159,390,
33851,191,170,361,
33852,203,163,366,
33853,206,185,391,
33855,190,166,356,
33858,197,156,353,
33860,225,158,383,
33861,229,167,396,
33864,212,128,340,
33865,216,152,368,
33866,203,172,375,
33867,210,171,381,
33869,209,174,383,
33871,196,176,372,
33872,222,179,401,
33874,195,175,370,
33875,209,149,358,
33876,207,168,375,
33877,215,158,373,
33878,161,110,271,
33879,229,172,401,
33880,207,165,372,
33881,216,155,371,
33882,190,165,355,
33883,212,173,385,
33884,208,176,384,
33885,218,187,405,
33886,208,169,377,
33888,218,173,391,
33889,199,191,390,
33891,181,179,360,
33892,197,155,352,
33894,202,192,394,
33896,197,161,358,
33897,231,168,399,
33899,183,181,364,
33900,222,178,400,
33901,135,106,241,
33902,201,169,370,
33903,226,161,387,
33904,205,165,370,
33905,183,169,352,
33906,214,156,370,
33907,196,165,361,
33908,169,160,329,
33909,183,165,348,
33910,203,164,367,
33911,195,180,375,
33913,203,188,391,
33914,242,169,411,
33915,214,167,381,
33919,203,166,369,
33920,206,166,372,
33921,211,175,386,
33922,190,171,361,
33923,211,177,388,
33924,201,168,369,
33925,30,16,46,
33926,197,159,356,
33927,204,142,346,
33929,180,191,371,
33930,200,160,360,
33931,213,158,371,
33932,247,173,420,
33933,196,148,344,
33934,169,129,298,
33935,196,137,333,
33937,203,136,339,
33939,216,153,369,
33940,184,159,343,
33942,239,164,403,
33943,234,150,384,
33944,220,148,368,
33945,202,157,359,
33946,8,11,19,
33947,192,166,358,
33949,198,172,370,
33953,201,166,367,
33954,182,143,325,
33956,223,193,416,
33957,243,158,401,
33958,216,179,395,
33959,198,162,360,
33960,234,159,393,
33961,222,156,378,
33962,214,153,367,
33963,151,149,300,
33964,242,171,413,
33965,203,172,375,
33966,7,7,14,
33968,204,147,351,
33970,233,182,415,
33971,208,150,358,
33972,223,162,385,
33973,203,158,361,
33975,202,150,352,
33976,217,176,393,
33977,184,154,338,
33979,215,156,371,
33980,206,172,378,
33981,218,141,359,
33983,197,174,371,
33985,157,125,282,
33987,211,166,377,
33990,196,164,360,
33991,224,193,417,
33992,183,122,305,
33993,195,182,377,
33994,196,162,358,
33995,212,149,361,
33996,212,147,359,
33998,221,168,389,
33999,219,177,396,
34000,242,179,421,
34001,224,178,402,
34002,208,143,351,
34003,198,162,360,
34004,25,23,48,
34008,223,172,395,
34011,212,164,376,
34012,193,148,341,
34013,173,175,348,
34014,184,167,351,
34015,222,157,379,
34017,39,22,61,
34018,219,172,391,
34019,218,180,398,
34020,218,153,371,
34021,202,151,353,
34023,31,20,51,
34024,234,171,405,
34025,183,169,352,
34026,35,31,66,
34027,204,166,370,
34028,201,174,375,
34030,225,164,389,
34031,192,190,382,
34032,223,170,393,
34033,216,155,371,
34034,215,171,386,
34037,186,145,331,
34038,210,161,371,
34040,222,158,380,
34041,223,156,379,
34042,207,146,353,
34043,242,166,408,
34044,206,177,383,
34045,213,160,373,
34046,234,171,405,
34047,209,175,384,
34048,202,173,375,
34051,199,147,346,
34052,212,181,393,
34055,193,163,356,
34057,198,190,388,
34058,197,162,359,
34060,220,160,380,
34061,188,152,340,
34063,193,166,359,
34064,206,177,383,
34065,234,145,379,
34066,219,157,376,
34067,194,151,345,
34069,238,163,401,
34070,225,165,390,
34071,197,171,368,
34072,235,169,404,
34073,197,162,359,
34074,215,135,350,
34075,220,177,397,
34076,182,166,348,
34077,46,30,76,
34078,219,167,386,
34079,193,155,348,
34080,197,163,360,
34081,224,172,396,
34085,219,154,373,
34086,190,180,370,
34087,226,152,378,
34088,137,117,254,
34089,211,178,389,
34090,30,19,49,
34091,232,165,397,
34092,201,158,359,
34094,195,155,350,
34095,200,174,374,
34098,202,166,368,
34099,217,185,402,
34100,227,148,375,
34101,205,155,360,
34102,26,21,47,
34103,172,182,354,
34104,242,147,389,
34105,209,164,373,
34106,170,159,329,
34107,218,165,383,
34109,216,186,402,
34113,191,164,355,
34115,201,139,340,
34116,202,172,374,
34118,221,174,395,
34119,194,156,350,
34120,249,157,406,
34121,212,182,394,
34122,217,184,401,
34123,212,169,381,
34125,227,168,395,
34126,32,25,57,
34127,225,147,372,
34130,202,184,386,
34131,204,181,385,
34132,203,146,349,
34133,213,168,381,
34134,207,158,365,
34136,212,156,368,
34137,189,162,351,
34138,197,172,369,
34139,207,146,353,
34141,244,179,423,
34143,188,143,331,
34144,199,152,351,
34145,210,143,353,
34146,224,156,380,
34149,23,15,38,
34150,212,171,383,
34151,25,21,46,
34152,221,170,391,
34153,213,170,383,
34156,188,170,358,
34157,180,179,359,
34158,191,154,345,
34159,221,170,391,
34160,208,158,366,
34164,199,159,358,
34166,222,168,390,
34169,201,154,355,
34170,24,20,44,
34171,223,172,395,
34172,170,154,324,
34174,228,167,395,
34175,211,157,368,
34176,44,28,72,
34177,209,188,397,
34178,216,169,385,
34179,220,150,370,
34180,205,197,402,
34181,170,158,328,
34182,16,29,45,
34183,198,169,367,
34184,218,175,393,
34185,212,171,383,
34186,45,37,82,
34187,194,149,343,
34188,201,178,379,
34189,193,171,364,
34190,206,157,363,
34191,202,158,360,
34192,201,185,386,
34193,197,171,368,
34194,29,16,45,
34195,216,184,400,
34196,224,135,359,
34197,30,14,44,
34199,228,162,390,
34201,209,132,341,
34202,222,170,392,
34203,216,163,379,
34205,174,102,276,
34206,194,166,360,
34207,219,163,382,
34208,197,144,341,
34209,195,166,361,
34210,208,157,365,
34211,196,159,355,
34213,202,164,366,
34214,33,21,54,
34215,186,170,356,
34216,224,174,398,
34217,208,153,361,
34218,222,135,357,
34220,194,148,342,
34221,220,177,397,
34223,230,170,400,
34224,28,28,56,
34226,205,158,363,
34227,183,161,344,
34228,162,119,281,
34229,43,39,82,
34230,212,169,381,
34231,226,165,391,
34232,194,171,365,
34233,191,139,330,
34234,41,27,68,
34237,226,166,392,
34238,211,164,375,
34240,184,155,339,
34241,218,170,388,
34242,165,175,340,
34243,198,158,356,
34244,217,163,380,
34245,223,191,414,
34247,205,176,381,
34248,185,167,352,
34249,38,35,73,
34251,213,158,371,
34252,197,177,374,
34253,208,152,360,
34254,186,184,370,
34255,200,160,360,
34256,229,144,373,
34257,204,168,372,
34258,218,167,385,
34259,219,167,386,
34261,217,173,390,
34262,230,162,392,
34264,205,161,366,
34265,237,150,387,
34266,187,179,366,
34267,215,144,359,
34269,37,25,62,
34270,207,151,358,
34271,206,190,396,
34272,234,157,391,
34273,214,163,377,
34274,205,176,381,
34275,211,158,369,
34276,28,27,55,
34277,218,164,382,
34278,218,160,378,
34279,243,158,401,
34280,197,160,357,
34281,37,25,62,
34282,200,160,360,
34284,223,171,394,
34286,236,166,402,
34288,202,156,358,
34291,196,152,348,
34292,190,165,355,
34293,205,174,379,
34296,212,154,366,
34297,243,157,400,
34299,205,154,359,
34300,241,165,406,
34301,182,160,342,
34302,204,164,368,
34303,205,168,373,
34304,233,173,406,
34305,25,28,53,
34306,235,162,397,
34307,161,107,268,
34308,210,177,387,
34309,227,157,384,
34310,229,168,397,
34311,217,149,366,
34312,208,148,356,
34313,221,159,380,
34314,203,183,386,
34315,205,149,354,
34316,215,176,391,
34317,212,158,370,
34319,220,150,370,
34320,176,121,297,
34321,201,173,374,
34322,220,168,388,
34323,186,175,361,
34324,203,186,389,
34325,227,172,399,
34326,15,8,23,
34327,172,168,340,
34328,190,156,346,
34330,212,195,407,
34333,216,191,407,
34334,211,173,384,
34337,199,148,347,
34338,175,163,338,
34339,186,193,379,
34340,218,173,391,
34341,220,170,390,
34342,192,188,380,
34343,146,159,305,
34344,223,158,381,
34347,211,162,373,
34348,179,165,344,
34349,165,161,326,
34351,189,184,373,
34352,211,186,397,
34353,188,190,378,
34354,16,16,32,
34355,139,126,265,
34356,221,161,382,
34357,166,76,242,
34358,186,174,360,
34359,218,189,407,
34360,218,183,401,
34362,198,159,357,
34364,242,165,407,
34365,2,2,4,
34366,223,163,386,
34367,202,162,364,
34369,204,142,346,
34371,197,179,376,
34372,4,3,7,
34373,194,151,345,
34374,210,173,383,
34375,215,169,384,
34377,211,177,388,
34378,152,121,273,
34380,200,153,353,
34381,244,131,375,
34383,175,118,293,
34384,207,160,367,
34385,228,168,396,
34386,202,156,358,
34387,182,160,342,
34388,217,160,377,
34389,215,135,350,
34392,207,157,364,
34393,197,194,391,
34396,223,159,382,
34397,214,164,378,
34398,209,149,358,
34399,200,176,376,
34400,196,153,349,
34401,203,174,377,
34402,208,174,382,
34403,203,186,389,
34404,217,178,395,
34406,205,203,408,
34407,216,140,356,
34408,195,168,363,
34409,236,163,399,
34410,212,176,388,
34411,28,21,49,
34412,220,162,382,
34413,211,172,383,
34414,204,170,374,
34415,173,121,294,
34417,162,159,321,
34418,214,163,377,
34419,202,149,351,
34420,221,145,366,
34421,223,164,387,
34422,213,168,381,
34423,227,156,383,
34424,195,142,337,
34425,201,163,364,
34426,161,154,315,
34427,226,134,360,
34428,208,153,361,
34429,213,137,350,
34430,201,148,349,
34431,232,171,403,
34432,207,179,386,
34433,197,149,346,
34434,211,157,368,
34435,210,157,367,
34436,204,151,355,
34437,203,164,367,
34438,6,6,12,
34439,210,154,364,
34440,210,180,390,
34441,204,177,381,
34443,33,25,58,
34444,226,189,415,
34445,33,22,55,
34446,200,163,363,
34447,185,180,365,
34448,194,183,377,
34450,218,169,387,
34451,227,155,382,
34452,219,187,406,
34453,201,166,367,
34454,224,177,401,
34455,215,162,377,
34457,237,170,407,
34459,222,147,369,
34460,205,167,372,
34461,203,156,359,
34462,211,185,396,
34463,212,154,366,
34465,227,168,395,
34467,39,21,60,
34468,196,156,352,
34469,191,167,358,
34470,222,157,379,
34471,223,183,406,
34472,226,179,405,
34473,13,18,31,
34474,195,168,363,
34475,210,169,379,
34476,212,173,385,
34477,232,164,396,
34478,224,155,379,
34479,218,179,397,
34480,208,167,375,
34481,226,151,377,
34482,200,170,370,
34483,218,183,401,
34484,231,141,372,
34488,203,163,366,
34489,72,50,122,
34492,187,135,322,
34493,37,16,53,
34494,207,142,349,
34495,228,181,409,
34496,204,162,366,
34498,196,175,371,
34499,197,146,343,
34500,193,142,335,
34501,182,142,324,
34502,215,167,382,
34503,196,174,370,
34504,155,141,296,
34505,187,174,361,
34506,220,190,410,
34507,210,157,367,
34508,188,162,350,
34509,222,169,391,
34512,205,188,393,
34513,208,164,372,
34514,164,137,301,
34515,209,166,375,
34516,194,156,350,
34518,199,160,359,
34519,232,173,405,
34520,204,166,370,
34521,236,155,391,
34522,207,160,367,
34523,194,165,359,
34525,29,19,48,
34526,187,185,372,
34527,206,166,372,
34528,207,155,362,
34529,230,173,403,
34530,217,174,391,
34531,194,166,360,
34533,133,123,256,
34535,218,139,357,
34538,211,144,355,
34539,234,181,415,
34540,211,169,380,
34541,16,20,36,
34544,233,183,416,
34546,212,165,377,
34547,217,144,361,
34548,214,181,395,
34549,177,180,357,
34550,243,166,409,
34551,166,132,298,
34553,205,149,354,
34554,231,180,411,
34555,250,155,405,
34556,197,181,378,
34557,218,164,382,
34558,231,175,406,
34559,231,166,397,
34561,172,129,301,
34562,210,171,381,
34563,213,186,399,
34565,205,183,388,
34566,178,152,330,
34567,194,168,362,
34568,174,161,335,
34569,194,159,353,
34570,200,173,373,
34572,222,172,394,
34573,208,144,352,
34574,35,34,69,
34575,49,28,77,
34576,184,166,350,
34578,211,172,383,
34579,219,129,348,
34580,208,174,382,
34582,222,158,380,
34583,44,26,70,
34584,206,172,378,
34586,210,178,388,
34587,227,170,397,
34588,198,165,363,
34589,212,153,365,
34590,216,180,396,
34591,219,162,381,
34592,223,159,382,
34593,210,155,365,
34594,22,17,39,
34595,219,168,387,
34596,199,166,365,
34597,198,149,347,
34598,240,181,421,
34599,184,170,354,
34600,207,184,391,
34602,16,13,29,
34604,204,156,360,
34605,178,174,352,
34608,236,148,384,
34609,212,169,381,
34610,202,153,355,
34611,206,187,393,
34612,196,157,353,
34613,221,171,392,
34614,205,141,346,
34615,12,16,28,
34617,220,151,371,
34618,195,150,345,
34619,181,153,334,
34620,214,137,351,
34623,209,168,377,
34624,231,163,394,
34625,187,178,365,
34626,213,151,364,
34627,222,151,373,
34628,216,163,379,
34629,25,29,54,
34630,213,145,358,
34633,201,170,371,
34634,182,180,362,
34635,223,198,421,
34636,198,165,363,
34637,223,165,388,
34638,214,161,375,
34639,176,163,339,
34640,235,202,437,
34642,206,179,385,
34643,190,158,348,
34644,232,151,383,
34645,187,168,355,
34647,212,183,395,
34648,186,161,347,
34650,213,163,376,
34652,222,164,386,
34653,219,155,374,
34654,193,205,398,
34656,205,178,383,
34657,217,185,402,
34658,227,168,395,
34660,211,156,367,
34661,210,175,385,
34663,208,157,365,
34664,207,171,378,
34665,195,170,365,
34666,204,180,384,
34667,187,164,351,
34668,181,168,349,
34669,123,85,208,
34670,221,153,374,
34671,211,140,351,
34673,204,169,373,
34674,215,173,388,
34675,207,141,348,
34676,226,154,380,
34677,231,163,394,
34678,192,155,347,
34679,218,173,391,
34680,215,132,347,
34681,205,162,367,
34683,8,4,12,
34684,221,172,393,
34685,213,162,375,
34686,236,146,382,
34687,216,171,387,
34691,220,144,364,
34692,209,156,365,
34693,226,151,377,
34694,193,169,362,
34695,211,154,365,
34698,209,174,383,
34699,213,148,361,
34701,207,149,356,
34703,29,24,53,
34704,209,150,359,
34705,214,173,387,
34706,216,156,372,
34707,235,160,395,
34708,238,156,394,
34709,205,159,364,
34710,219,165,384,
34711,211,168,379,
34712,189,167,356,
34713,224,148,372,
34714,209,151,360,
34715,224,169,393,
34716,39,26,65,
34718,219,152,371,
34719,218,152,370,
34720,220,149,369,
34721,31,26,57,
34722,49,40,89,
34723,209,181,390,
34724,227,159,386,
34727,206,154,360,
34728,211,167,378,
34729,232,168,400,
34730,186,163,349,
34731,202,158,360,
34732,36,22,58,
34733,214,195,409,
34734,229,175,404,
34735,190,161,351,
34736,233,159,392,
34737,223,144,367,
34738,202,181,383,
34739,173,160,333,
34740,190,177,367,
34742,195,172,367,
34743,202,165,367,
34744,30,17,47,
34745,236,155,391,
34746,211,174,385,
34747,194,165,359,
34749,224,168,392,
34750,208,155,363,
34751,204,156,360,
34752,209,159,368,
34754,185,159,344,
34755,234,184,418,
34756,206,175,381,
34758,188,165,353,
34759,210,153,363,
34760,227,156,383,
34761,228,166,394,
34762,217,174,391,
34763,221,159,380,
34764,229,138,367,
34767,209,149,358,
34768,186,161,347,
34769,204,164,368,
34771,167,137,304,
34772,228,162,390,
34773,203,186,389,
34775,236,158,394,
34776,239,156,395,
34777,203,173,376,
34778,217,185,402,
34779,200,165,365,
34781,215,137,352,
34782,229,162,391,
34784,215,169,384,
34785,210,180,390,
34786,159,139,298,
34788,195,164,359,
34791,213,173,386,
34793,185,162,347,
34794,188,166,354,
34795,29,27,56,
34796,211,178,389,
34797,199,154,353,
34798,211,179,390,
34799,193,129,322,
34801,210,163,373,
34802,194,144,338,
34806,224,188,412,
34807,162,139,301,
34808,215,176,391,
34809,184,179,363,
34810,218,170,388,
34811,196,174,370,
34812,221,173,394,
34813,207,162,369,
34814,27,16,43,
34815,13,11,24,
34816,215,162,377,
34817,214,159,373,
34818,188,190,378,
34819,191,175,366,
34820,209,190,399,
34821,197,172,369,
34822,232,168,400,
34823,9,9,18,
34826,185,170,355,
34827,253,163,416,
34828,189,182,371,
34830,227,142,369,
34832,209,176,385,
34833,209,170,379,
34834,181,157,338,
34835,201,145,346,
34836,206,166,372,
34838,197,171,368,
34839,199,181,380,
34840,221,161,382,
34841,195,181,376,
34843,224,151,375,
34845,211,169,380,
34846,216,164,380,
34847,200,164,364,
34849,208,176,384,
34850,218,172,390,
34855,206,168,374,
34856,5,3,8,
34857,202,163,365,
34858,201,209,410,
34859,207,159,366,
34860,179,167,346,
34861,197,157,354,
34862,186,141,327,
34863,190,160,350,
34865,219,139,358,
34866,196,181,377,
34867,204,131,335,
34868,226,153,379,
34869,229,177,406,
34870,198,162,360,
34871,206,167,373,
34872,219,189,408,
34873,196,178,374,
34874,217,135,352,
34875,177,153,330,
34876,231,159,390,
34878,222,172,394,
34879,182,172,354,
34880,210,145,355,
34881,168,162,330,
34882,228,164,392,
34883,192,144,336,
34884,226,185,411,
34885,194,164,358,
34889,184,142,326,
34890,209,166,375,
34892,241,157,398,
34893,224,165,389,
34895,180,135,315,
34896,212,158,370,
34897,211,167,378,
34899,214,169,383,
34900,23,31,54,
34901,209,170,379,
34902,212,175,387,
34903,217,144,361,
34904,215,155,370,
34905,203,148,351,
34906,233,169,402,
34908,202,166,368,
34909,201,170,371,
34910,240,169,409,
34913,206,188,394,
34914,212,183,395,
34915,6,7,13,
34916,224,119,343,
34918,202,142,344,
34919,239,146,385,
34921,230,171,401,
34922,191,179,370,
34923,221,167,388,
34924,200,162,362,
34925,211,140,351,
34926,228,187,415,
34927,226,159,385,
34928,190,168,358,
34929,192,163,355,
34930,207,165,372,
34931,205,195,400,
34932,200,172,372,
34934,234,204,438,
34935,191,203,394,
34938,215,168,383,
34940,206,168,374,
34941,211,167,378,
34942,8,8,16,
34944,226,161,387,
34946,225,189,414,
34948,214,148,362,
34949,226,169,395,
34950,197,186,383,
34951,36,37,73,
34952,220,160,380,
34953,199,162,361,
34954,185,174,359,
34956,198,148,346,
34958,203,165,368,
34959,205,153,358,
34961,221,160,381,
34962,210,168,378,
34963,174,137,311,
34964,213,149,362,
34965,172,180,352,
34968,204,165,369,
34969,218,167,385,
34970,215,158,373,
34971,205,173,378,
34972,229,162,391,
34973,235,164,399,
34974,203,165,368,
34975,230,163,393,
34976,214,145,359,
34977,233,172,405,
34978,224,168,392,
34979,152,118,270,
34980,220,197,417,
34981,203,173,376,
34982,226,173,399,
34983,212,168,380,
34985,211,156,367,
34986,4,5,9,
34987,248,172,420,
34988,149,109,258,
34989,200,164,364,
34990,187,170,357,
34992,216,181,397,
34993,220,152,372,
34994,215,171,386,
34995,200,144,344,
34996,215,159,374,
34998,210,153,363,
34999,222,189,411,
35000,202,191,393,
35001,195,178,373,
35002,206,158,364,
35003,31,32,63,
35005,202,172,374,
35006,217,153,370,
35007,192,144,336,
35009,201,159,360,
35010,226,159,385,
35011,215,177,392,
35014,185,167,352,
35015,207,142,349,
35016,209,154,363,
35017,194,148,342,
35018,191,157,348,
35019,223,178,401,
35020,223,172,395,
35021,237,159,396,
35022,198,141,339,
35023,218,168,386,
35024,177,169,346,
35025,223,149,372,
35026,216,172,388,
35027,212,144,356,
35028,214,163,377,
35029,200,144,344,
35031,205,203,408,
35032,191,173,364,
35033,208,161,369,
35034,39,34,73,
35036,201,175,376,
35037,201,184,385,
35038,31,29,60,
35039,223,174,397,
35040,190,148,338,
35041,209,143,352,
35042,39,30,69,
35044,209,177,386,
35045,224,147,371,
35047,151,120,271,
35048,228,131,359,
35050,222,172,394,
35053,202,165,367,
35054,174,164,338,
35057,214,156,370,
35058,180,180,360,
35059,220,170,390,
35061,213,140,353,
35062,212,178,390,
35064,193,172,365,
35065,228,156,384,
35066,221,169,390,
35067,195,154,349,
35068,200,181,381,
35069,210,167,377,
35071,184,138,322,
35072,200,183,383,
35073,195,172,367,
35076,214,163,377,
35077,173,119,292,
35078,186,154,340,
35079,209,172,381,
35080,221,160,381,
35081,220,177,397,
35082,192,167,359,
35083,226,159,385,
35084,212,138,350,
35086,30,24,54,
35087,214,167,381,
35088,230,154,384,
35089,199,159,358,
35091,202,162,364,
35092,199,154,353,
35093,221,158,379,
35094,229,173,402,
35095,154,105,259,
35096,209,162,371,
35097,173,167,340,
35098,218,135,353,
35100,214,167,381,
35101,202,184,386,
35102,217,148,365,
35103,209,171,380,
35104,33,20,53,
35105,217,161,378,
35106,207,174,381,
35107,215,158,373,
35109,200,176,376,
35110,239,162,401,
35111,197,152,349,
35113,220,144,364,
35114,215,170,385,
35115,188,179,367,
35119,161,116,277,
35122,184,155,339,
35123,177,189,366,
35124,195,143,338,
35125,136,142,278,
35127,213,180,393,
35129,207,164,371,
35130,194,168,362,
35132,171,154,325,
35134,188,177,365,
35135,205,174,379,
35136,217,160,377,
35137,232,185,417,
35139,204,185,389,
35140,217,143,360,
35141,213,150,363,
35142,206,178,384,
35144,213,170,383,
35145,12,11,23,
35146,220,139,359,
35148,241,162,403,
35149,235,168,403,
35150,197,155,352,
35151,242,138,380,
35152,189,170,359,
35153,209,165,374,
35154,194,154,348,
35155,193,174,367,
35158,235,166,401,
35161,226,172,398,
35162,201,152,353,
35164,220,177,397,
35165,205,165,370,
35167,226,163,389,
35168,206,172,378,
35169,191,175,366,
35170,213,176,389,
35171,210,187,397,
35172,228,168,396,
35175,18,19,37,
35176,224,165,389,
35177,215,154,369,
35179,180,133,313,
35180,218,143,361,
35181,228,172,400,
35182,218,174,392,
35184,217,166,383,
35185,211,154,365,
35187,203,149,352,
35188,212,161,373,
35191,10,7,17,
35192,188,166,354,
35193,188,151,339,
35194,208,174,382,
35195,224,166,390,
35197,182,170,352,
35198,199,207,406,
35199,240,173,413,
35201,232,165,397,
35202,205,163,368,
35203,210,192,402,
35204,251,178,429,
35205,190,162,352,
35206,182,151,333,
35207,176,150,326,
35208,199,179,378,
35209,228,152,380,
35211,201,146,347,
35212,229,146,375,
35213,28,20,48,
35214,230,155,385,
35215,246,170,416,
35216,228,181,409,
35217,227,146,373,
35218,169,139,308,
35219,206,143,349,
35220,197,166,363,
35221,231,176,407,
35222,237,171,408,
35223,203,170,373,
35224,176,158,334,
35225,228,165,393,
35226,196,186,382,
35227,225,173,398,
35228,239,180,419,
35229,193,179,372,
35230,176,169,345,
35231,31,27,58,
35232,204,161,365,
35233,189,164,353,
35234,21,18,39,
35236,194,153,347,
35237,221,164,385,
35239,206,171,377,
35241,235,178,413,
35242,257,170,427,
35243,188,164,352,
35244,205,160,365,
35247,201,194,395,
35248,209,146,355,
35251,212,175,387,
35252,213,174,387,
35253,187,165,352,
35254,205,156,361,
35255,247,154,401,
35256,200,153,353,
35257,205,139,344,
35258,214,166,380,
35259,206,180,386,
35260,223,176,399,
35261,213,176,389,
35263,232,160,392,
35264,202,138,340,
35267,208,167,375,
35268,169,144,313,
35269,215,158,373,
35270,212,166,378,
35271,211,155,366,
35272,220,186,406,
35273,232,133,365,
35274,173,170,343,
35276,223,171,394,
35277,236,176,412,
35278,8,2,10,
35279,225,172,397,
35280,226,158,384,
35281,225,156,381,
35286,201,156,357,
35288,221,169,390,
35289,205,161,366,
35291,215,161,376,
35292,227,178,405,
35293,203,190,393,
35297,197,173,370,
35298,202,177,379,
35299,211,161,372,
35300,233,156,389,
35301,220,152,372,
35302,212,171,383,
35303,186,182,368,
35305,215,147,362,
35306,193,159,352,
35310,216,164,380,
35311,204,189,393,
35312,191,166,357,
35313,220,177,397,
35315,205,167,372,
35318,21,14,35,
35319,215,171,386,
35320,194,154,348,
35321,202,177,379,
35323,233,161,394,
35324,199,138,337,
35325,192,166,358,
35326,200,176,376,
35327,205,164,369,
35328,213,167,380,
35329,219,162,381,
35330,213,157,370,
35331,217,166,383,
35332,209,150,359,
35334,177,172,349,
35336,227,167,394,
35337,205,170,375,
35338,197,146,343,
35339,209,159,368,
35343,191,159,350,
35344,198,160,358,
35345,192,152,344,
35347,233,126,359,
35348,224,141,365,
35349,221,161,382,
35351,215,171,386,
35352,216,155,371,
35353,40,25,65,
35354,218,152,370,
35355,220,167,387,
35356,214,152,366,
35357,193,167,360,
35358,202,159,361,
35359,216,169,385,
35361,195,143,338,
35362,25,12,37,
35365,19,17,36,
35366,227,162,389,
35367,232,174,406,
35368,206,188,394,
35369,29,28,57,
35370,17,15,32,
35371,212,166,378,
35372,194,150,344,
35373,199,195,394,
35375,193,158,351,
35376,206,160,366,
35377,231,180,411,
35378,205,168,373,
35379,37,29,66,
35381,230,180,410,
35382,223,162,385,
35383,218,171,389,
35384,169,107,276,
35387,199,198,397,
35388,217,173,390,
35389,189,160,349,
35390,207,155,362,
35391,16,20,36,
35392,190,159,349,
35393,203,183,386,
35394,29,28,57,
35395,212,151,363,
35396,203,177,380,
35397,198,169,367,
35398,209,167,376,
35399,173,188,361,
35400,227,157,384,
35402,202,156,358,
35403,202,174,376,
35405,213,154,367,
35406,145,94,239,
35408,196,192,388,
35409,203,139,342,
35411,208,157,365,
35412,201,170,371,
35413,210,156,366,
35414,216,187,403,
35415,215,167,382,
35418,191,150,341,
35419,202,167,369,
35420,199,165,364,
35421,219,161,380,
35422,192,138,330,
35423,204,177,381,
35424,182,201,383,
35425,12,13,25,
35426,192,168,360,
35427,210,166,376,
35428,195,169,364,
35430,201,162,363,
35431,133,125,258,
35432,201,167,368,
35433,231,173,404,
35434,219,184,403,
35436,195,145,340,
35437,238,155,393,
35438,209,150,359,
35439,194,166,360,
35440,221,175,396,
35441,206,164,370,
35442,207,169,376,
35443,219,168,387,
35444,211,170,381,
35445,227,158,385,
35446,208,177,385,
35448,202,154,356,
35449,196,170,366,
35451,223,167,390,
35453,200,175,375,
35454,210,165,375,
35455,220,179,399,
35456,204,153,357,
35458,28,19,47,
35459,231,152,383,
35460,186,171,357,
35462,226,185,411,
35463,238,135,373,
35464,222,152,374,
35465,192,155,347,
35466,48,23,71,
35468,214,175,389,
35469,193,165,358,
35470,211,144,355,
35471,204,155,359,
35473,192,168,360,
35476,199,146,345,
35477,20,24,44,
35478,215,168,383,
35479,181,177,358,
35480,207,165,372,
35481,208,176,384,
35482,199,155,354,
35483,189,140,329,
35484,178,129,307,
35486,203,162,365,
35488,193,156,349,
35489,193,152,345,
35490,232,155,387,
35491,171,157,328,
35492,231,175,406,
35493,194,164,358,
35494,230,136,366,
35495,200,172,372,
35496,196,187,383,
35497,187,162,349,
35498,34,27,61,
35500,26,18,44,
35501,206,142,348,
35502,199,167,366,
35503,151,102,253,
35505,203,142,345,
35506,237,172,409,
35507,17,16,33,
35508,197,180,377,
35509,94,61,155,
35510,221,169,390,
35511,219,167,386,
35512,231,167,398,
35513,1,2,3,
35515,221,181,402,
35516,213,154,367,
35517,198,177,375,
35518,219,166,385,
35519,199,159,358,
35520,187,182,369,
35521,216,155,371,
35522,191,169,360,
35525,193,149,342,
35526,184,132,316,
35528,6,3,9,
35529,202,152,354,
35530,209,160,369,
35532,186,176,362,
35533,229,159,388,
35534,189,165,354,
35535,52,29,81,
35536,216,183,399,
35537,27,27,54,
35538,199,156,355,
35539,174,153,327,
35540,206,149,355,
35542,204,166,370,
35544,201,167,368,
35545,235,155,390,
35546,195,177,372,
35547,190,142,332,
35548,206,172,378,
35549,228,170,398,
35550,199,151,350,
35551,212,140,352,
35552,181,118,299,
35553,183,128,311,
35554,207,158,365,
35556,191,168,359,
35557,226,154,380,
35558,194,177,371,
35559,209,147,356,
35560,206,191,397,
35561,207,177,384,
35562,211,180,391,
35563,221,176,397,
35564,236,152,388,
35565,31,32,63,
35567,205,137,342,
35568,187,166,353,
35569,197,164,361,
35575,197,183,380,
35577,196,180,376,
35579,218,169,387,
35580,223,159,382,
35583,189,139,328,
35585,206,180,386,
35586,196,170,366,
35588,232,184,416,
35589,202,148,350,
35590,212,155,367,
35591,199,141,340,
35592,194,159,353,
35593,203,161,364,
35595,201,178,379,
35596,214,170,384,
35597,199,159,358,
35598,199,179,378,
35599,206,149,355,
35601,227,159,386,
35602,221,149,370,
35603,222,164,386,
35606,203,178,381,
35607,213,194,407,
35608,224,168,392,
35609,205,165,370,
35610,227,165,392,
35613,208,142,350,
35614,197,149,346,
35616,209,166,375,
35618,236,163,399,
35620,203,173,376,
35622,29,36,65,
35624,210,150,360,
35625,191,140,331,
35626,176,174,350,
35631,211,166,377,
35632,196,160,356,
35635,193,170,363,
35637,187,146,333,
35639,214,154,368,
35640,226,183,409,
35641,200,177,377,
35643,234,179,413,
35645,199,163,362,
35646,213,148,361,
35647,209,158,367,
35649,217,151,368,
35650,207,172,379,
35651,208,152,360,
35652,224,191,415,
35655,223,172,395,
35656,209,168,377,
35658,211,167,378,
35659,204,149,353,
35660,176,166,342,
35661,223,169,392,
35662,224,171,395,
35664,195,157,352,
35666,200,150,350,
35667,189,170,359,
35668,218,172,390,
35669,193,170,363,
35670,212,152,364,
35671,219,170,389,
35672,210,166,376,
35673,183,155,338,
35674,178,167,345,
35675,212,162,374,
35677,215,153,368,
35678,212,154,366,
35679,27,27,54,
35680,199,175,374,
35681,192,184,376,
35682,195,154,349,
35683,208,166,374,
35684,165,115,280,
35685,209,160,369,
35686,209,155,364,
35687,201,135,336,
35688,33,24,57,
35689,210,189,399,
35693,210,183,393,
35695,229,157,386,
35696,225,168,393,
35697,219,156,375,
35698,214,160,374,
35699,32,21,53,
35700,222,185,407,
35701,221,167,388,
35703,208,173,381,
35704,211,173,384,
35705,213,168,381,
35707,210,188,398,
35709,220,153,373,
35711,201,157,358,
35715,201,155,356,
35717,154,125,279,
35718,24,18,42,
35719,216,170,386,
35721,229,170,399,
35723,212,184,396,
35724,216,140,356,
35725,198,178,376,
35727,224,122,346,
35729,235,171,406,
35730,214,191,405,
35731,217,170,387,
35732,207,167,374,
35733,202,147,349,
35734,35,27,62,
35736,227,170,397,
35737,198,191,389,
35738,212,171,383,
35740,198,162,360,
35741,204,154,358,
35742,232,156,388,
35743,234,159,393,
35744,187,175,362,
35746,186,148,334,
35749,97,92,189,
35750,189,152,341,
35751,184,153,337,
35752,225,181,406,
35753,213,173,386,
35754,170,159,329,
35755,204,154,358,
35756,206,114,320,
35757,206,153,359,
35759,199,167,366,
35760,1,1,2,
35761,214,174,388,
35762,206,172,378,
35763,215,191,406,
35764,216,154,370,
35765,227,172,399,
35766,226,145,371,
35770,191,158,349,
35771,222,162,384,
35772,230,156,386,
35773,193,190,383,
35774,229,181,410,
35775,222,162,384,
35776,211,155,366,
35777,225,178,403,
35778,213,168,381,
35779,211,160,371,
35780,212,195,407,
35781,193,184,377,
35782,237,158,395,
35785,29,27,56,
35786,200,170,370,
35788,240,158,398,
35789,215,162,377,
35790,189,160,349,
35791,181,133,314,
35793,211,159,370,
35794,200,153,353,
35795,12,10,22,
35796,218,168,386,
35797,230,177,407,
35799,214,158,372,
35800,181,143,324,
35802,223,152,375,
35803,226,179,405,
35805,235,178,413,
35806,8,6,14,
35807,238,162,400,
35808,218,171,389,
35809,189,180,369,
35810,220,156,376,
35812,183,171,354,
35814,207,168,375,
35815,211,135,346,
35816,203,152,355,
35817,203,149,352,
35818,203,160,363,
35819,201,140,341,
35820,31,23,54,
35821,206,176,382,
35822,235,163,398,
35823,179,141,320,
35824,204,177,381,
35825,215,168,383,
35826,197,189,386,
35827,201,165,366,
35828,192,173,365,
35829,188,151,339,
35830,225,163,388,
35831,174,178,352,
35832,205,164,369,
35833,38,30,68,
35835,42,36,78,
35838,207,168,375,
35839,163,116,279,
35840,210,174,384,
35844,213,160,373,
35846,224,157,381,
35847,230,158,388,
35848,197,167,364,
35850,215,173,388,
35851,209,154,363,
35853,223,164,387,
35854,232,160,392,
35855,191,184,375,
35856,30,38,68,
35857,196,168,364,
35858,224,142,366,
35859,210,158,368,
35861,210,152,362,
35863,206,179,385,
35866,44,31,75,
35868,170,140,310,
35869,190,169,359,
35870,180,123,303,
35871,210,161,371,
35872,188,155,343,
35873,238,155,393,
35874,212,174,386,
35878,197,169,366,
35879,205,172,377,
35880,217,161,378,
35881,237,181,418,
35884,34,38,72,
35885,212,143,355,
35886,206,185,391,
35888,212,150,362,
35889,26,37,63,
35890,161,112,273,
35891,210,168,378,
35892,185,154,339,
35893,203,187,390,
35894,199,167,366,
35895,207,156,363,
35896,199,175,374,
35898,207,168,375,
35899,192,158,350,
35900,201,181,382,
35901,33,25,58,
35902,233,149,382,
35903,206,164,370,
35904,195,166,361,
35905,194,172,366,
35906,215,190,405,
35907,242,148,390,
35910,210,155,365,
35911,208,146,354,
35912,203,144,347,
35913,202,155,357,
35914,172,173,345,
35915,210,158,368,
35916,204,156,360,
35917,209,187,396,
35918,202,148,350,
35919,209,169,378,
35920,220,196,416,
35921,224,159,383,
35922,204,164,368,
35924,199,160,359,
35925,191,156,347,
35927,210,173,383,
35928,196,150,346,
35930,203,160,363,
35931,221,160,381,
35932,44,24,68,
35934,225,175,400,
35935,190,152,342,
35936,238,166,404,
35939,231,140,371,
35941,197,157,354,
35942,171,171,342,
35944,218,152,370,
35945,245,165,410,
35947,226,165,391,
35948,189,169,358,
35949,214,158,372,
35950,228,160,388,
35951,221,157,378,
35952,229,164,393,
35953,216,174,390,
35954,196,176,372,
35955,226,167,393,
35956,229,153,382,
35957,200,172,372,
35958,212,161,373,
35959,232,167,399,
35960,192,169,361,
35961,215,181,396,
35962,215,140,355,
35963,190,166,356,
35964,208,197,405,
35967,199,173,372,
35968,171,140,311,
35969,196,179,375,
35970,215,145,360,
35972,181,184,365,
35975,199,149,348,
35976,235,160,395,
35980,206,147,353,
35982,209,159,368,
35983,215,158,373,
35984,216,172,388,
35985,225,160,385,
35987,208,177,385,
35990,196,163,359,
35991,201,155,356,
35992,203,150,353,
35993,198,173,371,
35995,196,188,384,
35996,188,171,359,
35997,199,166,365,
35998,199,153,352,
35999,200,141,341,
36000,205,157,362,
36001,222,171,393,
36002,220,154,374,
36003,216,146,362,
36004,214,173,387,
36008,193,162,355,
36009,210,168,378,
36014,199,197,396,
36015,200,144,344,
36017,178,162,340,
36018,203,183,386,
36019,171,178,349,
36020,224,210,434,
36021,212,155,367,
36022,218,161,379,
36024,208,161,369,
36025,220,160,380,
36026,212,153,365,
36027,210,164,374,
36028,195,169,364,
36029,208,143,351,
36030,208,163,371,
36032,203,147,350,
36033,204,185,389,
36034,39,31,70,
36036,203,172,375,
36037,187,167,354,
36038,211,179,390,
36040,36,23,59,
36041,190,150,340,
36042,206,163,369,
36043,187,151,338,
36044,196,160,356,
36045,208,180,388,
36047,181,163,344,
36048,236,161,397,
36049,193,158,351,
36050,198,150,348,
36051,198,130,328,
36052,215,185,400,
36053,205,144,349,
36054,223,169,392,
36056,237,160,397,
36057,177,136,313,
36058,3,6,9,
36060,233,151,384,
36061,210,161,371,
36062,203,171,374,
36063,197,170,367,
36064,223,167,390,
36065,227,171,398,
36066,203,162,365,
36067,189,176,365,
36069,199,159,358,
36072,216,167,383,
36075,192,158,350,
36077,187,162,349,
36078,189,156,345,
36079,204,159,363,
36080,212,163,375,
36081,215,170,385,
36082,36,27,63,
36083,220,164,384,
36084,208,145,353,
36085,223,163,386,
36086,202,163,365,
36088,20,20,40,
36089,124,123,247,
36092,253,148,401,
36093,187,187,374,
36094,203,146,349,
36095,24,16,40,
36096,165,129,294,
36097,209,167,376,
36098,207,182,389,
36100,204,171,375,
36101,203,176,379,
36102,198,166,364,
36103,243,165,408,
36104,228,164,392,
36107,218,148,366,
36108,232,149,381,
36110,202,166,368,
36112,184,166,350,
36113,224,178,402,
36114,209,185,394,
36117,200,178,378,
36118,163,117,280,
36119,207,155,362,
36120,197,183,380,
36124,214,153,367,
36125,242,171,413,
36126,164,154,318,
36127,228,174,402,
36128,230,175,405,
36129,212,188,400,
36130,217,173,390,
36131,226,159,385,
36134,204,166,370,
36135,217,160,377,
36136,195,153,348,
36137,213,158,371,
36138,216,190,406,
36139,202,156,358,
36142,194,143,337,
36144,231,189,420,
36145,223,155,378,
36149,192,171,363,
36151,159,140,299,
36152,240,155,395,
36153,229,169,398,
36154,209,144,353,
36155,214,161,375,
36156,214,175,389,
36157,234,155,389,
36158,207,156,363,
36159,170,140,310,
36160,209,169,378,
36161,194,161,355,
36162,220,173,393,
36163,193,159,352,
36167,226,166,392,
36169,224,142,366,
36170,223,160,383,
36174,205,170,375,
36175,211,172,383,
36178,201,159,360,
36179,208,178,386,
36180,230,183,413,
36182,224,154,378,
36183,214,146,360,
36184,217,155,372,
36185,228,173,401,
36186,200,165,365,
36189,197,183,380,
36191,217,175,392,
36192,205,172,377,
36193,198,185,383,
36197,219,156,375,
36199,220,156,376,
36201,217,156,373,
36202,166,168,334,
36203,213,149,362,
36204,33,14,47,
36205,3,1,4,
36206,198,161,359,
36207,245,144,389,
36208,146,142,288,
36209,1,1,2,
36210,204,185,389,
36211,17,13,30,
36212,203,166,369,
36213,194,187,381,
36214,233,142,375,
36215,28,26,54,
36217,195,172,367,
36219,212,171,383,
36220,195,174,369,
36222,215,161,376,
36226,143,130,273,
36228,212,164,376,
36229,191,196,387,
36230,212,181,393,
36231,203,161,364,
36232,224,168,392,
36234,181,166,347,
36235,229,154,383,
36236,222,159,381,
36237,201,181,382,
36238,180,123,303,
36240,197,164,361,
36241,186,162,348,
36242,234,180,414,
36243,204,157,361,
36244,213,178,391,
36247,27,23,50,
36248,232,145,377,
36251,184,159,343,
36252,217,155,372,
36253,197,140,337,
36254,205,179,384,
36255,39,17,56,
36256,185,157,342,
36258,239,164,403,
36259,195,196,391,
36260,194,159,353,
36262,206,166,372,
36264,200,164,364,
36265,197,161,358,
36266,175,142,317,
36267,236,159,395,
36271,224,159,383,
36273,244,158,402,
36274,6,7,13,
36275,201,139,340,
36276,185,135,320,
36278,249,156,405,
36280,199,156,355,
36281,211,166,377,
36282,201,174,375,
36283,188,182,370,
36284,212,166,378,
36285,205,178,383,
36286,237,160,397,
36287,216,177,393,
36288,204,162,366,
36289,230,156,386,
36290,194,157,351,
36291,203,177,380,
36295,207,171,378,
36297,150,104,254,
36298,211,169,380,
36299,219,162,381,
36300,237,137,374,
36301,221,157,378,
36302,184,187,371,
36303,209,158,367,
36304,222,163,385,
36305,193,155,348,
36306,195,157,352,
36307,169,152,321,
36308,211,149,360,
36309,210,182,392,
36310,193,164,357,
36311,212,199,411,
36312,205,161,366,
36313,227,177,404,
36314,200,182,382,
36315,29,26,55,
36316,204,164,368,
36317,221,168,389,
36318,201,134,335,
36319,202,153,355,
36320,201,153,354,
36321,223,151,374,
36322,216,180,396,
36323,194,184,378,
36324,186,164,350,
36325,239,149,388,
36326,206,168,374,
36327,179,148,327,
36328,223,178,401,
36329,220,146,366,
36330,200,161,361,
36333,214,165,379,
36335,196,174,370,
36336,12,9,21,
36338,205,151,356,
36339,230,130,360,
36341,205,178,383,
36342,210,159,369,
36344,192,149,341,
36345,174,121,295,
36346,207,197,404,
36347,219,171,390,
36348,208,168,376,
36349,212,160,372,
36350,217,170,387,
36351,226,165,391,
36353,188,161,349,
36355,195,170,365,
36356,200,176,376,
36357,192,169,361,
36358,238,151,389,
36359,230,188,418,
36360,217,153,370,
36361,200,149,349,
36364,221,158,379,
36365,177,150,327,
36366,225,182,407,
36367,218,161,379,
36368,208,171,379,
36370,182,118,300,
36371,212,172,384,
36373,217,150,367,
36375,225,165,390,
36376,145,124,269,
36378,228,177,405,
36379,184,167,351,
36380,215,163,378,
36381,211,156,367,
36383,205,175,380,
36385,197,159,356,
36388,190,177,367,
36389,200,186,386,
36390,188,148,336,
36391,176,165,341,
36393,233,154,387,
36394,198,177,375,
36395,194,174,368,
36397,218,157,375,
36398,197,150,347,
36399,201,164,365,
36400,204,136,340,
36401,212,180,392,
36402,203,168,371,
36403,222,177,399,
36404,24,14,38,
36405,207,157,364,
36408,166,182,348,
36409,223,141,364,
36410,197,161,358,
36411,209,161,370,
36412,229,157,386,
36413,5,5,10,
36415,208,180,388,
36416,198,147,345,
36417,239,168,407,
36418,224,170,394,
36419,217,169,386,
36420,238,166,404,
36421,212,164,376,
36423,197,149,346,
36424,232,162,394,
36426,218,164,382,
36428,193,153,346,
36430,218,187,405,
36431,188,150,338,
36432,37,26,63,
36433,202,157,359,
36434,227,153,380,
36435,220,158,378,
36436,229,195,424,
36437,216,158,374,
36438,199,193,392,
36439,205,164,369,
36441,217,167,384,
36442,188,146,334,
36443,214,170,384,
36444,205,158,363,
36445,228,171,399,
36446,217,147,364,
36447,205,167,372,
36448,146,99,245,
36449,220,164,384,
36451,200,169,369,
36452,209,167,376,
36453,176,91,267,
36454,201,157,358,
36455,16,14,30,
36456,222,157,379,
36461,196,175,371,
36462,212,176,388,
36464,199,165,364,
36465,212,184,396,
36468,198,157,355,
36469,211,179,390,
36470,244,168,412,
36471,232,137,369,
36472,202,152,354,
36473,216,183,399,
36474,224,177,401,
36477,7,7,14,
36479,193,170,363,
36480,216,179,395,
36482,226,178,404,
36483,208,197,405,
36484,201,172,373,
36485,206,162,368,
36486,217,163,380,
36488,201,137,338,
36489,209,124,333,
36491,196,160,356,
36492,135,92,227,
36494,210,149,359,
36496,222,173,395,
36498,191,161,352,
36499,217,165,382,
36500,209,176,385,
36501,228,171,399,
36502,204,165,369,
36504,209,165,374,
36505,206,129,335,
36507,207,174,381,
36508,133,118,251,
36509,216,159,375,
36510,209,154,363,
36514,228,159,387,
36516,185,178,363,
36517,188,137,325,
36518,206,177,383,
36520,200,174,374,
36522,210,164,374,
36523,142,97,239,
36524,203,177,380,
36525,213,167,380,
36526,213,171,384,
36530,173,133,306,
36531,220,155,375,
36532,215,176,391,
36533,225,155,380,
36534,196,165,361,
36535,206,117,323,
36537,214,164,378,
36538,217,156,373,
36539,177,158,335,
36540,208,180,388,
36541,226,173,399,
36542,228,149,377,
36545,34,28,62,
36546,245,168,413,
36550,53,31,84,
36551,226,147,373,
36552,230,134,364,
36553,198,194,392,
36554,213,166,379,
36555,189,164,353,
36556,208,155,363,
36557,187,119,306,
36558,213,162,375,
36559,216,156,372,
36560,204,178,382,
36561,232,169,401,
36563,234,174,408,
36564,211,153,364,
36565,182,167,349,
36566,204,166,370,
36567,188,138,326,
36569,218,179,397,
36572,184,150,334,
36573,201,147,348,
36574,243,179,422,
36575,184,172,356,
36576,200,139,339,
36578,239,136,375,
36580,188,152,340,
36581,229,177,406,
36582,218,164,382,
36583,234,164,398,
36584,249,166,415,
36585,211,151,362,
36587,203,156,359,
36588,220,157,377,
36589,228,182,410,
36590,207,161,368,
36592,20,14,34,
36593,207,168,375,
36596,187,146,333,
36597,18,16,34,
36598,241,170,411,
36599,189,157,346,
36601,30,26,56,
36602,201,152,353,
36603,230,173,403,
36604,199,142,341,
36605,198,179,377,
36607,181,152,333,
36608,210,154,364,
36609,228,169,397,
36610,225,148,373,
36611,169,167,336,
36612,210,156,366,
36613,206,155,361,
36614,238,167,405,
36616,26,27,53,
36617,207,152,359,
36618,203,182,385,
36619,233,149,382,
36620,216,161,377,
36622,222,171,393,
36624,244,171,415,
36625,202,179,381,
36626,189,163,352,
36627,195,169,364,
36629,237,152,389,
36630,191,149,340,
36633,178,172,350,
36634,213,166,379,
36635,16,11,27,
36637,255,168,423,
36638,197,171,368,
36640,216,160,376,
36641,231,148,379,
36644,242,161,403,
36645,212,152,364,
36646,149,119,268,
36647,213,180,393,
36648,217,152,369,
36649,200,170,370,
36651,166,138,304,
36652,221,163,384,
36653,200,140,340,
36654,201,148,349,
36655,195,154,349,
36656,188,163,351,
36657,225,164,389,
36658,234,163,397,
36659,210,173,383,
36661,209,151,360,
36662,43,30,73,
36663,204,140,344,
36665,38,26,64,
36666,196,157,353,
36667,169,115,284,
36668,203,162,365,
36669,202,190,392,
36670,217,182,399,
36671,247,145,392,
36672,200,137,337,
36673,223,174,397,
36674,15,9,24,
36675,200,142,342,
36676,220,182,402,
36677,191,178,369,
36679,198,176,374,
36681,190,161,351,
36682,207,138,345,
36683,202,186,388,
36684,198,169,367,
36686,191,172,363,
36687,220,164,384,
36688,238,167,405,
36689,213,160,373,
36690,216,164,380,
36691,193,160,353,
36692,164,157,321,
36693,204,161,365,
36695,227,164,391,
36696,200,146,346,
36697,196,162,358,
36698,221,159,380,
36699,214,175,389,
36700,232,158,390,
36701,204,141,345,
36702,211,179,390,
36703,240,149,389,
36704,213,149,362,
36705,212,172,384,
36706,190,153,343,
36707,200,139,339,
36708,227,171,398,
36709,229,151,380,
36710,199,183,382,
36711,208,156,364,
36712,204,178,382,
36713,247,169,416,
36714,153,172,325,
36715,19,21,40,
36716,215,168,383,
36717,209,159,368,
36720,22,17,39,
36721,201,171,372,
36723,185,165,350,
36726,181,172,353,
36727,198,159,357,
36728,204,148,352,
36731,235,154,389,
36732,188,158,346,
36733,225,176,401,
36734,36,31,67,
36736,194,165,359,
36737,193,139,332,
36738,204,168,372,
36739,222,169,391,
36740,56,40,96,
36741,222,170,392,
36742,216,141,357,
36743,212,162,374,
36745,234,149,383,
36751,236,157,393,
36753,182,149,331,
36754,218,178,396,
36756,198,180,378,
36757,210,160,370,
36758,215,160,375,
36759,196,136,332,
36760,38,23,61,
36762,228,159,387,
36763,202,150,352,
36764,194,179,373,
36765,222,149,371,
36766,210,154,364,
36767,207,188,395,
36768,198,136,334,
36769,241,174,415,
36770,196,147,343,
36771,198,170,368,
36773,206,154,360,
36774,193,157,350,
36775,180,167,347,
36778,230,154,384,
36780,233,153,386,
36781,225,176,401,
36782,211,174,385,
36784,228,176,404,
36785,214,157,371,
36786,178,146,324,
36788,183,114,297,
36790,206,174,380,
36792,32,22,54,
36794,186,158,344,
36795,233,181,414,
36797,19,17,36,
36798,190,189,379,
36800,214,160,374,
36801,210,170,380,
36804,198,152,350,
36805,147,111,258,
36806,196,187,383,
36807,226,169,395,
36808,34,17,51,
36809,210,134,344,
36810,212,180,392,
36814,208,160,368,
36815,27,25,52,
36816,223,171,394,
36817,196,170,366,
36819,185,181,366,
36820,215,157,372,
36821,191,168,359,
36822,193,173,366,
36823,195,176,371,
36825,205,158,363,
36826,196,189,385,
36828,241,161,402,
36829,240,152,392,
36830,214,159,373,
36831,200,165,365,
36832,203,183,386,
36833,215,153,368,
36834,210,168,378,
36836,224,169,393,
36837,198,158,356,
36838,188,152,340,
36839,201,154,355,
36840,197,166,363,
36842,195,161,356,
36844,241,143,384,
36845,210,146,356,
36846,197,184,381,
36847,18,10,28,
36848,211,177,388,
36850,206,161,367,
36851,228,136,364,
36852,207,182,389,
36853,229,142,371,
36854,227,148,375,
36855,182,142,324,
36856,222,152,374,
36857,230,177,407,
36859,217,155,372,
36860,186,164,350,
36861,194,185,379,
36862,198,169,367,
36863,182,188,370,
36865,63,43,106,
36866,212,137,349,
36868,207,172,379,
36869,238,180,418,
36870,202,167,369,
36871,185,175,360,
36873,219,162,381,
36875,188,179,367,
36876,216,147,363,
36877,4,5,9,
36878,216,168,384,
36880,206,159,365,
36882,240,170,410,
36883,192,165,357,
36884,229,169,398,
36886,206,177,383,
36888,197,185,382,
36891,214,177,391,
36892,197,151,348,
36893,230,164,394,
36894,215,179,394,
36896,29,37,66,
36898,194,133,327,
36899,216,180,396,
36900,240,165,405,
36901,194,161,355,
36902,197,154,351,
36903,229,163,392,
36906,202,191,393,
36907,220,187,407,
36908,218,146,364,
36909,216,154,370,
36910,25,22,47,
36911,194,161,355,
36912,206,147,353,
36913,196,178,374,
36915,213,157,370,
36917,196,165,361,
36918,30,28,58,
36919,36,27,63,
36921,228,154,382,
36922,219,159,378,
36924,209,179,388,
36925,166,165,331,
36926,219,137,356,
36927,211,154,365,
36929,204,151,355,
36930,217,165,382,
36931,185,176,361,
36932,201,169,370,
36934,195,171,366,
36935,226,173,399,
36936,228,188,416,
36937,207,170,377,
36938,181,140,321,
36939,221,170,391,
36940,165,109,274,
36941,203,160,363,
36942,194,161,355,
36943,191,186,377,
36944,200,121,321,
36945,209,163,372,
36946,195,149,344,
36947,17,12,29,
36952,231,145,376,
36953,213,178,391,
36955,220,179,399,
36956,216,162,378,
36958,213,164,377,
36959,208,146,354,
36960,227,152,379,
36961,217,199,416,
36962,202,159,361,
36963,212,162,374,
36965,17,14,31,
36966,225,168,393,
36968,16,17,33,
36970,219,174,393,
36971,216,157,373,
36972,206,162,368,
36974,222,160,382,
36975,179,165,344,
36976,207,160,367,
36977,240,156,396,
36978,179,155,334,
36979,195,161,356,
36980,247,159,406,
36982,200,171,371,
36983,214,168,382,
36984,224,157,381,
36985,18,18,36,
36987,195,147,342,
36988,210,151,361,
36989,210,154,364,
36990,252,179,431,
36991,214,167,381,
36996,190,166,356,
36997,219,183,402,
36998,213,157,370,
36999,207,148,355,
37000,211,176,387,
37001,118,109,227,
37002,193,167,360,
37003,207,164,371,
37004,212,173,385,
37005,216,154,370,
37006,197,195,392,
37007,205,190,395,
37008,202,184,386,
37009,219,173,392,
37010,215,175,390,
37011,185,166,351,
37012,25,20,45,
37014,171,176,347,
37015,201,161,362,
37016,186,148,334,
37017,228,176,404,
37018,213,136,349,
37019,186,178,364,
37020,241,184,425,
37021,210,167,377,
37023,229,187,416,
37024,225,166,391,
37026,201,162,363,
37027,212,159,371,
37028,219,169,388,
37029,232,164,396,
37030,221,163,384,
37031,217,166,383,
37032,30,36,66,
37033,224,164,388,
37034,217,160,377,
37035,193,188,381,
37036,222,180,402,
37037,216,178,394,
37038,23,17,40,
37039,214,175,389,
37041,203,171,374,
37042,19,10,29,
37043,215,145,360,
37045,223,159,382,
37046,208,147,355,
37047,206,152,358,
37048,220,168,388,
37049,208,182,390,
37050,239,183,422,
37051,221,178,399,
37053,187,159,346,
37054,190,165,355,
37055,228,182,410,
37056,196,177,373,
37057,219,175,394,
37060,194,141,335,
37062,205,161,366,
37064,194,166,360,
37065,177,184,361,
37066,189,154,343,
37067,187,173,360,
37068,225,162,387,
37069,209,161,370,
37071,221,182,403,
37072,210,182,392,
37074,187,180,367,
37075,191,152,343,
37077,199,154,353,
37078,233,174,407,
37080,210,156,366,
37082,192,131,323,
37083,203,144,347,
37084,242,155,397,
37085,207,146,353,
37086,235,151,386,
37087,210,166,376,
37090,196,172,368,
37092,202,182,384,
37093,226,164,390,
37094,218,162,380,
37095,208,163,371,
37096,200,178,378,
37097,215,154,369,
37098,232,151,383,
37099,212,174,386,
37100,225,185,410,
37101,217,176,393,
37103,222,163,385,
37104,216,172,388,
37105,213,176,389,
37106,216,157,373,
37107,215,166,381,
37109,32,9,41,
37112,203,154,357,
37113,203,155,358,
37114,231,176,407,
37115,204,153,357,
37116,221,164,385,
37117,193,185,378,
37118,204,163,367,
37120,205,201,406,
37121,210,175,385,
37122,213,169,382,
37124,207,169,376,
37125,216,148,364,
37126,201,152,353,
37128,217,182,399,
37129,215,163,378,
37130,183,147,330,
37133,197,168,365,
37135,203,169,372,
37137,210,157,367,
37138,189,160,349,
37139,208,142,350,
37140,192,167,359,
37141,228,143,371,
37142,205,158,363,
37145,175,148,323,
37146,182,162,344,
37148,24,29,53,
37149,225,161,386,
37150,208,145,353,
37152,209,172,381,
37153,215,156,371,
37154,184,174,358,
37156,195,186,381,
37160,233,169,402,
37161,227,168,395,
37163,210,174,384,
37164,34,31,65,
37165,211,180,391,
37167,194,166,360,
37169,214,151,365,
37170,215,143,358,
37171,204,194,398,
37172,213,164,377,
37174,214,160,374,
37175,226,176,402,
37178,208,160,368,
37180,187,149,336,
37181,231,179,410,
37183,214,154,368,
37184,206,169,375,
37186,212,162,374,
37188,196,146,342,
37189,228,171,399,
37190,215,145,360,
37191,190,175,365,
37192,37,31,68,
37193,209,160,369,
37194,219,163,382,
37196,235,150,385,
37197,200,154,354,
37198,214,144,358,
37199,216,144,360,
37200,233,140,373,
37201,30,27,57,
37202,236,196,432,
37204,211,150,361,
37205,174,178,352,
37206,217,142,359,
37207,216,151,367,
37208,198,153,351,
37209,230,160,390,
37210,211,138,349,
37211,227,155,382,
37212,192,180,372,
37216,238,148,386,
37217,204,150,354,
37218,218,155,373,
37220,9,5,14,
37221,195,179,374,
37222,222,177,399,
37223,211,150,361,
37224,204,169,373,
37225,253,151,404,
37227,208,165,373,
37228,203,167,370,
37229,183,164,347,
37230,204,169,373,
37231,206,159,365,
37232,213,174,387,
37233,205,140,345,
37234,231,195,426,
37235,217,107,324,
37236,210,177,387,
37238,207,164,371,
37239,204,166,370,
37241,193,165,358,
37242,6,6,12,
37243,181,145,326,
37244,201,153,354,
37245,200,177,377,
37246,248,165,413,
37247,181,149,330,
37248,220,160,380,
37249,223,159,382,
37250,191,161,352,
37251,228,158,386,
37252,180,182,362,
37254,189,169,358,
37255,221,149,370,
37256,219,158,377,
37257,194,168,362,
37258,222,152,374,
37259,192,161,353,
37260,220,174,394,
37261,176,164,340,
37263,208,178,386,
37264,182,160,342,
37265,217,145,362,
37267,29,23,52,
37268,219,187,406,
37269,227,188,415,
37270,210,193,403,
37271,199,165,364,
37272,212,179,391,
37273,223,157,380,
37274,227,170,397,
37276,188,151,339,
37278,206,152,358,
37279,209,171,380,
37280,195,171,366,
37281,224,147,371,
37282,236,163,399,
37283,209,179,388,
37284,197,167,364,
37286,217,137,354,
37287,221,171,392,
37288,176,149,325,
37289,189,174,363,
37290,211,142,353,
37291,221,172,393,
37292,223,138,361,
37293,203,171,374,
37294,204,153,357,
37295,231,175,406,
37297,191,149,340,
37298,187,139,326,
37299,223,187,410,
37300,212,152,364,
37302,215,169,384,
37303,220,180,400,
37304,217,175,392,
37308,206,178,384,
37312,211,175,386,
37313,237,152,389,
37314,13,9,22,
37315,203,161,364,
37316,212,162,374,
37317,208,158,366,
37318,217,155,372,
37320,199,160,359,
37321,197,162,359,
37322,205,170,375,
37323,235,166,401,
37324,213,146,359,
37325,227,133,360,
37326,226,165,391,
37327,220,164,384,
37328,219,157,376,
37329,186,138,324,
37331,223,171,394,
37333,252,170,422,
37334,27,32,59,
37335,221,179,400,
37336,221,178,399,
37338,191,158,349,
37339,209,154,363,
37340,203,180,383,
37341,205,167,372,
37342,239,184,423,
37343,24,16,40,
37344,204,149,353,
37345,216,178,394,
37347,240,155,395,
37348,127,125,252,
37349,232,175,407,
37351,209,172,381,
37352,228,168,396,
37353,193,187,380,
37356,199,178,377,
37357,186,163,349,
37358,215,171,386,
37360,30,35,65,
37361,227,160,387,
37362,30,20,50,
37363,222,181,403,
37364,189,155,344,
37366,195,182,377,
37367,196,151,347,
37368,224,172,396,
37370,213,152,365,
37371,216,141,357,
37372,35,30,65,
37374,213,163,376,
37375,198,165,363,
37376,208,166,374,
37377,196,168,364,
37379,216,163,379,
37381,222,163,385,
37382,46,20,66,
37386,235,179,414,
37387,190,153,343,
37388,179,171,350,
37389,217,146,363,
37390,195,134,329,
37391,223,157,380,
37393,136,118,254,
37394,168,149,317,
37395,197,167,364,
37396,175,159,334,
37397,196,170,366,
37399,206,154,360,
37400,209,168,377,
37401,194,164,358,
37402,208,173,381,
37405,210,173,383,
37406,221,177,398,
37410,206,140,346,
37411,207,158,365,
37412,228,172,400,
37413,210,165,375,
37414,186,175,361,
37415,184,177,361,
37416,197,156,353,
37419,206,161,367,
37420,217,187,404,
37421,197,161,358,
37424,211,162,373,
37425,203,183,386,
37427,19,22,41,
37428,206,162,368,
37429,208,162,370,
37430,208,181,389,
37431,204,172,376,
37432,212,185,397,
37433,229,162,391,
37434,198,145,343,
37435,180,181,361,
37436,207,175,382,
37437,36,20,56,
37438,259,154,413,
37439,201,157,358,
37440,187,179,366,
37442,224,178,402,
37443,215,174,389,
37444,232,141,373,
37446,200,166,366,
37447,203,155,358,
37449,203,171,374,
37450,212,189,401,
37451,213,154,367,
37452,27,18,45,
37453,185,163,348,
37454,192,156,348,
37455,205,157,362,
37457,199,148,347,
37458,212,167,379,
37459,216,154,370,
37460,201,197,398,
37463,213,154,367,
37464,30,30,60,
37465,216,169,385,
37467,226,152,378,
37470,190,127,317,
37471,174,160,334,
37473,225,172,397,
37477,198,165,363,
37480,189,172,361,
37482,153,122,275,
37484,204,170,374,
37485,214,141,355,
37486,209,183,392,
37489,7,9,16,
37491,23,23,46,
37492,212,136,348,
37493,179,175,354,
37494,197,162,359,
37495,240,170,410,
37496,212,146,358,
37497,37,27,64,
37498,193,147,340,
37499,224,177,401,
37500,203,165,368,
37501,206,159,365,
37502,216,158,374,
37503,212,165,377,
37504,201,180,381,
37505,242,138,380,
37509,213,168,381,
37510,211,160,371,
37511,199,170,369,
37512,171,163,334,
37513,223,170,393,
37515,147,106,253,
37516,199,180,379,
37517,200,181,381,
37518,198,171,369,
37519,34,20,54,
37520,224,152,376,
37521,225,148,373,
37522,199,178,377,
37524,185,162,347,
37525,191,153,344,
37526,214,172,386,
37527,228,182,410,
37528,220,185,405,
37529,205,149,354,
37530,220,150,370,
37531,200,153,353,
37532,201,179,380,
37533,227,160,387,
37534,203,161,364,
37537,209,145,354,
37539,208,154,362,
37541,209,168,377,
37543,205,147,352,
37544,220,181,401,
37545,205,159,364,
37546,204,149,353,
37547,209,144,353,
37549,209,164,373,
37550,185,138,323,
37551,209,162,371,
37552,34,17,51,
37553,215,172,387,
37554,201,175,376,
37555,196,186,382,
37556,190,126,316,
37558,224,165,389,
37559,216,161,377,
37560,199,149,348,
37561,22,24,46,
37563,201,164,365,
37564,204,182,386,
37565,214,159,373,
37569,215,155,370,
37570,190,196,386,
37571,199,176,375,
37572,200,176,376,
37573,216,158,374,
37574,249,170,419,
37575,221,164,385,
37576,212,149,361,
37577,215,178,393,
37578,208,164,372,
37579,201,160,361,
37580,194,153,347,
37582,215,153,368,
37583,182,143,325,
37584,237,154,391,
37585,217,158,375,
37586,210,166,376,
37587,211,186,397,
37588,199,159,358,
37590,207,171,378,
37591,201,155,356,
37594,199,124,323,
37595,208,153,361,
37596,193,179,372,
37597,213,169,382,
37598,198,159,357,
37601,198,166,364,
37603,208,171,379,
37604,210,155,365,
37605,17,16,33,
37607,129,111,240,
37608,243,175,418,
37610,230,168,398,
37611,218,186,404,
37612,229,195,424,
37613,191,166,357,
37614,236,160,396,
37615,200,175,375,
37618,202,164,366,
37619,197,172,369,
37620,170,167,337,
37621,222,157,379,
37622,186,170,356,
37624,200,175,375,
37625,194,182,376,
37626,206,168,374,
37627,215,157,372,
37629,182,160,342,
37630,206,156,362,
37631,213,171,384,
37633,203,171,374,
37634,240,175,415,
37635,191,164,355,
37636,200,186,386,
37637,206,169,375,
37638,219,150,369,
37639,245,182,427,
37640,200,162,362,
37641,200,172,372,
37643,213,172,385,
37644,199,125,324,
37645,253,177,430,
37646,210,165,375,
37648,196,157,353,
37650,206,173,379,
37651,190,170,360,
37653,220,137,357,
37654,210,167,377,
37656,199,168,367,
37657,187,164,351,
37658,193,176,369,
37659,37,26,63,
37660,216,150,366,
37661,169,159,328,
37662,211,169,380,
37663,203,166,369,
37664,209,142,351,
37665,195,168,363,
37666,236,171,407,
37669,19,15,34,
37670,186,171,357,
37672,199,130,329,
37674,214,178,392,
37675,192,164,356,
37676,209,154,363,
37677,25,26,51,
37679,220,176,396,
37681,217,160,377,
37683,199,162,361,
37684,231,174,405,
37685,220,183,403,
37687,230,158,388,
37688,205,167,372,
37689,220,163,383,
37690,200,176,376,
37692,199,139,338,
37693,209,174,383,
37694,20,5,25,
37695,11,11,22,
37696,221,164,385,
37697,225,152,377,
37699,194,167,361,
37700,215,177,392,
37702,202,155,357,
37703,229,160,389,
37704,189,170,359,
37705,191,139,330,
37706,223,143,366,
37707,178,157,335,
37708,225,165,390,
37709,204,141,345,
37711,237,172,409,
37712,208,147,355,
37713,216,158,374,
37714,209,182,391,
37715,222,164,386,
37716,191,166,357,
37718,238,158,396,
37719,216,163,379,
37721,28,20,48,
37722,235,136,371,
37723,203,190,393,
37724,204,145,349,
37725,190,171,361,
37726,239,147,386,
37727,143,97,240,
37728,222,167,389,
37729,207,157,364,
37730,191,124,315,
37733,213,180,393,
37734,200,194,394,
37735,179,148,327,
37737,217,171,388,
37738,210,161,371,
37739,197,168,365,
37742,223,188,411,
37743,226,169,395,
37745,195,179,374,
37746,208,175,383,
37747,211,153,364,
37749,198,151,349,
37750,213,144,357,
37751,214,165,379,
37753,202,151,353,
37754,199,180,379,
37755,205,161,366,
37756,216,143,359,
37757,206,180,386,
37758,234,177,411,
37759,210,154,364,
37760,187,179,366,
37761,208,148,356,
37762,199,164,363,
37764,199,171,370,
37766,211,162,373,
37768,213,153,366,
37770,211,163,374,
37771,222,196,418,
37773,210,157,367,
37774,231,146,377,
37775,234,173,407,
37776,208,150,358,
37777,196,166,362,
37778,236,138,374,
37779,217,175,392,
37780,199,149,348,
37781,203,160,363,
37782,205,158,363,
37783,4,4,8,
37784,220,158,378,
37785,33,26,59,
37787,198,167,365,
37788,5,3,8,
37789,204,158,362,
37790,212,168,380,
37791,197,182,379,
37793,231,173,404,
37794,195,170,365,
37795,227,166,393,
37796,222,153,375,
37797,227,171,398,
37798,208,151,359,
37799,242,161,403,
37801,220,170,390,
37802,220,186,406,
37803,231,180,411,
37804,210,173,383,
37805,194,177,371,
37806,202,155,357,
37808,215,178,393,
37809,217,166,383,
37810,193,145,338,
37812,208,180,388,
37813,198,164,362,
37814,208,188,396,
37815,209,164,373,
37816,188,173,361,
37817,214,161,375,
37818,203,172,375,
37819,202,182,384,
37820,148,118,266,
37821,207,139,346,
37822,207,167,374,
37823,212,181,393,
37824,209,170,379,
37825,206,134,340,
37826,204,167,371,
37828,213,162,375,
37829,216,141,357,
37831,210,151,361,
37832,206,167,373,
37835,30,39,69,
37836,188,199,387,
37837,219,160,379,
37838,228,176,404,
37839,168,158,326,
37840,180,178,358,
37841,164,172,336,
37842,187,156,343,
37843,237,157,394,
37844,195,141,336,
37845,208,150,358,
37846,198,173,371,
37847,208,187,395,
37848,218,171,389,
37850,191,168,359,
37851,200,168,368,
37853,219,176,395,
37854,11,12,23,
37855,22,24,46,
37857,227,184,411,
37858,211,173,384,
37860,214,149,363,
37861,196,167,363,
37862,195,149,344,
37863,221,147,368,
37864,211,148,359,
37865,191,182,373,
37867,20,13,33,
37870,201,141,342,
37871,198,174,372,
37872,224,157,381,
37873,113,121,234,
37875,167,161,328,
37876,203,146,349,
37878,204,186,390,
37879,224,202,426,
37880,210,182,392,
37881,217,178,395,
37882,225,155,380,
37883,226,151,377,
37884,186,167,353,
37885,222,172,394,
37886,242,198,440,
37887,29,16,45,
37888,210,149,359,
37889,198,160,358,
37890,190,149,339,
37892,217,154,371,
37893,205,167,372,
37894,203,164,367,
37895,201,163,364,
37896,230,164,394,
37897,194,150,344,
37898,198,164,362,
37899,231,151,382,
37901,204,143,347,
37902,212,172,384,
37903,219,138,357,
37904,190,141,331,
37905,231,168,399,
37906,220,169,389,
37907,237,179,416,
37908,227,152,379,
37910,213,152,365,
37913,204,180,384,
37914,37,26,63,
37917,184,162,346,
37919,215,157,372,
37920,204,176,380,
37921,196,166,362,
37923,227,139,366,
37924,219,178,397,
37927,229,164,393,
37928,226,164,390,
37929,224,170,394,
37930,25,13,38,
37931,212,167,379,
37932,198,156,354,
37934,213,172,385,
37935,193,159,352,
37936,218,167,385,
37937,237,154,391,
37938,223,151,374,
37939,213,165,378,
37941,203,169,372,
37942,231,157,388,
37943,220,159,379,
37944,219,151,370,
37945,217,140,357,
37946,203,178,381,
37947,189,163,352,
37949,190,147,337,
37950,213,159,372,
37953,213,164,377,
37954,224,176,400,
37956,209,179,388,
37958,219,148,367,
37959,240,181,421,
37960,212,177,389,
37961,202,137,339,
37962,24,20,44,
37963,211,174,385,
37964,203,162,365,
37965,211,173,384,
37966,215,169,384,
37967,196,146,342,
37968,174,184,358,
37969,230,165,395,
37970,230,168,398,
37972,230,165,395,
37973,226,136,362,
37974,187,153,340,
37976,217,166,383,
37977,201,173,374,
37978,210,170,380,
37980,203,154,357,
37981,232,145,377,
37982,39,30,69,
37983,227,178,405,
37984,209,152,361,
37985,229,145,374,
37986,35,22,57,
37988,229,175,404,
37989,191,126,317,
37990,213,171,384,
37991,8,12,20,
37992,23,20,43,
37993,231,192,423,
37994,193,177,370,
37995,190,162,352,
37996,206,154,360,
37997,197,168,365,
37998,224,161,385,
37999,246,182,428,
38000,219,163,382,
38001,198,157,355,
38002,214,161,375,
38003,233,171,404,
38004,216,151,367,
38005,227,166,393,
38006,220,148,368,
38007,215,175,390,
38008,197,150,347,
38009,196,156,352,
38012,229,175,404,
38013,195,162,357,
38014,176,174,350,
38015,197,157,354,
38016,20,27,47,
38017,202,142,344,
38019,204,159,363,
38020,198,156,354,
38021,226,171,397,
38023,200,180,380,
38025,195,159,354,
38026,212,186,398,
38028,240,156,396,
38029,31,21,52,
38030,176,170,346,
38031,212,149,361,
38032,248,146,394,
38034,215,163,378,
38035,221,144,365,
38036,203,176,379,
38037,27,17,44,
38038,217,180,397,
38039,168,127,295,
38041,220,172,392,
38043,159,185,344,
38045,205,161,366,
38046,222,167,389,
38047,192,148,340,
38048,207,159,366,
38049,210,150,360,
38051,154,112,266,
38052,231,178,409,
38055,225,168,393,
38056,219,150,369,
38057,197,143,340,
38058,208,160,368,
38059,228,164,392,
38060,206,149,355,
38063,220,174,394,
38065,225,159,384,
38067,39,20,59,
38068,234,176,410,
38069,213,160,373,
38070,194,163,357,
38071,204,189,393,
38072,218,189,407,
38073,221,159,380,
38075,209,167,376,
38076,216,152,368,
38077,198,166,364,
38078,202,160,362,
38080,206,170,376,
38081,217,182,399,
38082,213,185,398,
38083,213,159,372,
38084,216,149,365,
38085,215,166,381,
38087,213,181,394,
38089,200,155,355,
38090,211,172,383,
38091,204,166,370,
38092,28,28,56,
38093,198,142,340,
38094,222,185,407,
38096,221,164,385,
38097,215,188,403,
38098,220,153,373,
38099,211,151,362,
38100,16,21,37,
38101,212,174,386,
38104,195,150,345,
38105,218,141,359,
38106,208,158,366,
38107,200,186,386,
38108,26,23,49,
38109,221,184,405,
38111,210,163,373,
38112,211,148,359,
38114,211,176,387,
38116,41,33,74,
38117,35,21,56,
38118,213,171,384,
38119,181,151,332,
38121,205,173,378,
38124,210,133,343,
38125,211,145,356,
38128,215,169,384,
38129,217,185,402,
38132,212,155,367,
38133,206,168,374,
38134,234,162,396,
38137,181,195,376,
38138,192,200,392,
38139,217,153,370,
38140,235,159,394,
38141,205,171,376,
38142,27,30,57,
38143,185,178,363,
38144,238,154,392,
38145,202,154,356,
38146,198,154,352,
38147,218,155,373,
38148,209,161,370,
38149,219,149,368,
38150,201,178,379,
38151,199,176,375,
38153,201,197,398,
38154,212,164,376,
38155,230,160,390,
38156,195,164,359,
38157,202,159,361,
38158,216,150,366,
38159,161,193,354,
38160,221,184,405,
38162,206,160,366,
38163,216,156,372,
38164,194,178,372,
38165,209,166,375,
38167,198,173,371,
38168,235,154,389,
38170,197,185,382,
38171,223,151,374,
38172,227,160,387,
38173,222,177,399,
38174,208,160,368,
38175,231,149,380,
38176,202,144,346,
38177,179,161,340,
38179,216,168,384,
38180,211,174,385,
38181,197,159,356,
38183,205,172,377,
38185,196,171,367,
38186,205,163,368,
38187,212,157,369,
38188,202,171,373,
38191,199,166,365,
38192,220,175,395,
38193,192,184,376,
38196,210,172,382,
38197,194,176,370,
38198,212,157,369,
38199,189,166,355,
38200,215,152,367,
38201,227,163,390,
38202,187,150,337,
38203,201,152,353,
38206,223,171,394,
38209,211,172,383,
38210,182,166,348,
38211,209,146,355,
38212,215,163,378,
38213,204,171,375,
38214,214,161,375,
38215,203,162,365,
38216,229,172,401,
38217,168,151,319,
38218,211,150,361,
38219,206,191,397,
38220,224,164,388,
38221,220,168,388,
38222,203,154,357,
38223,216,162,378,
38224,221,188,409,
38225,200,159,359,
38226,202,169,371,
38227,20,16,36,
38228,24,21,45,
38230,200,168,368,
38231,26,21,47,
38232,223,167,390,
38233,22,13,35,
38234,164,158,322,
38235,198,164,362,
38236,211,142,353,
38237,204,131,335,
38238,216,161,377,
38240,217,162,379,
38242,210,144,354,
38243,201,157,358,
38244,209,148,357,
38245,157,115,272,
38246,207,110,317,
38247,192,181,373,
38248,182,164,346,
38249,252,188,440,
38250,213,175,388,
38251,212,165,377,
38252,214,165,379,
38253,195,174,369,
38254,236,164,400,
38256,208,172,380,
38257,205,180,385,
38258,207,144,351,
38259,212,146,358,
38261,188,155,343,
38262,202,201,403,
38263,198,211,409,
38264,203,203,406,
38265,215,167,382,
38266,188,148,336,
38268,222,145,367,
38269,185,148,333,
38270,192,162,354,
38272,199,168,367,
38273,239,140,379,
38275,211,156,367,
38276,198,142,340,
38277,188,148,336,
38278,218,152,370,
38279,11,6,17,
38280,200,188,388,
38281,217,181,398,
38282,210,146,356,
38283,210,165,375,
38284,202,146,348,
38286,212,174,386,
38287,225,159,384,
38288,224,158,382,
38289,170,163,333,
38290,201,157,358,
38291,178,182,360,
38292,201,144,345,
38295,206,179,385,
38296,205,172,377,
38298,195,167,362,
38299,217,167,384,
38301,215,181,396,
38302,220,147,367,
38303,202,151,353,
38304,200,146,346,
38305,223,196,419,
38307,215,154,369,
38308,226,147,373,
38309,233,159,392,
38311,213,146,359,
38312,211,148,359,
38313,213,161,374,
38314,259,156,415,
38315,217,180,397,
38316,206,158,364,
38317,234,153,387,
38318,245,161,406,
38319,201,140,341,
38320,208,144,352,
38321,216,165,381,
38322,174,171,345,
38323,210,162,372,
38324,211,198,409,
38326,200,182,382,
38328,207,160,367,
38329,226,175,401,
38331,220,172,392,
38332,194,176,370,
38333,191,169,360,
38335,17,12,29,
38336,206,155,361,
38337,208,178,386,
38338,189,164,353,
38339,209,179,388,
38340,219,155,374,
38341,192,181,373,
38342,178,165,343,
38343,27,22,49,
38346,208,167,375,
38347,8,7,15,
38349,208,157,365,
38351,199,163,362,
38353,213,157,370,
38355,207,148,355,
38356,193,167,360,
38357,216,188,404,
38358,204,172,376,
38359,176,193,369,
38360,239,154,393,
38362,205,142,347,
38364,222,183,405,
38365,211,159,370,
38366,226,153,379,
38367,190,172,362,
38368,203,167,370,
38369,223,192,415,
38370,226,184,410,
38371,214,168,382,
38372,192,126,318,
38373,220,168,388,
38375,152,124,276,
38376,5,5,10,
38377,194,155,349,
38378,136,101,237,
38379,219,188,407,
38380,191,157,348,
38381,221,174,395,
38384,195,150,345,
38386,203,164,367,
38387,203,168,371,
38388,222,157,379,
38389,210,158,368,
38391,220,170,390,
38393,164,162,326,
38394,221,195,416,
38395,211,168,379,
38396,200,156,356,
38397,200,143,343,
38398,189,143,332,
38399,207,182,389,
38400,218,174,392,
38402,199,155,354,
38404,41,18,59,
38405,195,161,356,
38406,200,154,354,
38409,212,155,367,
38411,227,184,411,
38412,240,189,429,
38413,197,166,363,
38414,199,173,372,
38415,221,165,386,
38416,218,174,392,
38418,245,173,418,
38419,222,169,391,
38421,200,175,375,
38422,183,119,302,
38423,190,160,350,
38424,185,166,351,
38426,208,154,362,
38429,219,136,355,
38430,196,155,351,
38431,192,167,359,
38432,28,31,59,
38433,226,190,416,
38436,186,176,362,
38437,240,166,406,
38438,216,181,397,
38439,225,174,399,
38442,207,168,375,
38444,228,162,390,
38445,200,165,365,
38446,203,193,396,
38447,234,179,413,
38448,198,166,364,
38449,198,163,361,
38450,200,180,380,
38451,202,185,387,
38452,206,167,373,
38454,210,152,362,
38455,174,150,324,
38456,216,143,359,
38458,222,179,401,
38459,36,25,61,
38460,193,154,347,
38462,206,169,375,
38463,11,7,18,
38464,223,180,403,
38468,216,180,396,
38469,22,11,33,
38470,233,158,391,
38471,200,138,338,
38472,231,139,370,
38473,229,151,380,
38476,203,175,378,
38477,225,167,392,
38478,229,157,386,
38480,218,162,380,
38481,214,190,404,
38483,31,29,60,
38484,190,157,347,
38485,200,157,357,
38486,209,182,391,
38487,228,172,400,
38488,201,152,353,
38489,204,168,372,
38490,224,172,396,
38491,50,28,78,
38494,217,170,387,
38495,226,182,408,
38496,202,165,367,
38497,213,162,375,
38498,207,162,369,
38499,210,169,379,
38500,237,183,420,
38501,187,180,367,
38502,226,162,388,
38504,234,147,381,
38505,219,186,405,
38506,190,144,334,
38507,28,33,61,
38508,196,146,342,
38509,175,130,305,
38510,181,185,366,
38512,220,170,390,
38513,193,150,343,
38514,218,172,390,
38516,25,22,47,
38518,208,170,378,
38519,178,133,311,
38521,203,151,354,
38522,212,162,374,
38524,202,174,376,
38525,207,171,378,
38527,227,138,365,
38529,237,161,398,
38530,220,159,379,
38531,186,191,377,
38533,213,183,396,
38534,203,185,388,
38536,202,159,361,
38537,234,170,404,
38539,206,151,357,
38540,165,153,318,
38542,198,166,364,
38543,244,172,416,
38545,186,157,343,
38546,220,134,354,
38547,195,161,356,
38549,202,161,363,
38550,221,153,374,
38551,230,189,419,
38552,226,146,372,
38553,222,163,385,
38554,205,162,367,
38555,217,170,387,
38557,207,152,359,
38559,198,171,369,
38560,209,175,384,
38562,225,141,366,
38563,213,163,376,
38564,247,188,435,
38565,22,9,31,
38566,221,163,384,
38567,237,181,418,
38568,214,152,366,
38571,198,151,349,
38572,35,26,61,
38573,219,170,389,
38574,185,156,341,
38575,209,167,376,
38576,203,172,375,
38577,220,163,383,
38578,229,171,400,
38579,210,182,392,
38580,217,143,360,
38582,211,186,397,
38583,219,154,373,
38584,200,170,370,
38586,213,158,371,
38587,201,133,334,
38589,214,175,389,
38593,195,137,332,
38594,212,160,372,
38595,196,144,340,
38596,223,162,385,
38598,7,8,15,
38599,219,148,367,
38600,32,30,62,
38602,195,157,352,
38603,179,146,325,
38605,163,118,281,
38606,194,173,367,
38609,221,181,402,
38610,234,134,368,
38612,195,163,358,
38613,39,29,68,
38615,39,22,61,
38616,230,159,389,
38618,203,163,366,
38619,192,155,347,
38620,26,26,52,
38621,212,156,368,
38622,185,161,346,
38623,206,150,356,
38624,202,171,373,
38626,221,158,379,
38630,191,177,368,
38632,204,181,385,
38633,217,148,365,
38634,209,165,374,
38636,250,153,403,
38638,211,165,376,
38639,181,176,357,
38641,196,170,366,
38642,209,164,373,
38643,201,185,386,
38644,197,155,352,
38645,204,157,361,
38646,199,146,345,
38648,201,174,375,
38649,31,28,59,
38650,202,139,341,
38651,205,186,391,
38652,215,155,370,
38653,213,169,382,
38654,199,171,370,
38655,208,172,380,
38656,222,154,376,
38657,197,180,377,
38658,188,156,344,
38659,235,175,410,
38661,187,164,351,
38663,181,162,343,
38664,25,28,53,
38665,212,159,371,
38666,235,185,420,
38667,213,160,373,
38668,205,135,340,
38669,31,37,68,
38670,196,162,358,
38671,196,191,387,
38672,217,159,376,
38673,239,188,427,
38675,198,140,338,
38677,206,174,380,
38679,199,163,362,
38681,239,157,396,
38682,205,159,364,
38683,190,161,351,
38685,171,171,342,
38688,206,188,394,
38689,56,39,95,
38692,224,175,399,
38693,223,163,386,
38694,225,170,395,
38695,188,149,337,
38696,224,145,369,
38697,203,180,383,
38698,190,144,334,
38699,192,165,357,
38701,233,149,382,
38702,231,180,411,
38704,208,147,355,
38705,216,164,380,
38706,213,171,384,
38707,220,168,388,
38708,229,149,378,
38709,28,17,45,
38710,24,18,42,
38711,228,180,408,
38713,210,171,381,
38714,215,156,371,
38715,194,151,345,
38716,25,22,47,
38718,185,178,363,
38719,216,153,369,
38720,197,166,363,
38721,242,163,405,
38723,199,162,361,
38724,206,166,372,
38725,214,168,382,
38726,208,156,364,
38727,199,152,351,
38728,182,186,368,
38729,229,170,399,
38731,232,166,398,
38733,208,159,367,
38734,212,163,375,
38735,233,181,414,
38736,245,175,420,
38739,191,173,364,
38740,14,13,27,
38741,200,212,412,
38742,227,168,395,
38743,245,180,425,
38744,215,147,362,
38745,223,177,400,
38746,194,171,365,
38747,201,171,372,
38748,219,182,401,
38749,24,24,48,
38751,35,19,54,
38752,207,146,353,
38753,224,158,382,
38754,227,168,395,
38755,223,144,367,
38756,221,176,397,
38757,201,150,351,
38759,195,189,384,
38760,200,159,359,
38762,203,145,348,
38763,199,152,351,
38766,245,167,412,
38767,217,164,381,
38768,204,150,354,
38770,183,166,349,
38771,221,160,381,
38772,211,184,395,
38773,256,143,399,
38775,221,177,398,
38776,227,156,383,
38777,199,172,371,
38779,231,174,405,
38780,206,143,349,
38784,217,166,383,
38785,218,159,377,
38786,200,149,349,
38788,180,152,332,
38789,207,169,376,
38790,227,164,391,
38791,192,174,366,
38792,206,163,369,
38793,206,169,375,
38794,188,166,354,
38795,236,187,423,
38796,203,150,353,
38799,229,175,404,
38800,217,151,368,
38801,33,30,63,
38802,146,141,287,
38803,229,188,417,
38807,196,165,361,
38808,217,181,398,
38809,220,149,369,
38810,193,167,360,
38811,8,13,21,
38813,186,156,342,
38814,202,160,362,
38815,185,163,348,
38816,231,165,396,
38817,215,188,403,
38818,219,150,369,
38819,202,171,373,
38821,203,174,377,
38822,248,156,404,
38823,213,132,345,
38824,213,165,378,
38826,230,176,406,
38827,239,160,399,
38828,205,152,357,
38829,219,148,367,
38830,229,154,383,
38831,214,176,390,
38832,210,164,374,
38833,202,158,360,
38835,194,174,368,
38836,204,170,374,
38837,218,171,389,
38838,30,27,57,
38840,175,174,349,
38841,206,166,372,
38842,211,165,376,
38843,167,159,326,
38844,33,22,55,
38845,223,185,408,
38846,202,183,385,
38847,224,169,393,
38848,191,142,333,
38849,232,156,388,
38850,220,163,383,
38851,236,173,409,
38852,203,171,374,
38853,212,166,378,
38855,170,169,339,
38857,216,152,368,
38859,222,176,398,
38860,198,160,358,
38861,250,159,409,
38862,207,160,367,
38864,190,182,372,
38865,237,166,403,
38866,235,158,393,
38867,237,170,407,
38868,210,177,387,
38869,146,115,261,
38870,218,149,367,
38871,211,170,381,
38872,198,151,349,
38873,218,176,394,
38874,205,178,383,
38875,178,122,300,
38876,196,159,355,
38877,198,154,352,
38878,196,142,338,
38879,219,200,419,
38880,18,21,39,
38882,207,140,347,
38884,210,157,367,
38887,207,173,380,
38889,225,158,383,
38893,144,118,262,
38894,232,160,392,
38896,188,168,356,
38897,194,173,367,
38898,216,160,376,
38899,223,147,370,
38900,211,163,374,
38902,227,153,380,
38903,231,192,423,
38904,221,171,392,
38905,207,161,368,
38906,233,181,414,
38907,213,177,390,
38908,33,31,64,
38909,228,150,378,
38910,193,158,351,
38913,213,171,384,
38914,183,123,306,
38916,232,172,404,
38917,203,161,364,
38918,199,178,377,
38919,200,168,368,
38920,217,172,389,
38921,226,166,392,
38922,25,25,50,
38923,211,162,373,
38926,190,163,353,
38927,210,172,382,
38928,201,188,389,
38930,213,160,373,
38931,223,178,401,
38932,211,166,377,
38934,199,158,357,
38935,196,170,366,
38936,219,144,363,
38937,213,151,364,
38939,203,167,370,
38940,227,165,392,
38941,218,174,392,
38942,208,150,358,
38944,184,163,347,
38946,230,170,400,
38947,204,150,354,
38948,181,171,352,
38949,226,141,367,
38950,238,160,398,
38951,209,150,359,
38952,220,169,389,
38956,209,172,381,
38957,204,184,388,
38958,215,188,403,
38960,202,180,382,
38961,209,151,360,
38962,190,150,340,
38963,221,144,365,
38964,221,155,376,
38965,193,164,357,
38967,200,151,351,
38970,184,178,362,
38971,215,161,376,
38972,233,155,388,
38973,215,173,388,
38974,205,160,365,
38975,196,156,352,
38976,205,179,384,
38977,223,141,364,
38978,195,155,350,
38979,224,171,395,
38980,210,146,356,
38982,216,147,363,
38983,177,156,333,
38985,157,182,339,
38986,206,153,359,
38987,209,154,363,
38988,198,123,321,
38989,242,169,411,
38993,242,170,412,
38995,162,123,285,
38996,202,149,351,
38997,182,145,327,
38998,197,179,376,
38999,227,140,367,
39000,195,175,370,
39002,206,174,380,
39003,219,150,369,
39006,214,176,390,
39007,226,194,420,
39008,226,152,378,
39010,189,136,325,
39011,205,156,361,
39012,202,163,365,
39014,235,171,406,
39016,187,155,342,
39017,201,158,359,
39018,222,175,397,
39019,203,163,366,
39020,221,170,391,
39021,191,153,344,
39022,219,158,377,
39023,220,187,407,
39026,198,192,390,
39027,213,188,401,
39028,218,161,379,
39029,140,125,265,
39030,191,172,363,
39031,201,178,379,
39032,215,185,400,
39033,191,142,333,
39035,181,165,346,
39037,207,180,387,
39038,208,179,387,
39040,18,16,34,
39042,229,161,390,
39044,207,162,369,
39045,206,162,368,
39046,226,172,398,
39048,52,34,86,
39049,11,27,38,
39051,211,150,361,
39053,187,172,359,
39054,220,166,386,
39056,214,178,392,
39057,202,169,371,
39060,168,175,343,
39061,186,164,350,
39062,245,165,410,
39063,193,199,392,
39064,230,162,392,
39065,228,172,400,
39066,226,171,397,
39067,204,156,360,
39068,197,134,331,
39069,223,159,382,
39071,230,151,381,
39072,224,159,383,
39073,196,180,376,
39074,218,154,372,
39075,195,169,364,
39076,215,174,389,
39077,232,180,412,
39078,189,177,366,
39079,177,179,356,
39080,32,27,59,
39081,213,160,373,
39082,33,24,57,
39083,189,150,339,
39084,218,163,381,
39085,199,160,359,
39086,211,147,358,
39089,210,143,353,
39090,210,159,369,
39092,200,167,367,
39094,216,161,377,
39095,239,161,400,
39096,206,158,364,
39097,200,189,389,
39098,198,165,363,
39100,190,158,348,
39101,220,170,390,
39105,221,173,394,
39106,193,196,389,
39109,211,168,379,
39112,216,152,368,
39113,214,154,368,
39114,210,170,380,
39115,190,166,356,
39116,198,164,362,
39117,195,149,344,
39119,216,154,370,
39122,206,139,345,
39123,210,151,361,
39124,195,165,360,
39125,206,164,370,
39126,223,146,369,
39127,203,159,362,
39128,200,192,392,
39129,222,153,375,
39130,219,176,395,
39131,218,151,369,
39132,23,26,49,
39133,233,166,399,
39134,214,160,374,
39135,43,25,68,
39136,235,171,406,
39137,198,168,366,
39138,224,163,387,
39140,183,158,341,
39143,230,167,397,
39144,206,170,376,
39145,230,151,381,
39146,220,152,372,
39148,235,155,390,
39149,168,131,299,
39150,207,152,359,
39151,210,190,400,
39152,42,26,68,
39153,185,144,329,
39155,227,157,384,
39156,208,165,373,
39158,196,164,360,
39159,192,165,357,
39160,219,177,396,
39161,211,166,377,
39162,193,159,352,
39164,227,154,381,
39165,184,156,340,
39166,195,143,338,
39168,217,164,381,
39169,222,163,385,
39170,189,141,330,
39172,205,173,378,
39173,206,170,376,
39174,222,146,368,
39175,218,131,349,
39176,218,175,393,
39179,210,166,376,
39181,180,146,326,
39182,213,163,376,
39183,217,144,361,
39184,221,188,409,
39186,197,170,367,
39187,231,158,389,
39188,245,156,401,
39189,199,170,369,
39190,191,161,352,
39191,198,165,363,
39192,219,156,375,
39194,209,150,359,
39196,212,159,371,
39197,210,161,371,
39199,178,163,341,
39200,202,175,377,
39202,216,147,363,
39203,216,181,397,
39204,206,167,373,
39205,195,171,366,
39206,147,137,284,
39207,210,161,371,
39208,200,185,385,
39209,182,165,347,
39210,203,162,365,
39211,208,173,381,
39214,228,155,383,
39216,209,169,378,
39218,225,163,388,
39221,225,149,374,
39222,15,14,29,
39223,183,169,352,
39224,205,160,365,
39225,228,177,405,
39226,201,162,363,
39227,219,165,384,
39228,207,150,357,
39229,216,158,374,
39232,212,162,374,
39233,227,158,385,
39234,227,178,405,
39235,205,175,380,
39237,219,168,387,
39239,203,192,395,
39240,212,162,374,
39242,202,180,382,
39243,152,119,271,
39244,220,148,368,
39246,232,179,411,
39247,219,162,381,
39248,192,189,381,
39250,218,178,396,
39251,200,158,358,
39253,208,143,351,
39254,213,166,379,
39255,211,150,361,
39256,221,146,367,
39257,220,162,382,
39258,207,155,362,
39259,201,145,346,
39260,209,170,379,
39261,212,165,377,
39262,210,156,366,
39263,233,173,406,
39264,209,169,378,
39265,214,165,379,
39266,218,163,381,
39268,200,139,339,
39269,215,159,374,
39270,181,154,335,
39271,186,188,374,
39272,226,177,403,
39273,209,175,384,
39274,236,171,407,
39276,192,163,355,
39277,11,14,25,
39278,192,155,347,
39279,200,161,361,
39281,220,181,401,
39282,216,149,365,
39283,6,3,9,
39284,181,184,365,
39285,203,134,337,
39286,244,167,411,
39287,181,122,303,
39288,148,104,252,
39289,219,143,362,
39293,214,175,389,
39294,168,137,305,
39296,175,156,331,
39297,215,173,388,
39298,203,161,364,
39299,215,184,399,
39300,203,166,369,
39301,204,148,352,
39302,235,172,407,
39303,171,163,334,
39304,211,163,374,
39305,230,174,404,
39306,212,181,393,
39307,196,173,369,
39308,208,184,392,
39309,206,155,361,
39310,197,182,379,
39311,210,168,378,
39312,29,9,38,
39315,224,172,396,
39316,208,158,366,
39318,234,173,407,
39320,226,163,389,
39321,213,165,378,
39323,230,161,391,
39327,186,185,371,
39328,205,163,368,
39329,203,184,387,
39330,225,175,400,
39331,231,183,414,
39332,235,143,378,
39333,207,166,373,
39334,228,177,405,
39336,230,160,390,
39337,206,161,367,
39338,194,187,381,
39339,195,155,350,
39341,214,173,387,
39342,215,172,387,
39343,210,173,383,
39344,214,170,384,
39345,224,142,366,
39348,223,177,400,
39350,190,159,349,
39351,239,164,403,
39352,220,171,391,
39353,173,142,315,
39354,202,158,360,
39357,200,158,358,
39358,196,142,338,
39359,213,170,383,
39360,192,151,343,
39361,218,172,390,
39362,215,168,383,
39363,250,175,425,
39365,242,171,413,
39367,191,190,381,
39368,227,157,384,
39369,203,181,384,
39370,203,142,345,
39371,30,16,46,
39372,220,146,366,
39373,199,166,365,
39374,236,151,387,
39376,218,165,383,
39377,214,137,351,
39378,233,177,410,
39380,182,141,323,
39381,197,162,359,
39382,205,174,379,
39383,43,36,79,
39384,209,145,354,
39386,210,152,362,
39387,219,166,385,
39388,198,159,357,
39389,139,119,258,
39390,226,163,389,
39392,221,156,377,
39393,162,127,289,
39395,225,156,381,
39396,199,194,393,
39397,202,158,360,
39400,200,161,361,
39402,212,172,384,
39403,236,161,397,
39404,213,163,376,
39407,206,153,359,
39409,211,177,388,
39410,221,168,389,
39412,203,150,353,
39413,217,167,384,
39414,219,136,355,
39416,24,23,47,
39417,224,186,410,
39418,201,162,363,
39420,216,170,386,
39421,208,163,371,
39422,202,161,363,
39423,194,159,353,
39424,221,168,389,
39425,234,172,406,
39427,210,147,357,
39428,221,165,386,
39429,170,184,354,
39430,212,189,401,
39431,244,179,423,
39432,236,159,395,
39433,31,21,52,
39434,231,144,375,
39436,236,143,379,
39437,193,160,353,
39438,189,166,355,
39440,216,196,412,
39441,208,160,368,
39442,208,172,380,
39443,237,181,418,
39444,161,154,315,
39445,222,182,404,
39447,199,165,364,
39448,205,158,363,
39449,217,157,374,
39451,189,155,344,
39453,216,170,386,
39454,183,136,319,
39455,215,144,359,
39456,209,169,378,
39457,193,159,352,
39459,212,152,364,
39461,197,182,379,
39463,211,182,393,
39464,194,176,370,
39465,213,186,399,
39467,167,142,309,
39468,169,138,307,
39469,208,175,383,
39471,196,167,363,
39473,198,153,351,
39474,197,177,374,
39476,217,179,396,
39477,232,177,409,
39478,217,163,380,
39480,226,179,405,
39481,218,184,402,
39482,228,168,396,
39483,202,191,393,
39484,242,150,392,
39485,207,146,353,
39486,214,172,386,
39487,211,187,398,
39490,198,143,341,
39491,180,145,325,
39492,223,168,391,
39494,219,168,387,
39495,198,174,372,
39497,197,162,359,
39498,213,168,381,
39499,227,132,359,
39501,203,184,387,
39502,203,177,380,
39503,200,153,353,
39505,209,156,365,
39506,217,163,380,
39507,23,19,42,
39508,203,176,379,
39509,240,179,419,
39510,203,169,372,
39511,215,147,362,
39512,194,176,370,
39513,195,167,362,
39514,187,153,340,
39515,164,158,322,
39516,192,159,351,
39517,212,162,374,
39518,210,152,362,
39519,233,146,379,
39521,240,162,402,
39522,184,131,315,
39523,200,157,357,
39524,204,174,378,
39527,164,153,317,
39528,238,152,390,
39529,226,191,417,
39530,215,171,386,
39531,203,170,373,
39532,220,187,407,
39533,214,165,379,
39534,202,170,372,
39537,198,158,356,
39538,222,127,349,
39539,23,17,40,
39540,200,166,366,
39541,240,174,414,
39542,217,180,397,
39543,201,157,358,
39544,181,156,337,
39545,200,183,383,
39546,203,157,360,
39547,202,144,346,
39548,244,186,430,
39549,226,169,395,
39550,197,168,365,
39551,198,172,370,
39552,178,147,325,
39553,211,196,407,
39555,218,204,422,
39557,200,180,380,
39559,176,154,330,
39560,212,178,390,
39561,183,158,341,
39562,209,176,385,
39564,237,154,391,
39565,204,168,372,
39566,37,29,66,
39567,221,164,385,
39568,12,7,19,
39569,224,164,388,
39570,18,16,34,
39571,239,151,390,
39573,243,191,434,
39574,211,170,381,
39575,221,168,389,
39576,195,178,373,
39577,233,157,390,
39583,241,168,409,
39584,219,171,390,
39585,207,159,366,
39588,206,181,387,
39589,199,159,358,
39590,14,8,22,
39591,217,169,386,
39592,23,13,36,
39593,200,151,351,
39594,210,176,386,
39596,209,157,366,
39597,219,166,385,
39598,215,179,394,
39599,219,152,371,
39602,192,183,375,
39605,217,160,377,
39609,217,167,384,
39611,217,150,367,
39613,216,160,376,
39614,225,162,387,
39615,214,172,386,
39616,201,152,353,
39617,219,161,380,
39619,161,130,291,
39620,205,175,380,
39621,159,110,269,
39622,221,159,380,
39623,208,163,371,
39624,235,158,393,
39626,209,160,369,
39627,183,156,339,
39628,214,162,376,
39629,210,179,389,
39630,209,160,369,
39631,207,175,382,
39632,22,26,48,
39633,29,26,55,
39634,211,162,373,
39635,211,151,362,
39636,198,165,363,
39638,210,144,354,
39639,212,176,388,
39640,213,175,388,
39643,200,172,372,
39644,203,156,359,
39645,210,170,380,
39646,229,168,397,
39647,226,189,415,
39650,36,34,70,
39651,209,150,359,
39652,17,23,40,
39653,219,159,378,
39654,206,189,395,
39657,205,158,363,
39658,175,133,308,
39659,55,37,92,
39660,191,170,361,
39661,141,135,276,
39662,32,28,60,
39664,219,184,403,
39665,207,199,406,
39666,232,164,396,
39667,214,189,403,
39668,201,179,380,
39670,203,173,376,
39671,218,176,394,
39672,192,165,357,
39673,184,124,308,
39674,217,193,410,
39675,214,155,369,
39676,185,148,333,
39677,225,159,384,
39678,218,139,357,
39679,242,180,422,
39680,181,196,377,
39681,215,186,401,
39682,36,21,57,
39686,214,178,392,
39687,224,181,405,
39689,211,176,387,
39690,211,186,397,
39691,194,153,347,
39692,209,175,384,
39694,220,181,401,
39695,201,154,355,
39696,196,180,376,
39697,230,145,375,
39698,212,169,381,
39700,203,182,385,
39701,26,23,49,
39703,205,175,380,
39704,212,162,374,
39705,237,155,392,
39707,220,136,356,
39708,239,177,416,
39709,212,179,391,
39710,205,193,398,
39711,209,162,371,
39713,206,186,392,
39716,12,15,27,
39717,193,169,362,
39719,208,188,396,
39720,191,168,359,
39721,207,157,364,
39722,230,157,387,
39723,200,164,364,
39724,207,200,407,
39725,204,166,370,
39726,211,170,381,
39728,221,157,378,
39729,223,162,385,
39730,200,161,361,
39731,202,153,355,
39732,218,173,391,
39733,217,182,399,
39734,206,144,350,
39735,223,166,389,
39736,13,11,24,
39737,219,172,391,
39738,223,149,372,
39739,44,27,71,
39740,228,187,415,
39741,184,165,349,
39742,211,153,364,
39744,232,174,406,
39745,211,155,366,
39746,220,167,387,
39747,182,159,341,
39748,207,160,367,
39750,196,179,375,
39751,217,157,374,
39752,156,126,282,
39755,206,162,368,
39756,193,161,354,
39757,208,151,359,
39758,213,152,365,
39759,211,151,362,
39760,42,17,59,
39761,194,155,349,
39763,208,170,378,
39764,225,165,390,
39765,216,173,389,
39768,236,158,394,
39769,196,132,328,
39770,224,176,400,
39771,217,162,379,
39772,209,149,358,
39773,209,174,383,
39774,211,183,394,
39775,202,172,374,
39777,209,178,387,
39778,218,173,391,
39779,211,189,400,
39781,174,158,332,
39783,215,174,389,
39784,218,167,385,
39785,214,174,388,
39786,191,146,337,
39787,219,166,385,
39788,196,158,354,
39789,196,172,368,
39791,199,137,336,
39792,213,190,403,
39793,189,170,359,
39794,206,179,385,
39795,215,167,382,
39797,157,130,287,
39799,205,138,343,
39800,266,181,447,
39801,199,188,387,
39802,201,168,369,
39803,179,120,299,
39804,208,198,406,
39805,228,173,401,
39806,207,156,363,
39808,203,168,371,
39809,204,153,357,
39810,189,155,344,
39811,220,177,397,
39812,211,179,390,
39813,161,178,339,
39816,195,153,348,
39817,198,158,356,
39818,227,172,399,
39819,201,162,363,
39821,193,158,351,
39822,204,163,367,
39824,212,180,392,
39825,228,163,391,
39827,226,154,380,
39828,230,164,394,
39829,202,163,365,
39830,219,169,388,
39832,208,165,373,
39833,201,170,371,
39834,202,182,384,
39835,234,164,398,
39836,212,160,372,
39837,194,181,375,
39838,208,173,381,
39839,241,148,389,
39840,228,153,381,
39841,205,165,370,
39842,217,143,360,
39843,214,165,379,
39844,222,177,399,
39845,203,155,358,
39847,216,172,388,
39849,204,145,349,
39850,213,180,393,
39853,211,173,384,
39854,217,160,377,
39856,198,170,368,
39857,188,152,340,
39858,227,184,411,
39859,208,153,361,
39861,213,160,373,
39863,214,173,387,
39864,213,167,380,
39866,211,167,378,
39867,203,183,386,
39868,232,161,393,
39869,149,110,259,
39870,185,171,356,
39871,211,153,364,
39872,238,168,406,
39873,207,167,374,
39875,217,169,386,
39877,205,172,377,
39878,205,147,352,
39879,200,157,357,
39880,193,174,367,
39882,227,154,381,
39883,230,144,374,
39884,206,176,382,
39886,224,154,378,
39889,161,119,280,
39892,182,182,364,
39893,17,7,24,
39895,220,150,370,
39896,208,186,394,
39897,213,170,383,
39898,206,178,384,
39899,223,175,398,
39900,208,149,357,
39901,193,169,362,
39902,207,172,379,
39903,219,150,369,
39904,231,154,385,
39906,189,149,338,
39907,49,35,84,
39908,230,162,392,
39909,206,191,397,
39910,1,5,6,
39911,220,155,375,
39912,213,168,381,
39913,206,170,376,
39915,170,129,299,
39916,227,183,410,
39917,229,164,393,
39919,191,153,344,
39920,216,175,391,
39921,214,153,367,
39922,199,172,371,
39924,183,177,360,
39929,215,152,367,
39930,180,165,345,
39932,191,154,345,
39933,186,147,333,
39936,208,168,376,
39937,216,168,384,
39939,215,178,393,
39940,202,171,373,
39941,204,163,367,
39943,198,170,368,
39944,247,163,410,
39945,214,177,391,
39947,199,182,381,
39948,189,149,338,
39949,8,7,15,
39951,204,178,382,
39952,215,172,387,
39953,212,165,377,
39954,215,151,366,
39955,222,162,384,
39957,209,148,357,
39958,216,177,393,
39961,239,162,401,
39963,154,112,266,
39964,222,160,382,
39966,185,141,326,
39967,225,181,406,
39968,204,173,377,
39971,190,148,338,
39972,194,169,363,
39974,38,28,66,
39975,233,169,402,
39976,201,140,341,
39977,191,160,351,
39978,222,170,392,
39981,184,151,335,
39982,241,159,400,
39983,205,171,376,
39985,190,172,362,
39986,215,148,363,
39987,180,160,340,
39990,216,159,375,
39991,204,172,376,
39992,219,145,364,
39994,190,184,374,
39995,210,165,375,
39996,201,154,355,
39998,196,172,368,
39999,188,136,324,
40000,214,183,397,
40001,210,178,388,
40003,225,169,394,
40004,199,156,355,
40005,207,169,376,
40007,220,187,407,
40008,196,173,369,
40009,211,176,387,
40010,208,177,385,
40011,234,143,377,
40012,226,176,402,
40013,206,176,382,
40014,197,162,359,
40015,211,158,369,
40016,216,159,375,
40018,227,161,388,
40019,200,157,357,
40020,193,172,365,
40021,191,146,337,
40022,197,175,372,
40023,36,19,55,
40025,223,160,383,
40026,185,142,327,
40027,198,157,355,
40028,173,137,310,
40030,14,8,22,
40031,233,161,394,
40032,214,158,372,
40034,219,144,363,
40036,199,184,383,
40037,203,158,361,
40039,207,141,348,
40040,219,138,357,
40041,209,171,380,
40042,204,160,364,
40044,209,146,355,
40045,201,178,379,
40046,209,169,378,
40047,154,131,285,
40048,227,165,392,
40050,207,157,364,
40051,148,171,319,
40052,204,169,373,
40053,200,165,365,
40054,209,198,407,
40055,205,164,369,
40056,223,165,388,
40058,185,170,355,
40060,207,174,381,
40061,197,181,378,
40062,198,148,346,
40063,199,155,354,
40065,201,157,358,
40066,210,156,366,
40067,198,140,338,
40068,233,169,402,
40069,216,161,377,
40070,215,165,380,
40071,198,157,355,
40072,214,170,384,
40073,174,177,351,
40075,212,157,369,
40076,178,162,340,
40077,209,171,380,
40078,236,173,409,
40080,201,143,344,
40081,220,156,376,
40083,193,154,347,
40084,32,26,58,
40085,16,14,30,
40086,209,160,369,
40087,225,159,384,
40088,35,22,57,
40091,160,122,282,
40092,236,158,394,
40096,217,176,393,
40098,226,153,379,
40099,215,173,388,
40100,212,168,380,
40101,218,170,388,
40102,229,155,384,
40103,215,163,378,
40104,230,140,370,
40105,217,168,385,
40107,229,177,406,
40108,194,153,347,
40109,222,155,377,
40111,221,166,387,
40113,196,190,386,
40114,195,147,342,
40115,216,153,369,
40116,198,182,380,
40121,220,178,398,
40122,20,14,34,
40123,195,163,358,
40124,249,185,434,
40125,215,180,395,
40127,229,169,398,
40128,216,177,393,
40129,215,163,378,
40130,211,179,390,
40132,222,162,384,
40133,228,198,426,
40134,225,158,383,
40135,214,149,363,
40136,154,123,277,
40137,187,167,354,
40139,47,49,96,
40140,225,177,402,
40141,204,155,359,
40142,207,198,405,
40143,208,144,352,
40146,186,133,319,
40147,216,166,382,
40148,213,157,370,
40149,213,178,391,
40150,214,166,380,
40151,207,134,341,
40152,193,153,346,
40153,224,149,373,
40154,33,22,55,
40155,219,166,385,
40156,204,137,341,
40157,186,151,337,
40158,218,165,383,
40159,187,176,363,
40160,225,156,381,
40162,210,165,375,
40163,208,166,374,
40164,26,25,51,
40165,20,8,28,
40169,224,152,376,
40170,234,190,424,
40172,220,166,386,
40173,211,163,374,
40174,212,163,375,
40175,216,182,398,
40176,10,10,20,
40177,221,169,390,
40179,225,177,402,
40180,189,163,352,
40181,207,168,375,
40182,221,157,378,
40184,228,166,394,
40185,198,166,364,
40186,219,175,394,
40187,213,170,383,
40188,45,40,85,
40189,226,146,372,
40191,232,153,385,
40192,22,15,37,
40195,209,171,380,
40196,215,173,388,
40197,192,196,388,
40198,227,150,377,
40200,194,165,359,
40201,211,164,375,
40204,227,158,385,
40205,214,154,368,
40206,216,144,360,
40208,213,157,370,
40209,186,172,358,
40210,217,159,376,
40211,199,176,375,
40212,239,160,399,
40214,230,168,398,
40215,216,155,371,
40216,220,170,390,
40217,200,166,366,
40221,221,168,389,
40222,204,137,341,
40227,217,157,374,
40228,219,156,375,
40229,200,110,310,
40231,199,180,379,
40232,212,177,389,
40233,210,173,383,
40234,228,199,427,
40235,200,170,370,
40236,248,157,405,
40237,179,156,335,
40238,223,154,377,
40239,217,157,374,
40240,190,166,356,
40241,214,157,371,
40242,30,33,63,
40244,204,155,359,
40245,202,134,336,
40246,193,168,361,
40247,199,150,349,
40248,227,201,428,
40250,227,185,412,
40251,201,185,386,
40252,206,162,368,
40253,176,146,322,
40255,176,183,359,
40257,186,167,353,
40259,201,172,373,
40260,190,167,357,
40263,201,166,367,
40266,224,167,391,
40267,228,166,394,
40268,187,181,368,
40269,8,5,13,
40271,201,163,364,
40272,208,166,374,
40273,217,143,360,
40275,201,158,359,
40276,205,167,372,
40277,205,162,367,
40278,224,152,376,
40279,210,150,360,
40281,232,159,391,
40282,248,160,408,
40283,220,178,398,
40284,200,168,368,
40285,231,199,430,
40286,227,163,390,
40287,192,171,363,
40289,33,22,55,
40292,194,125,319,
40293,211,188,399,
40294,244,163,407,
40295,205,162,367,
40296,212,153,365,
40297,213,184,397,
40298,215,159,374,
40299,221,165,386,
40300,209,174,383,
40301,225,134,359,
40302,210,147,357,
40303,224,180,404,
40304,211,169,380,
40305,206,146,352,
40306,190,167,357,
40307,201,150,351,
40308,182,148,330,
40309,179,171,350,
40310,206,193,399,
40311,221,185,406,
40312,195,157,352,
40314,203,178,381,
40315,211,163,374,
40316,202,144,346,
40317,223,175,398,
40318,226,184,410,
40319,199,175,374,
40321,179,142,321,
40323,210,110,320,
40324,169,156,325,
40325,191,158,349,
40326,189,159,348,
40327,233,185,418,
40328,222,166,388,
40330,206,154,360,
40331,206,167,373,
40332,213,156,369,
40333,196,155,351,
40334,191,169,360,
40335,211,185,396,
40336,179,166,345,
40339,6,5,11,
40340,191,169,360,
40341,218,173,391,
40342,199,161,360,
40343,225,168,393,
40344,195,165,360,
40345,228,150,378,
40346,222,176,398,
40347,197,153,350,
40349,211,153,364,
40350,226,159,385,
40351,187,138,325,
40353,205,160,365,
40354,255,145,400,
40355,203,146,349,
40357,212,165,377,
40359,193,173,366,
40360,193,190,383,
40363,200,172,372,
40365,218,143,361,
40366,203,157,360,
40367,215,171,386,
40368,201,175,376,
40371,216,176,392,
40372,220,158,378,
40373,218,152,370,
40374,215,154,369,
40375,201,165,366,
40376,200,146,346,
40377,208,196,404,
40379,186,146,332,
40380,219,173,392,
40381,3,2,5,
40382,214,185,399,
40383,196,170,366,
40384,200,137,337,
40386,193,174,367,
40387,201,137,338,
40389,220,166,386,
40391,221,153,374,
40392,222,136,358,
40393,213,151,364,
40394,223,172,395,
40396,208,172,380,
40397,218,165,383,
40398,194,151,345,
40399,209,195,404,
40400,230,177,407,
40401,11,18,29,
40402,206,157,363,
40403,55,29,84,
40404,202,188,390,
40406,190,178,368,
40408,226,157,383,
40409,203,152,355,
40410,188,169,357,
40412,168,110,278,
40414,198,186,384,
40415,213,170,383,
40416,211,174,385,
40417,214,179,393,
40418,215,144,359,
40419,198,157,355,
40421,240,167,407,
40422,197,174,371,
40423,191,163,354,
40424,217,160,377,
40427,226,172,398,
40429,205,155,360,
40430,198,144,342,
40431,206,176,382,
40432,224,149,373,
40434,211,183,394,
40436,211,171,382,
40437,196,166,362,
40438,196,166,362,
40441,218,157,375,
40442,221,174,395,
40444,186,161,347,
40445,218,167,385,
40447,227,159,386,
40450,235,152,387,
40451,219,142,361,
40452,234,163,397,
40453,214,166,380,
40454,175,130,305,
40455,200,146,346,
40456,201,176,377,
40457,240,173,413,
40458,237,151,388,
40460,219,195,414,
40461,213,190,403,
40463,203,163,366,
40465,118,95,213,
40466,203,158,361,
40467,41,32,73,
40468,31,35,66,
40469,185,150,335,
40470,207,171,378,
40471,198,143,341,
40472,201,165,366,
40474,206,162,368,
40475,193,154,347,
40476,216,174,390,
40477,199,148,347,
40478,195,183,378,
40479,224,159,383,
40481,239,155,394,
40483,183,170,353,
40484,176,160,336,
40485,203,143,346,
40486,200,157,357,
40487,221,145,366,
40488,10,9,19,
40489,205,155,360,
40490,174,171,345,
40491,212,197,409,
40492,219,167,386,
40493,226,181,407,
40495,193,159,352,
40497,220,168,388,
40498,211,154,365,
40501,199,181,380,
40502,198,179,377,
40503,215,140,355,
40504,185,152,337,
40507,224,186,410,
40508,229,147,376,
40509,235,184,419,
40510,192,153,345,
40512,211,164,375,
40514,195,176,371,
40515,32,35,67,
40516,200,181,381,
40517,230,165,395,
40518,223,170,393,
40520,208,142,350,
40521,210,176,386,
40522,190,178,368,
40523,225,159,384,
40524,248,165,413,
40525,178,147,325,
40526,220,197,417,
40527,232,155,387,
40529,185,156,341,
40530,196,163,359,
40532,151,116,267,
40534,200,172,372,
40536,227,174,401,
40537,200,133,333,
40538,197,157,354,
40539,218,151,369,
40540,223,163,386,
40541,203,188,391,
40542,206,156,362,
40544,240,146,386,
40545,215,180,395,
40546,214,163,377,
40547,223,154,377,
40548,220,163,383,
40550,234,155,389,
40551,222,175,397,
40552,203,170,373,
40553,218,170,388,
40554,178,161,339,
40555,204,182,386,
40556,223,160,383,
40557,6,6,12,
40560,201,185,386,
40563,127,100,227,
40564,191,165,356,
40565,223,196,419,
40566,253,165,418,
40567,205,171,376,
40568,218,168,386,
40570,206,155,361,
40571,203,181,384,
40572,214,172,386,
40573,207,172,379,
40574,214,165,379,
40575,189,179,368,
40577,207,169,376,
40578,206,172,378,
40580,234,177,411,
40581,211,146,357,
40582,221,172,393,
40583,35,20,55,
40584,210,165,375,
40585,214,175,389,
40586,231,178,409,
40587,193,149,342,
40588,220,183,403,
40589,233,175,408,
40590,225,163,388,
40591,164,126,290,
40594,226,166,392,
40595,205,175,380,
40596,222,157,379,
40600,217,186,403,
40603,220,171,391,
40604,217,161,378,
40605,33,31,64,
40606,200,173,373,
40608,201,153,354,
40609,196,167,363,
40610,214,164,378,
40611,198,159,357,
40612,200,175,375,
40613,220,173,393,
40614,207,189,396,
40616,29,30,59,
40619,199,176,375,
40620,201,158,359,
40621,207,174,381,
40622,232,160,392,
40623,198,168,366,
40625,225,182,407,
40627,241,163,404,
40629,216,191,407,
40630,212,187,399,
40631,198,160,358,
40632,210,179,389,
40634,191,159,350,
40635,209,154,363,
40637,210,139,349,
40638,235,172,407,
40639,184,147,331,
40640,231,177,408,
40641,200,162,362,
40642,50,27,77,
40643,217,168,385,
40644,212,178,390,
40645,212,166,378,
40647,24,20,44,
40648,207,169,376,
40649,208,200,408,
40650,187,144,331,
40651,206,147,353,
40652,227,158,385,
40655,216,136,352,
40656,207,173,380,
40657,200,161,361,
40658,231,134,365,
40659,193,165,358,
40660,214,180,394,
40661,226,174,400,
40662,217,159,376,
40663,208,176,384,
40664,205,160,365,
40665,202,181,383,
40667,233,161,394,
40669,209,163,372,
40670,193,174,367,
40671,204,174,378,
40672,196,152,348,
40673,210,186,396,
40677,180,145,325,
40678,226,169,395,
40679,158,131,289,
40680,187,148,335,
40681,228,179,407,
40682,211,171,382,
40683,211,147,358,
40684,209,142,351,
40686,243,160,403,
40687,225,199,424,
40688,195,167,362,
40691,221,180,401,
40692,22,24,46,
40693,35,17,52,
40695,204,162,366,
40696,210,159,369,
40698,239,155,394,
40700,192,167,359,
40702,233,157,390,
40703,235,185,420,
40704,257,171,428,
40705,221,178,399,
40706,26,40,66,
40708,224,157,381,
40709,219,183,402,
40710,233,179,412,
40712,203,185,388,
40713,123,98,221,
40714,201,168,369,
40715,194,149,343,
40717,185,138,323,
40718,224,138,362,
40719,214,148,362,
40720,218,152,370,
40721,211,156,367,
40722,222,151,373,
40724,234,162,396,
40726,212,176,388,
40728,191,155,346,
40730,196,192,388,
40731,231,162,393,
40732,38,26,64,
40733,186,175,361,
40734,173,134,307,
40735,207,139,346,
40736,238,158,396,
40737,204,160,364,
40738,230,186,416,
40739,210,161,371,
40740,226,159,385,
40741,235,173,408,
40742,222,155,377,
40743,217,165,382,
40745,218,144,362,
40746,197,165,362,
40747,213,161,374,
40749,222,164,386,
40750,189,163,352,
40751,198,182,380,
40752,200,157,357,
40753,203,165,368,
40754,206,140,346,
40755,188,161,349,
40756,220,165,385,
40757,197,156,353,
40758,200,145,345,
40759,204,156,360,
40762,171,171,342,
40763,201,151,352,
40764,219,170,389,
40768,194,148,342,
40769,203,170,373,
40770,222,172,394,
40772,227,144,371,
40773,220,153,373,
40774,193,170,363,
40775,220,166,386,
40777,24,25,49,
40778,173,128,301,
40779,220,184,404,
40780,30,28,58,
40781,208,155,363,
40782,198,173,371,
40783,201,161,362,
40786,244,138,382,
40787,186,150,336,
40789,217,185,402,
40791,222,174,396,
40792,230,160,390,
40794,218,203,421,
40795,201,188,389,
40796,232,160,392,
40797,231,174,405,
40798,190,147,337,
40799,36,22,58,
40800,203,178,381,
40803,176,181,357,
40804,200,171,371,
40805,211,174,385,
40807,212,151,363,
40808,212,185,397,
40809,207,152,359,
40810,207,153,360,
40811,217,168,385,
40812,220,173,393,
40813,194,165,359,
40815,237,131,368,
40816,207,148,355,
40817,235,175,410,
40818,223,144,367,
40820,235,155,390,
40821,192,142,334,
40822,226,164,390,
40823,208,178,386,
40825,41,25,66,
40827,217,184,401,
40829,202,187,389,
40830,222,182,404,
40831,207,160,367,
40832,210,152,362,
40834,197,174,371,
40835,238,168,406,
40836,176,152,328,
40837,182,179,361,
40839,181,136,317,
40840,203,166,369,
40841,215,166,381,
40842,215,181,396,
40843,200,153,353,
40844,203,150,353,
40845,213,162,375,
40846,228,174,402,
40848,220,180,400,
40849,223,172,395,
40850,112,64,176,
40851,185,165,350,
40852,164,142,306,
40853,243,166,409,
40854,211,181,392,
40855,224,189,413,
40856,191,156,347,
40857,230,203,433,
40858,214,155,369,
40860,227,169,396,
40861,198,169,367,
40862,196,157,353,
40863,199,180,379,
40864,29,13,42,
40865,214,170,384,
40866,177,156,333,
40867,34,20,54,
40868,177,153,330,
40869,203,163,366,
40870,215,148,363,
40871,192,149,341,
40872,204,172,376,
40873,222,170,392,
40876,211,169,380,
40877,197,164,361,
40879,232,152,384,
40881,214,169,383,
40882,217,152,369,
40883,222,155,377,
40884,211,167,378,
40885,229,189,418,
40886,44,39,83,
40887,220,186,406,
40888,212,161,373,
40889,196,169,365,
40890,210,163,373,
40891,243,162,405,
40892,215,165,380,
40893,228,160,388,
40894,208,153,361,
40895,208,162,370,
40896,240,178,418,
40897,199,182,381,
40898,211,136,347,
40899,234,191,425,
40900,224,190,414,
40901,216,165,381,
40902,218,173,391,
40903,202,152,354,
40904,202,144,346,
40905,215,181,396,
40906,130,135,265,
40907,194,169,363,
40908,221,168,389,
40911,211,164,375,
40912,164,188,352,
40914,28,17,45,
40915,234,155,389,
40918,218,153,371,
40919,220,145,365,
40920,216,150,366,
40921,230,149,379,
40922,195,135,330,
40923,206,146,352,
40924,208,168,376,
40925,238,184,422,
40926,204,153,357,
40927,198,159,357,
40929,198,153,351,
40931,158,132,290,
40932,219,167,386,
40933,220,190,410,
40935,192,166,358,
40936,209,161,370,
40939,217,170,387,
40940,218,179,397,
40942,194,167,361,
40943,192,160,352,
40944,208,143,351,
40945,228,159,387,
40946,186,172,358,
40947,214,163,377,
40948,223,160,383,
40949,230,188,418,
40952,208,177,385,
40955,226,170,396,
40956,189,161,350,
40958,229,163,392,
40959,209,167,376,
40960,203,157,360,
40961,222,164,386,
40962,124,113,237,
40963,141,112,253,
40964,217,153,370,
40965,202,183,385,
40968,218,181,399,
40973,50,33,83,
40974,238,171,409,
40976,195,143,338,
40978,195,167,362,
40979,197,152,349,
40980,235,173,408,
40981,35,25,60,
40982,211,180,391,
40983,214,160,374,
40984,195,182,377,
40985,191,143,334,
40986,200,160,360,
40988,202,177,379,
40990,177,169,346,
40991,235,166,401,
40992,198,169,367,
40993,208,139,347,
40995,212,177,389,
40996,199,170,369,
40998,191,154,345,
40999,189,173,362,
41000,34,23,57,
41001,209,181,390,
41002,200,170,370,
41003,232,163,395,
41004,234,156,390,
41006,225,144,369,
41007,249,172,421,
41008,226,166,392,
41009,199,148,347,
41011,212,158,370,
41012,208,166,374,
41013,161,105,266,
41017,217,153,370,
41018,202,189,391,
41019,208,172,380,
41023,231,163,394,
41024,232,180,412,
41025,191,141,332,
41026,168,184,352,
41027,222,168,390,
41028,219,160,379,
41031,259,141,400,
41032,212,152,364,
41033,191,147,338,
41034,207,181,388,
41035,202,178,380,
41036,193,171,364,
41038,227,163,390,
41039,223,171,394,
41041,216,177,393,
41042,228,160,388,
41043,224,181,405,
41044,218,158,376,
41045,198,155,353,
41046,168,139,307,
41047,204,156,360,
41048,176,185,361,
41050,205,179,384,
41051,205,184,389,
41053,210,141,351,
41054,202,180,382,
41055,215,178,393,
41058,222,152,374,
41060,220,166,386,
41062,212,151,363,
41064,225,153,378,
41065,205,183,388,
41067,196,165,361,
41069,200,175,375,
41070,218,176,394,
41071,182,170,352,
41072,224,161,385,
41073,216,139,355,
41074,221,149,370,
41076,203,177,380,
41077,232,167,399,
41078,10,12,22,
41080,214,183,397,
41081,228,160,388,
41082,210,147,357,
41083,219,173,392,
41084,194,163,357,
41086,205,187,392,
41087,192,168,360,
41089,196,176,372,
41090,221,191,412,
41091,212,173,385,
41093,182,151,333,
41094,234,174,408,
41095,193,167,360,
41096,24,34,58,
41097,204,165,369,
41099,226,147,373,
41100,151,137,288,
41101,206,146,352,
41102,208,165,373,
41103,231,171,402,
41104,196,143,339,
41105,190,159,349,
41109,200,186,386,
41110,223,162,385,
41111,200,164,364,
41112,202,156,358,
41113,219,165,384,
41114,195,167,362,
41115,199,164,363,
41116,44,25,69,
41118,235,182,417,
41120,233,164,397,
41122,183,158,341,
41124,211,178,389,
41125,199,144,343,
41126,200,165,365,
41127,208,151,359,
41128,205,150,355,
41129,46,34,80,
41130,222,167,389,
41131,214,183,397,
41133,180,150,330,
41134,184,151,335,
41136,216,165,381,
41139,232,183,415,
41140,166,190,356,
41141,218,169,387,
41142,219,157,376,
41144,188,154,342,
41149,196,135,331,
41150,191,144,335,
41151,231,164,395,
41153,1,1,2,
41154,231,146,377,
41155,27,17,44,
41156,226,136,362,
41157,216,163,379,
41158,225,151,376,
41159,227,202,429,
41161,198,149,347,
41162,202,147,349,
41163,208,175,383,
41164,244,199,443,
41166,229,154,383,
41167,198,160,358,
41168,221,148,369,
41169,184,184,368,
41170,224,161,385,
41173,203,134,337,
41175,228,180,408,
41176,215,153,368,
41177,217,160,377,
41178,199,174,373,
41179,203,161,364,
41181,225,178,403,
41182,226,160,386,
41183,210,146,356,
41184,195,157,352,
41185,211,165,376,
41186,219,166,385,
41187,211,170,381,
41188,225,158,383,
41189,235,168,403,
41190,213,199,412,
41191,204,175,379,
41193,241,167,408,
41195,220,196,416,
41197,192,140,332,
41198,239,165,404,
41199,227,161,388,
41200,220,160,380,
41202,214,167,381,
41203,214,159,373,
41204,204,153,357,
41205,214,161,375,
41206,215,190,405,
41207,222,140,362,
41208,213,173,386,
41209,228,174,402,
41210,235,141,376,
41211,209,161,370,
41212,194,135,329,
41214,236,154,390,
41215,218,167,385,
41216,206,146,352,
41218,216,174,390,
41219,36,26,62,
41221,209,159,368,
41224,224,166,390,
41225,211,174,385,
41227,208,167,375,
41228,183,168,351,
41229,225,195,420,
41231,204,155,359,
41232,177,170,347,
41233,212,154,366,
41235,209,170,379,
41236,195,163,358,
41237,223,168,391,
41238,203,149,352,
41239,222,163,385,
41240,195,171,366,
41241,179,164,343,
41242,214,158,372,
41243,213,200,413,
41244,233,135,368,
41245,3,2,5,
41246,222,153,375,
41247,228,152,380,
41249,250,182,432,
41250,236,162,398,
41251,192,159,351,
41252,216,152,368,
41255,252,152,404,
41256,223,171,394,
41257,188,153,341,
41258,204,180,384,
41259,202,186,388,
41260,206,167,373,
41262,175,149,324,
41263,209,171,380,
41264,44,31,75,
41267,191,201,392,
41268,194,146,340,
41269,231,174,405,
41270,19,14,33,
41271,206,189,395,
41274,200,163,363,
41275,238,153,391,
41276,234,152,386,
41277,213,161,374,
41278,217,142,359,
41279,219,158,377,
41280,212,170,382,
41281,193,151,344,
41282,216,168,384,
41283,42,26,68,
41284,193,150,343,
41285,206,170,376,
41286,221,148,369,
41287,41,23,64,
41288,201,161,362,
41290,216,161,377,
41291,211,172,383,
41293,23,16,39,
41294,216,160,376,
41295,210,187,397,
41296,251,168,419,
41297,213,167,380,
41300,213,142,355,
41303,196,197,393,
41304,21,18,39,
41305,197,153,350,
41306,204,138,342,
41309,220,161,381,
41311,214,175,389,
41312,215,182,397,
41314,208,145,353,
41315,218,175,393,
41316,217,149,366,
41317,212,158,370,
41318,203,166,369,
41320,228,163,391,
41321,201,164,365,
41322,225,178,403,
41324,234,151,385,
41326,184,159,343,
41327,217,171,388,
41328,191,177,368,
41329,199,161,360,
41330,203,172,375,
41331,203,163,366,
41332,217,174,391,
41333,217,152,369,
41334,221,170,391,
41335,201,172,373,
41336,242,161,403,
41337,194,165,359,
41339,225,143,368,
41340,205,168,373,
41341,232,185,417,
41342,200,194,394,
41343,197,187,384,
41345,215,139,354,
41346,242,155,397,
41348,217,149,366,
41352,217,155,372,
41353,169,132,301,
41354,211,166,377,
41355,229,140,369,
41357,241,195,436,
41358,213,167,380,
41359,38,33,71,
41360,217,189,406,
41361,199,165,364,
41362,202,150,352,
41363,219,198,417,
41364,197,165,362,
41365,236,149,385,
41366,191,160,351,
41367,190,122,312,
41368,210,177,387,
41369,201,154,355,
41372,224,177,401,
41375,224,168,392,
41376,203,166,369,
41377,225,185,410,
41378,190,184,374,
41379,197,141,338,
41381,235,178,413,
41384,205,171,376,
41385,188,154,342,
41386,223,170,393,
41388,219,162,381,
41389,218,181,399,
41390,187,151,338,
41391,224,170,394,
41392,196,177,373,
41393,190,180,370,
41397,238,186,424,
41398,206,139,345,
41399,184,198,382,
41400,224,167,391,
41401,222,163,385,
41402,206,163,369,
41403,233,168,401,
41404,220,180,400,
41405,214,149,363,
41406,192,166,358,
41407,217,179,396,
41411,219,183,402,
41413,232,185,417,
41414,211,165,376,
41415,201,160,361,
41416,169,153,322,
41417,244,164,408,
41418,208,160,368,
41420,193,164,357,
41422,226,146,372,
41423,160,125,285,
41424,227,163,390,
41425,231,159,390,
41426,188,170,358,
41427,210,143,353,
41428,227,168,395,
41429,209,150,359,
41430,227,150,377,
41431,182,178,360,
41432,199,148,347,
41433,230,148,378,
41434,231,124,355,
41435,234,163,397,
41436,192,155,347,
41437,201,160,361,
41438,201,160,361,
41439,47,45,92,
41440,216,159,375,
41442,209,174,383,
41443,227,149,376,
41444,245,150,395,
41445,53,28,81,
41446,227,174,401,
41449,238,200,438,
41450,202,148,350,
41453,196,180,376,
41454,226,177,403,
41456,220,151,371,
41457,225,178,403,
41458,251,163,414,
41459,197,171,368,
41460,209,162,371,
41461,227,180,407,
41462,27,23,50,
41463,184,153,337,
41464,183,154,337,
41465,216,165,381,
41466,210,180,390,
41467,208,157,365,
41468,208,155,363,
41469,193,179,372,
41471,218,181,399,
41472,209,164,373,
41473,201,163,364,
41474,191,172,363,
41475,212,169,381,
41477,201,149,350,
41478,228,168,396,
41479,220,153,373,
41480,34,32,66,
41481,218,184,402,
41482,33,20,53,
41486,186,181,367,
41488,238,163,401,
41489,206,175,381,
41493,192,163,355,
41494,198,160,358,
41495,205,141,346,
41496,197,184,381,
41497,199,164,363,
41498,215,163,378,
41499,196,146,342,
41500,221,164,385,
41501,186,168,354,
41502,225,163,388,
41503,190,169,359,
41504,219,166,385,
41508,225,169,394,
41509,243,156,399,
41510,193,151,344,
41511,208,155,363,
41512,202,149,351,
41513,222,182,404,
41514,221,159,380,
41515,217,159,376,
41516,230,166,396,
41517,229,171,400,
41518,224,170,394,
41520,194,161,355,
41521,210,173,383,
41523,211,159,370,
41524,201,160,361,
41525,195,159,354,
41527,209,165,374,
41528,227,187,414,
41529,231,139,370,
41530,170,154,324,
41531,203,180,383,
41533,240,169,409,
41537,205,173,378,
41539,233,165,398,
41540,182,184,366,
41541,212,165,377,
41543,207,160,367,
41544,207,152,359,
41545,196,193,389,
41546,217,162,379,
41547,187,159,346,
41548,217,186,403,
41549,218,189,407,
41550,221,177,398,
41551,216,168,384,
41552,234,157,391,
41553,209,147,356,
41557,222,174,396,
41559,197,178,375,
41560,167,124,291,
41562,196,194,390,
41563,127,139,266,
41568,209,194,403,
41569,219,159,378,
41572,220,161,381,
41575,188,164,352,
41576,201,190,391,
41577,202,175,377,
41579,233,162,395,
41580,199,166,365,
41581,241,160,401,
41582,198,175,373,
41583,208,146,354,
41584,219,155,374,
41586,191,188,379,
41588,204,164,368,
41591,228,185,413,
41592,24,12,36,
41593,209,170,379,
41595,200,163,363,
41597,208,166,374,
41598,210,144,354,
41599,175,154,329,
41600,227,181,408,
41601,211,181,392,
41602,216,170,386,
41603,205,177,382,
41604,206,177,383,
41605,202,160,362,
41606,216,148,364,
41608,220,176,396,
41609,221,158,379,
41611,203,174,377,
41612,180,160,340,
41613,213,164,377,
41614,216,166,382,
41615,209,161,370,
41616,231,159,390,
41617,197,151,348,
41620,23,28,51,
41621,215,174,389,
41623,221,168,389,
41624,20,9,29,
41625,205,169,374,
41627,227,180,407,
41629,192,153,345,
41630,216,172,388,
41632,224,176,400,
41633,231,185,416,
41635,213,131,344,
41636,185,156,341,
41637,219,180,399,
41638,204,160,364,
41639,215,156,371,
41640,215,173,388,
41642,34,36,70,
41643,199,162,361,
41644,193,151,344,
41646,194,171,365,
41647,211,158,369,
41648,186,180,366,
41649,202,176,378,
41650,235,166,401,
41651,186,131,317,
41652,178,153,331,
41653,2,5,7,
41654,125,99,224,
41655,193,150,343,
41657,251,156,407,
41658,195,192,387,
41660,213,156,369,
41661,219,151,370,
41662,215,170,385,
41663,208,185,393,
41664,191,149,340,
41665,234,157,391,
41666,215,164,379,
41667,206,191,397,
41668,220,156,376,
41670,217,177,394,
41671,201,167,368,
41672,214,167,381,
41673,198,174,372,
41674,203,166,369,
41675,146,105,251,
41676,209,168,377,
41677,178,160,338,
41679,207,165,372,
41680,217,189,406,
41681,231,146,377,
41682,193,175,368,
41683,196,170,366,
41684,204,170,374,
41685,225,157,382,
41686,226,157,383,
41687,30,18,48,
41688,205,147,352,
41690,193,174,367,
41691,211,181,392,
41692,211,154,365,
41693,219,162,381,
41694,204,177,381,
41695,191,161,352,
41698,225,154,379,
41699,199,184,383,
41700,185,152,337,
41701,175,163,338,
41702,207,146,353,
41705,196,163,359,
41706,191,157,348,
41709,218,162,380,
41710,212,179,391,
41712,206,172,378,
41713,246,162,408,
41714,193,141,334,
41716,236,197,433,
41717,195,163,358,
41718,257,143,400,
41719,196,158,354,
41720,195,150,345,
41721,215,159,374,
41722,215,171,386,
41724,208,147,355,
41725,204,153,357,
41726,225,170,395,
41727,217,173,390,
41728,172,122,294,
41732,214,170,384,
41733,206,191,397,
41734,225,182,407,
41735,208,149,357,
41736,220,163,383,
41737,189,160,349,
41738,222,184,406,
41739,219,171,390,
41742,186,156,342,
41743,226,168,394,
41744,208,165,373,
41745,205,155,360,
41746,250,178,428,
41748,192,159,351,
41749,213,144,357,
41750,229,142,371,
41752,209,149,358,
41753,214,165,379,
41755,195,142,337,
41756,249,157,406,
41758,201,155,356,
41759,206,174,380,
41762,210,161,371,
41763,210,158,368,
41764,209,185,394,
41765,229,158,387,
41768,240,167,407,
41770,192,170,362,
41771,174,167,341,
41772,32,12,44,
41773,194,167,361,
41775,202,162,364,
41776,241,175,416,
41779,221,169,390,
41780,211,188,399,
41781,212,150,362,
41782,223,173,396,
41783,216,178,394,
41784,127,97,224,
41785,191,191,382,
41787,212,161,373,
41788,204,171,375,
41789,196,170,366,
41790,207,158,365,
41792,193,141,334,
41793,196,165,361,
41795,238,170,408,
41796,229,180,409,
41797,219,168,387,
41798,233,173,406,
41799,209,184,393,
41801,200,161,361,
41802,207,165,372,
41803,234,180,414,
41805,183,166,349,
41806,245,139,384,
41807,196,190,386,
41808,205,178,383,
41809,194,202,396,
41810,213,146,359,
41812,201,140,341,
41813,182,169,351,
41815,229,177,406,
41817,184,193,377,
41819,210,152,362,
41820,234,169,403,
41821,217,187,404,
41822,218,145,363,
41823,37,21,58,
41824,208,147,355,
41826,212,164,376,
41830,214,173,387,
41833,212,161,373,
41834,196,144,340,
41835,220,171,391,
41837,192,165,357,
41838,52,35,87,
41839,188,165,353,
41840,129,103,232,
41841,191,166,357,
41842,184,119,303,
41843,232,154,386,
41844,193,175,368,
41846,238,188,426,
41847,188,150,338,
41849,208,160,368,
41850,200,173,373,
41851,189,142,331,
41852,205,162,367,
41856,221,165,386,
41857,228,161,389,
41860,200,149,349,
41861,34,29,63,
41862,205,180,385,
41863,193,148,341,
41864,22,15,37,
41866,209,175,384,
41867,37,28,65,
41869,220,173,393,
41871,202,167,369,
41872,212,143,355,
41873,205,180,385,
41874,222,177,399,
41875,39,36,75,
41876,175,140,315,
41877,237,152,389,
41878,150,117,267,
41879,188,163,351,
41880,220,165,385,
41881,187,172,359,
41882,211,173,384,
41883,242,182,424,
41884,212,159,371,
41885,223,153,376,
41886,199,178,377,
41887,163,162,325,
41888,195,167,362,
41889,201,159,360,
41890,195,156,351,
41891,236,135,371,
41892,192,174,366,
41893,189,171,360,
41894,225,171,396,
41895,214,165,379,
41897,179,162,341,
41898,224,145,369,
41899,222,161,383,
41900,226,148,374,
41901,201,193,394,
41903,24,20,44,
41904,207,188,395,
41905,205,177,382,
41906,218,174,392,
41907,203,188,391,
41908,212,168,380,
41911,195,159,354,
41912,219,166,385,
41913,206,163,369,
41914,211,166,377,
41915,49,31,80,
41916,218,162,380,
41917,202,177,379,
41918,215,153,368,
41919,196,154,350,
41920,178,124,302,
41921,199,143,342,
41922,203,158,361,
41923,196,155,351,
41924,218,142,360,
41925,217,173,390,
41926,226,162,388,
41928,208,181,389,
41929,229,171,400,
41930,200,152,352,
41931,225,159,384,
41932,207,179,386,
41933,208,178,386,
41934,217,162,379,
41935,202,176,378,
41937,224,172,396,
41938,203,151,354,
41941,221,157,378,
41942,220,141,361,
41943,202,148,350,
41944,189,171,360,
41946,204,175,379,
41947,230,162,392,
41949,199,136,335,
41950,222,149,371,
41951,209,171,380,
41952,208,150,358,
41953,217,174,391,
41954,231,163,394,
41956,214,175,389,
41957,190,157,347,
41958,208,169,377,
41959,200,187,387,
41960,193,176,369,
41961,192,174,366,
41962,207,170,377,
41963,230,159,389,
41964,200,187,387,
41965,208,167,375,
41967,185,150,335,
41968,218,168,386,
41969,223,174,397,
41970,206,168,374,
41971,186,161,347,
41972,240,154,394,
41973,212,151,363,
41974,194,156,350,
41975,211,160,371,
41976,207,157,364,
41977,215,166,381,
41978,247,179,426,
41979,205,204,409,
41980,187,152,339,
41981,191,156,347,
41982,187,145,332,
41983,192,162,354,
41984,214,172,386,
41986,242,163,405,
41987,227,157,384,
41988,239,169,408,
41989,220,172,392,
41990,231,170,401,
41992,205,163,368,
41993,229,156,385,
41999,223,183,406,
42001,202,167,369,
42002,214,150,364,
42003,221,161,382,
42004,192,164,356,
42005,220,170,390,
42006,223,170,393,
42007,206,172,378,
42008,34,18,52,
42009,194,155,349,
42011,234,175,409,
42012,239,157,396,
42014,45,35,80,
42015,193,166,359,
42016,201,149,350,
42018,194,165,359,
42020,185,144,329,
42021,229,164,393,
42023,192,152,344,
42024,142,131,273,
42026,205,168,373,
42027,210,143,353,
42028,201,160,361,
42029,17,14,31,
42030,235,167,402,
42031,244,153,397,
42032,183,176,359,
42033,190,156,346,
42035,195,159,354,
42036,204,151,355,
42037,212,196,408,
42038,223,164,387,
42039,214,165,379,
42040,189,141,330,
42041,205,137,342,
42042,183,165,348,
42044,205,182,387,
42045,201,166,367,
42047,196,185,381,
42048,211,157,368,
42049,204,165,369,
42050,220,147,367,
42052,235,170,405,
42053,232,168,400,
42054,206,183,389,
42055,224,162,386,
42056,182,155,337,
42057,209,168,377,
42058,215,147,362,
42059,236,158,394,
42060,207,177,384,
42061,16,14,30,
42062,205,163,368,
42064,184,176,360,
42065,27,9,36,
42066,222,158,380,
42068,245,163,408,
42069,210,128,338,
42070,197,149,346,
42071,190,122,312,
42072,188,173,361,
42074,185,152,337,
42076,232,164,396,
42077,225,148,373,
42078,214,190,404,
42079,51,27,78,
42081,168,169,337,
42082,224,185,409,
42083,204,152,356,
42084,224,159,383,
42085,208,150,358,
42088,183,156,339,
42090,218,158,376,
42091,214,179,393,
42092,243,175,418,
42093,223,188,411,
42095,213,160,373,
42096,229,164,393,
42097,197,174,371,
42098,223,145,368,
42099,207,152,359,
42100,217,151,368,
42102,215,183,398,
42103,205,162,367,
42104,201,144,345,
42105,8,24,32,
42106,216,156,372,
42107,208,160,368,
42108,204,140,344,
42109,204,174,378,
42110,200,180,380,
42111,203,154,357,
42112,220,170,390,
42116,221,154,375,
42118,196,165,361,
42120,244,163,407,
42121,204,153,357,
42122,235,144,379,
42123,240,162,402,
42124,208,160,368,
42125,28,25,53,
42127,218,195,413,
42128,172,121,293,
42130,202,150,352,
42131,192,181,373,
42132,209,153,362,
42134,197,184,381,
42135,223,183,406,
42136,187,163,350,
42137,221,172,393,
42138,210,178,388,
42139,207,181,388,
42141,220,151,371,
42142,215,156,371,
42143,218,171,389,
42144,201,172,373,
42145,210,175,385,
42147,221,161,382,
42148,188,181,369,
42151,213,174,387,
42152,203,161,364,
42153,209,154,363,
42155,191,177,368,
42156,205,174,379,
42157,134,135,269,
42159,201,158,359,
42161,215,160,375,
42163,213,153,366,
42165,216,164,380,
42166,192,192,384,
42168,225,167,392,
42169,208,156,364,
42170,187,180,367,
42172,198,175,373,
42173,192,184,376,
42175,208,168,376,
42176,162,177,339,
42177,189,144,333,
42179,38,30,68,
42180,187,167,354,
42181,235,177,412,
42182,208,155,363,
42183,203,169,372,
42184,206,146,352,
42185,206,171,377,
42187,208,148,356,
42189,206,171,377,
42190,203,153,356,
42191,184,165,349,
42192,205,183,388,
42194,201,159,360,
42195,203,191,394,
42196,198,176,374,
42197,223,175,398,
42198,197,168,365,
42199,223,160,383,
42200,222,140,362,
42201,24,39,63,
42202,204,150,354,
42203,223,139,362,
42204,214,164,378,
42207,205,152,357,
42208,214,124,338,
42209,204,169,373,
42210,204,161,365,
42211,221,168,389,
42212,218,197,415,
42213,212,164,376,
42214,223,171,394,
42215,230,143,373,
42217,201,175,376,
42218,194,172,366,
42219,201,170,371,
42220,214,169,383,
42221,212,152,364,
42222,195,167,362,
42223,205,170,375,
42224,239,159,398,
42225,210,189,399,
42226,7,8,15,
42227,209,194,403,
42228,32,25,57,
42229,204,156,360,
42230,199,159,358,
42231,218,172,390,
42234,209,172,381,
42235,186,185,371,
42236,208,193,401,
42238,188,150,338,
42239,210,143,353,
42240,210,156,366,
42242,196,168,364,
42244,191,178,369,
42246,212,163,375,
42247,199,176,375,
42248,197,169,366,
42249,224,171,395,
42250,188,161,349,
42252,189,147,336,
42253,243,148,391,
42255,204,172,376,
42256,180,147,327,
42257,224,165,389,
42258,216,165,381,
42259,201,177,378,
42261,202,176,378,
42263,231,169,400,
42264,223,159,382,
42265,226,178,404,
42266,217,170,387,
42267,203,183,386,
42268,210,183,393,
42269,200,148,348,
42272,194,166,360,
42273,188,183,371,
42275,237,169,406,
42276,243,169,412,
42277,223,166,389,
42278,233,158,391,
42281,198,172,370,
42282,231,157,388,
42283,223,148,371,
42284,213,162,375,
42288,206,158,364,
42289,194,173,367,
42290,225,158,383,
42291,212,148,360,
42293,211,158,369,
42294,33,26,59,
42295,202,152,354,
42296,9,7,16,
42297,231,185,416,
42300,200,176,376,
42301,199,171,370,
42302,205,171,376,
42303,213,169,382,
42304,208,182,390,
42306,212,166,378,
42307,192,150,342,
42308,203,159,362,
42309,217,182,399,
42311,189,144,333,
42312,185,172,357,
42313,217,149,366,
42314,185,126,311,
42315,184,135,319,
42316,199,148,347,
42317,216,147,363,
42318,172,133,305,
42319,215,150,365,
42320,199,171,370,
42321,212,196,408,
42322,203,154,357,
42323,208,148,356,
42326,206,185,391,
42327,25,28,53,
42330,214,168,382,
42331,199,141,340,
42333,7,5,12,
42334,135,142,277,
42336,214,183,397,
42338,241,152,393,
42339,217,164,381,
42341,220,159,379,
42343,168,129,297,
42344,25,11,36,
42348,189,159,348,
42349,224,149,373,
42351,32,27,59,
42352,185,154,339,
42353,237,126,363,
42354,214,157,371,
42355,220,157,377,
42356,216,167,383,
42357,201,178,379,
42358,219,156,375,
42360,225,176,401,
42361,181,167,348,
42362,191,132,323,
42363,176,181,357,
42364,211,170,381,
42367,218,184,402,
42369,187,156,343,
42370,213,178,391,
42372,224,165,389,
42373,253,177,430,
42374,243,156,399,
42375,215,159,374,
42376,203,181,384,
42378,208,180,388,
42380,199,173,372,
42381,23,18,41,
42384,209,176,385,
42385,203,160,363,
42386,218,168,386,
42387,215,170,385,
42388,214,179,393,
42389,208,148,356,
42391,104,78,182,
42392,201,190,391,
42393,218,189,407,
42394,229,158,387,
42396,208,165,373,
42397,193,200,393,
42398,203,162,365,
42399,211,194,405,
42400,207,144,351,
42401,203,137,340,
42402,211,162,373,
42403,191,164,355,
42404,199,133,332,
42405,232,142,374,
42406,30,29,59,
42407,237,178,415,
42408,207,168,375,
42409,239,167,406,
42411,214,166,380,
42412,227,158,385,
42414,212,186,398,
42415,49,44,93,
42416,211,179,390,
42417,230,152,382,
42418,225,162,387,
42421,222,167,389,
42423,213,146,359,
42424,210,150,360,
42425,167,152,319,
42426,218,161,379,
42427,211,171,382,
42428,203,192,395,
42429,187,188,375,
42430,201,176,377,
42432,205,149,354,
42433,222,174,396,
42434,168,185,353,
42435,217,143,360,
42437,33,29,62,
42438,218,182,400,
42439,208,171,379,
42441,228,149,377,
42442,215,131,346,
42443,190,164,354,
42444,211,177,388,
42446,250,165,415,
42447,218,162,380,
42449,232,178,410,
42451,224,149,373,
42452,194,155,349,
42454,240,167,407,
42455,225,165,390,
42457,168,167,335,
42458,214,156,370,
42459,218,182,400,
42460,198,183,381,
42461,206,140,346,
42463,173,163,336,
42464,34,22,56,
42465,199,177,376,
42466,206,161,367,
42467,221,178,399,
42468,37,29,66,
42469,204,147,351,
42470,166,110,276,
42471,220,174,394,
42472,219,155,374,
42473,203,172,375,
42474,181,172,353,
42475,224,163,387,
42476,227,175,402,
42477,230,156,386,
42478,224,159,383,
42479,197,158,355,
42480,198,171,369,
42481,190,173,363,
42482,215,179,394,
42483,152,144,296,
42484,222,165,387,
42485,189,171,360,
42486,217,162,379,
42487,192,172,364,
42488,211,184,395,
42490,194,180,374,
42492,218,153,371,
42493,205,163,368,
42494,221,169,390,
42495,200,198,398,
42496,216,165,381,
42497,204,160,364,
42498,213,186,399,
42500,215,207,422,
42501,184,138,322,
42502,212,198,410,
42505,208,138,346,
42506,216,175,391,
42507,198,169,367,
42508,187,167,354,
42509,198,181,379,
42510,41,26,67,
42511,225,180,405,
42512,214,201,415,
42513,217,177,394,
42514,142,109,251,
42515,244,172,416,
42517,214,174,388,
42518,27,28,55,
42519,188,167,355,
42520,196,160,356,
42522,189,191,380,
42524,195,138,333,
42525,226,150,376,
42526,240,159,399,
42527,224,164,388,
42528,213,172,385,
42529,213,161,374,
42531,204,179,383,
42532,209,180,389,
42533,199,130,329,
42534,242,164,406,
42535,216,189,405,
42536,206,161,367,
42538,34,23,57,
42539,214,163,377,
42540,219,151,370,
42541,217,178,395,
42542,229,163,392,
42543,203,162,365,
42544,219,155,374,
42545,215,165,380,
42546,228,154,382,
42548,217,175,392,
42549,203,185,388,
42550,205,166,371,
42551,217,172,389,
42552,193,181,374,
42555,212,164,376,
42556,236,148,384,
42557,204,159,363,
42559,212,142,354,
42560,183,127,310,
42561,217,157,374,
42563,208,181,389,
42564,187,133,320,
42566,182,153,335,
42567,220,172,392,
42568,222,173,395,
42569,200,144,344,
42570,208,171,379,
42571,213,187,400,
42572,207,178,385,
42575,237,167,404,
42576,20,11,31,
42577,186,166,352,
42578,148,117,265,
42579,210,192,402,
42580,149,135,284,
42581,202,145,347,
42582,214,165,379,
42583,213,174,387,
42584,226,181,407,
42585,191,180,371,
42587,221,179,400,
42589,221,174,395,
42592,199,168,367,
42593,223,166,389,
42595,234,184,418,
42599,238,140,378,
42600,206,176,382,
42601,210,144,354,
42602,181,148,329,
42603,211,172,383,
42605,180,166,346,
42607,202,142,344,
42608,39,32,71,
42609,195,168,363,
42610,231,169,400,
42611,243,169,412,
42612,217,169,386,
42613,215,177,392,
42614,244,176,420,
42615,15,8,23,
42617,208,163,371,
42618,214,163,377,
42619,227,155,382,
42620,192,161,353,
42621,222,173,395,
42622,215,162,377,
42623,225,190,415,
42624,145,131,276,
42625,228,178,406,
42626,202,160,362,
42627,204,147,351,
42628,138,113,251,
42630,190,158,348,
42631,183,124,307,
42632,210,165,375,
42633,215,183,398,
42634,190,152,342,
42635,243,150,393,
42636,194,162,356,
42638,201,179,380,
42639,219,163,382,
42641,193,164,357,
42642,194,163,357,
42643,2,1,3,
42644,172,124,296,
42645,211,175,386,
42646,217,178,395,
42647,206,177,383,
42649,228,162,390,
42650,163,149,312,
42651,212,158,370,
42652,17,14,31,
42653,197,165,362,
42655,219,165,384,
42657,223,149,372,
42658,185,171,356,
42659,240,152,392,
42660,223,162,385,
42663,213,171,384,
42665,213,155,368,
42666,220,162,382,
42668,222,173,395,
42669,226,170,396,
42670,33,27,60,
42671,207,191,398,
42672,221,162,383,
42673,201,164,365,
42674,213,162,375,
42675,174,127,301,
42676,240,156,396,
42677,217,180,397,
42678,142,148,290,
42679,195,159,354,
42680,215,159,374,
42681,216,191,407,
42682,224,172,396,
42683,216,177,393,
42685,21,16,37,
42689,202,139,341,
42690,192,181,373,
42691,220,181,401,
42692,241,181,422,
42696,218,178,396,
42697,197,144,341,
42698,212,153,365,
42699,206,167,373,
42700,214,164,378,
42701,203,183,386,
42702,200,179,379,
42704,211,205,416,
42705,211,158,369,
42707,215,167,382,
42709,195,170,365,
42713,234,168,402,
42714,214,167,381,
42715,205,146,351,
42716,214,165,379,
42717,179,160,339,
42718,203,133,336,
42719,227,174,401,
42720,216,159,375,
42721,218,179,397,
42723,226,170,396,
42724,197,156,353,
42725,221,178,399,
42727,191,164,355,
42728,212,189,401,
42729,234,150,384,
42730,227,161,388,
42731,203,152,355,
42733,206,176,382,
42734,189,136,325,
42735,203,165,368,
42736,218,160,378,
42739,210,170,380,
42740,198,166,364,
42743,215,164,379,
42744,232,169,401,
42745,216,172,388,
42746,186,175,361,
42747,213,156,369,
42748,204,139,343,
42750,232,159,391,
42751,189,157,346,
42752,136,120,256,
42753,214,148,362,
42754,228,185,413,
42755,200,176,376,
42756,228,173,401,
42757,178,154,332,
42761,186,154,340,
42762,222,151,373,
42763,205,181,386,
42765,216,177,393,
42766,211,168,379,
42767,195,143,338,
42768,203,161,364,
42769,231,142,373,
42771,211,176,387,
42772,209,163,372,
42773,232,173,405,
42774,212,161,373,
42775,214,175,389,
42776,243,172,415,
42777,218,171,389,
42778,234,161,395,
42779,212,155,367,
42780,246,174,420,
42781,229,157,386,
42782,254,161,415,
42783,151,109,260,
42784,234,144,378,
42786,186,155,341,
42787,208,170,378,
42788,229,180,409,
42789,208,165,373,
42790,217,167,384,
42791,222,170,392,
42792,174,172,346,
42793,165,165,330,
42794,230,171,401,
42796,180,172,352,
42799,192,183,375,
42800,201,155,356,
42802,219,156,375,
42805,236,151,387,
42807,218,151,369,
42808,221,159,380,
42809,205,177,382,
42810,196,201,397,
42812,223,172,395,
42813,206,205,411,
42814,221,166,387,
42815,210,149,359,
42816,246,159,405,
42817,185,152,337,
42819,214,156,370,
42820,209,154,363,
42823,205,165,370,
42824,218,175,393,
42825,215,169,384,
42826,207,161,368,
42827,37,26,63,
42829,209,158,367,
42830,224,147,371,
42831,194,181,375,
42832,210,154,364,
42833,231,130,361,
42834,204,161,365,
42835,221,174,395,
42836,204,159,363,
42837,196,162,358,
42838,201,162,363,
42840,215,174,389,
42841,215,193,408,
42843,200,161,361,
42844,232,182,414,
42847,200,172,372,
42848,196,146,342,
42851,190,155,345,
42852,206,164,370,
42853,210,153,363,
42854,224,171,395,
42856,221,181,402,
42858,238,159,397,
42861,198,162,360,
42862,214,159,373,
42863,218,163,381,
42864,219,197,416,
42865,225,185,410,
42866,211,157,368,
42867,200,154,354,
42868,193,186,379,
42869,210,171,381,
42871,218,160,378,
42872,241,158,399,
42873,200,171,371,
42875,194,191,385,
42876,193,158,351,
42877,212,151,363,
42878,209,139,348,
42879,211,203,414,
42880,18,5,23,
42881,221,158,379,
42882,185,152,337,
42883,201,161,362,
42885,198,159,357,
42886,197,152,349,
42887,213,160,373,
42888,206,172,378,
42889,230,177,407,
42890,209,147,356,
42891,197,166,363,
42892,231,156,387,
42893,247,174,421,
42894,217,164,381,
42895,227,182,409,
42897,217,184,401,
42898,221,149,370,
42901,226,154,380,
42902,185,136,321,
42903,204,140,344,
42904,236,159,395,
42905,201,153,354,
42908,187,179,366,
42911,217,156,373,
42912,218,166,384,
42913,210,168,378,
42914,207,153,360,
42916,186,139,325,
42917,181,146,327,
42918,201,156,357,
42919,201,168,369,
42920,231,179,410,
42923,193,149,342,
42924,220,172,392,
42925,61,50,111,
42926,191,180,371,
42929,204,178,382,
42931,222,171,393,
42933,225,171,396,
42934,226,167,393,
42935,166,115,281,
42936,26,25,51,
42937,230,141,371,
42940,215,168,383,
42941,210,166,376,
42942,241,156,397,
42944,214,169,383,
42945,214,181,395,
42946,18,12,30,
42947,231,133,364,
42948,213,152,365,
42949,226,198,424,
42950,211,190,401,
42951,213,166,379,
42952,198,155,353,
42953,206,169,375,
42955,216,193,409,
42957,23,16,39,
42958,215,170,385,
42959,204,168,372,
42960,235,157,392,
42962,206,175,381,
42963,192,189,381,
42964,197,138,335,
42965,181,154,335,
42966,222,174,396,
42967,174,109,283,
42969,217,164,381,
42971,210,136,346,
42973,210,162,372,
42974,39,32,71,
42975,197,174,371,
42976,230,153,383,
42977,218,165,383,
42978,216,188,404,
42979,225,186,411,
42981,174,158,332,
42982,217,150,367,
42984,229,162,391,
42985,201,168,369,
42986,204,171,375,
42987,225,167,392,
42988,199,173,372,
42990,230,167,397,
42991,206,174,380,
42993,207,167,374,
42994,220,165,385,
42996,216,160,376,
42997,196,156,352,
42998,183,162,345,
42999,160,129,289,
43000,214,175,389,
43001,195,186,381,
43002,168,169,337,
43006,219,168,387,
43008,219,183,402,
43010,190,164,354,
43011,210,170,380,
43012,206,182,388,
43013,227,153,380,
43015,247,164,411,
43016,216,161,377,
43018,219,160,379,
43021,27,35,62,
43022,223,182,405,
43023,205,164,369,
43024,223,171,394,
43025,229,158,387,
43026,219,173,392,
43027,237,156,393,
43028,154,99,253,
43030,202,164,366,
43032,233,159,392,
43033,189,175,364,
43034,239,175,414,
43035,205,176,381,
43036,228,162,390,
43037,188,163,351,
43038,191,169,360,
43040,224,165,389,
43041,195,175,370,
43042,225,175,400,
43043,217,158,375,
43044,207,155,362,
43045,212,164,376,
43046,210,149,359,
43048,206,160,366,
43049,218,160,378,
43050,209,184,393,
43052,3,3,6,
43053,242,181,423,
43054,10,4,14,
43056,233,181,414,
43057,206,150,356,
43059,203,157,360,
43062,230,174,404,
43063,211,169,380,
43066,207,187,394,
43069,183,182,365,
43070,231,163,394,
43071,196,174,370,
43072,211,176,387,
43074,217,156,373,
43075,217,179,396,
43076,200,158,358,
43077,202,176,378,
43079,199,146,345,
43081,192,127,319,
43082,197,136,333,
43083,221,176,397,
43084,209,176,385,
43085,185,195,380,
43086,204,139,343,
43087,202,170,372,
43088,231,160,391,
43089,208,170,378,
43090,180,156,336,
43091,216,164,380,
43092,194,183,377,
43093,189,177,366,
43094,189,163,352,
43095,234,145,379,
43096,192,154,346,
43097,208,165,373,
43098,231,159,390,
43099,192,180,372,
43101,213,163,376,
43102,192,160,352,
43105,211,164,375,
43106,220,129,349,
43107,202,166,368,
43109,171,170,341,
43110,200,164,364,
43111,210,189,399,
43113,219,158,377,
43114,216,165,381,
43117,207,172,379,
43123,215,156,371,
43124,210,159,369,
43125,156,121,277,
43126,166,148,314,
43127,201,164,365,
43128,203,165,368,
43129,24,29,53,
43130,212,196,408,
43131,225,164,389,
43134,178,167,345,
43135,228,148,376,
43137,217,156,373,
43138,219,190,409,
43139,195,156,351,
43140,196,159,355,
43141,242,152,394,
43143,204,134,338,
43144,196,200,396,
43146,198,149,347,
43147,208,165,373,
43149,206,165,371,
43150,208,166,374,
43151,222,154,376,
43154,190,176,366,
43155,217,169,386,
43156,217,171,388,
43157,203,132,335,
43158,193,180,373,
43159,207,173,380,
43160,171,177,348,
43161,191,131,322,
43163,147,151,298,
43164,199,160,359,
43167,209,130,339,
43168,231,160,391,
43169,206,141,347,
43170,209,147,356,
43172,187,154,341,
43173,32,27,59,
43174,194,142,336,
43175,203,157,360,
43176,206,156,362,
43178,211,153,364,
43180,208,170,378,
43181,204,139,343,
43182,223,170,393,
43184,232,146,378,
43185,219,164,383,
43187,210,141,351,
43189,53,51,104,
43191,193,184,377,
43192,227,146,373,
43194,198,169,367,
43197,215,166,381,
43198,179,154,333,
43199,201,163,364,
43202,192,160,352,
43205,220,172,392,
43206,185,161,346,
43207,236,147,383,
43208,205,172,377,
43212,203,157,360,
43214,180,172,352,
43215,202,183,385,
43216,222,176,398,
43217,195,176,371,
43218,206,176,382,
43219,223,167,390,
43221,229,163,392,
43222,214,193,407,
43223,209,195,404,
43225,231,157,388,
43227,204,178,382,
43230,221,160,381,
43231,169,178,347,
43232,200,161,361,
43234,228,167,395,
43235,213,173,386,
43236,227,140,367,
43237,219,123,342,
43240,207,161,368,
43241,229,149,378,
43245,225,173,398,
43247,215,149,364,
43248,209,163,372,
43249,237,186,423,
43250,184,191,375,
43251,210,171,381,
43252,227,166,393,
43253,229,162,391,
43255,223,149,372,
43257,233,184,417,
43258,229,178,407,
43259,227,180,407,
43260,174,166,340,
43261,178,180,358,
43262,246,144,390,
43263,229,159,388,
43265,206,165,371,
43266,228,178,406,
43268,223,143,366,
43270,199,158,357,
43271,201,163,364,
43273,194,163,357,
43274,215,186,401,
43275,233,159,392,
43277,222,167,389,
43278,217,157,374,
43279,212,176,388,
43280,222,161,383,
43281,229,159,388,
43282,196,171,367,
43283,214,160,374,
43284,196,183,379,
43286,231,151,382,
43287,206,168,374,
43289,215,166,381,
43290,198,157,355,
43291,192,178,370,
43295,238,190,428,
43296,224,186,410,
43298,205,178,383,
43299,230,149,379,
43301,209,171,380,
43302,202,182,384,
43304,179,147,326,
43306,219,159,378,
43307,242,150,392,
43308,222,169,391,
43309,202,160,362,
43310,219,172,391,
43311,33,21,54,
43312,209,172,381,
43313,199,152,351,
43314,217,166,383,
43315,18,17,35,
43316,198,211,409,
43317,251,172,423,
43318,220,161,381,
43321,188,184,372,
43322,199,155,354,
43323,176,156,332,
43326,216,182,398,
43327,235,171,406,
43328,39,34,73,
43329,203,175,378,
43330,200,169,369,
43332,200,170,370,
43333,202,174,376,
43336,239,170,409,
43337,204,181,385,
43338,216,174,390,
43341,217,173,390,
43343,209,164,373,
43344,182,170,352,
43345,227,143,370,
43346,212,131,343,
43347,163,142,305,
43348,199,188,387,
43349,188,171,359,
43350,214,152,366,
43352,130,101,231,
43353,206,127,333,
43357,218,164,382,
43358,227,175,402,
43359,214,155,369,
43360,202,189,391,
43361,214,164,378,
43362,191,148,339,
43363,186,141,327,
43367,200,162,362,
43368,229,169,398,
43369,230,150,380,
43370,19,9,28,
43371,193,160,353,
43373,232,168,400,
43374,200,161,361,
43376,106,86,192,
43378,195,155,350,
43379,207,176,383,
43380,187,151,338,
43381,207,160,367,
43382,158,127,285,
43383,204,163,367,
43384,206,143,349,
43385,194,155,349,
43386,209,179,388,
43387,221,165,386,
43389,31,26,57,
43390,244,154,398,
43391,34,24,58,
43392,197,181,378,
43393,244,187,431,
43394,213,163,376,
43395,219,164,383,
43396,220,168,388,
43397,220,154,374,
43399,207,177,384,
43400,214,143,357,
43401,234,164,398,
43402,243,165,408,
43403,193,130,323,
43406,174,151,325,
43407,231,186,417,
43408,16,6,22,
43409,191,148,339,
43410,195,168,363,
43412,221,200,421,
43414,180,157,337,
43415,206,177,383,
43417,202,145,347,
43418,207,148,355,
43420,181,150,331,
43421,211,157,368,
43422,180,174,354,
43424,218,159,377,
43425,256,149,405,
43426,228,177,405,
43427,227,167,394,
43428,207,168,375,
43429,217,174,391,
43430,213,179,392,
43432,209,183,392,
43435,210,153,363,
43436,200,156,356,
43437,214,173,387,
43439,3,1,4,
43442,215,179,394,
43443,179,142,321,
43445,215,173,388,
43446,231,139,370,
43447,213,163,376,
43448,230,167,397,
43449,208,151,359,
43450,206,144,350,
43451,231,157,388,
43452,193,176,369,
43453,204,139,343,
43454,180,162,342,
43456,34,26,60,
43457,171,158,329,
43458,206,159,365,
43459,181,165,346,
43460,222,185,407,
43461,217,156,373,
43462,205,162,367,
43463,15,7,22,
43465,218,158,376,
43466,201,161,362,
43467,148,141,289,
43468,192,183,375,
43469,162,125,287,
43470,209,174,383,
43471,236,169,405,
43472,198,167,365,
43473,203,164,367,
43475,33,17,50,
43476,231,157,388,
43477,244,197,441,
43478,207,133,340,
43479,200,157,357,
43480,209,172,381,
43481,225,160,385,
43482,221,139,360,
43483,208,158,366,
43484,22,18,40,
43485,247,165,412,
43487,208,178,386,
43488,200,159,359,
43489,195,170,365,
43490,12,10,22,
43491,226,155,381,
43493,209,183,392,
43494,242,178,420,
43495,206,170,376,
43497,29,25,54,
43498,202,153,355,
43500,199,135,334,
43501,202,174,376,
43502,241,152,393,
43504,205,147,352,
43506,200,157,357,
43507,182,170,352,
43508,234,151,385,
43511,242,162,404,
43512,211,188,399,
43514,201,166,367,
43515,196,165,361,
43516,217,164,381,
43517,203,159,362,
43518,229,183,412,
43519,208,151,359,
43521,193,163,356,
43523,193,160,353,
43524,199,179,378,
43525,206,157,363,
43526,171,128,299,
43527,219,144,363,
43529,213,168,381,
43531,223,159,382,
43532,222,143,365,
43533,205,162,367,
43534,162,173,335,
43535,248,160,408,
43536,230,193,423,
43537,218,173,391,
43538,194,146,340,
43539,231,178,409,
43540,178,147,325,
43541,231,184,415,
43543,216,152,368,
43544,6,13,19,
43545,11,9,20,
43547,227,134,361,
43550,203,185,388,
43551,219,150,369,
43552,195,180,375,
43553,193,177,370,
43554,223,159,382,
43555,205,166,371,
43556,218,145,363,
43558,34,19,53,
43559,197,179,376,
43560,10,9,19,
43562,220,161,381,
43565,213,183,396,
43567,208,135,343,
43569,222,152,374,
43570,200,159,359,
43571,224,153,377,
43572,210,164,374,
43573,205,163,368,
43575,208,184,392,
43577,197,167,364,
43578,197,164,361,
43579,34,38,72,
43580,198,158,356,
43581,178,154,332,
43582,180,142,322,
43584,208,165,373,
43585,231,168,399,
43587,221,151,372,
43588,42,34,76,
43592,200,165,365,
43593,223,156,379,
43594,250,157,407,
43596,217,143,360,
43597,217,179,396,
43598,189,178,367,
43600,200,145,345,
43603,213,151,364,
43604,207,178,385,
43605,188,166,354,
43607,185,153,338,
43608,31,20,51,
43609,219,171,390,
43611,197,151,348,
43612,203,179,382,
43613,206,157,363,
43616,246,163,409,
43617,195,176,371,
43619,204,175,379,
43621,218,165,383,
43622,213,138,351,
43624,197,158,355,
43625,171,160,331,
43627,208,173,381,
43628,226,186,412,
43629,227,195,422,
43630,210,173,383,
43631,170,139,309,
43632,161,122,283,
43633,219,155,374,
43634,190,159,349,
43635,236,167,403,
43637,185,150,335,
43638,211,151,362,
43639,207,140,347,
43640,192,161,353,
43641,239,167,406,
43642,238,184,422,
43643,216,160,376,
43644,226,167,393,
43645,184,126,310,
43646,205,183,388,
43647,39,31,70,
43648,238,143,381,
43649,216,174,390,
43650,206,167,373,
43651,203,146,349,
43654,204,176,380,
43655,137,102,239,
43656,246,159,405,
43657,248,173,421,
43659,198,148,346,
43660,193,175,368,
43661,204,169,373,
43662,217,168,385,
43663,212,162,374,
43665,205,176,381,
43666,209,149,358,
43667,209,137,346,
43668,219,166,385,
43669,204,170,374,
43671,220,160,380,
43674,195,166,361,
43675,167,147,314,
43677,230,152,382,
43678,214,168,382,
43679,201,155,356,
43681,229,184,413,
43682,205,169,374,
43683,223,156,379,
43684,232,169,401,
43685,193,161,354,
43688,200,135,335,
43689,204,157,361,
43691,221,183,404,
43692,195,174,369,
43693,227,171,398,
43694,191,157,348,
43695,243,151,394,
43696,235,164,399,
43697,249,162,411,
43699,228,185,413,
43701,224,182,406,
43702,208,176,384,
43703,193,154,347,
43704,215,140,355,
43705,204,157,361,
43707,209,140,349,
43709,143,124,267,
43711,235,175,410,
43712,203,169,372,
43713,199,167,366,
43714,195,203,398,
43715,136,98,234,
43716,184,179,363,
43717,181,176,357,
43718,201,169,370,
43719,193,189,382,
43720,247,177,424,
43721,216,167,383,
43722,228,141,369,
43724,210,168,378,
43725,203,171,374,
43726,220,164,384,
43727,221,173,394,
43728,222,153,375,
43729,202,166,368,
43730,214,173,387,
43732,218,161,379,
43733,200,147,347,
43735,229,179,408,
43736,164,144,308,
43737,218,147,365,
43738,184,118,302,
43739,208,156,364,
43740,215,169,384,
43742,208,169,377,
43743,199,149,348,
43745,199,163,362,
43746,221,175,396,
43747,206,173,379,
43749,227,168,395,
43750,182,149,331,
43751,229,149,378,
43752,192,141,333,
43754,223,160,383,
43755,247,181,428,
43756,170,181,351,
43757,226,152,378,
43759,206,177,383,
43761,187,141,328,
43768,199,151,350,
43769,216,169,385,
43770,224,171,395,
43772,226,170,396,
43774,205,175,380,
43775,227,179,406,
43776,31,33,64,
43778,177,153,330,
43779,212,162,374,
43781,9,11,20,
43782,208,171,379,
43783,191,170,361,
43784,193,165,358,
43785,214,144,358,
43786,200,146,346,
43788,186,157,343,
43789,210,187,397,
43790,197,164,361,
43794,194,184,378,
43796,227,164,391,
43797,215,142,357,
43799,212,159,371,
43800,213,146,359,
43802,213,164,377,
43803,29,24,53,
43804,219,157,376,
43807,203,160,363,
43808,216,183,399,
43809,201,175,376,
43811,234,187,421,
43812,237,182,419,
43813,212,158,370,
43814,201,179,380,
43815,181,160,341,
43816,19,16,35,
43817,185,120,305,
43818,211,141,352,
43819,216,158,374,
43820,229,155,384,
43821,29,18,47,
43822,208,145,353,
43825,198,172,370,
43826,206,169,375,
43827,224,173,397,
43828,211,163,374,
43829,211,149,360,
43830,229,170,399,
43831,185,189,374,
43832,218,157,375,
43834,187,183,370,
43836,205,150,355,
43837,218,172,390,
43838,192,162,354,
43840,216,160,376,
43841,180,173,353,
43842,244,158,402,
43843,226,161,387,
43844,16,13,29,
43845,205,144,349,
43846,221,193,414,
43848,212,182,394,
43850,227,154,381,
43853,208,156,364,
43855,148,117,265,
43856,219,171,390,
43857,175,159,334,
43858,221,161,382,
43859,207,168,375,
43860,217,164,381,
43864,208,155,363,
43865,234,189,423,
43866,188,158,346,
43868,189,167,356,
43869,193,171,364,
43870,214,184,398,
43871,173,169,342,
43872,209,167,376,
43874,207,170,377,
43876,180,173,353,
43877,236,159,395,
43878,200,158,358,
43879,105,87,192,
43880,201,169,370,
43881,205,159,364,
43883,225,159,384,
43885,205,164,369,
43886,226,162,388,
43887,199,174,373,
43888,227,151,378,
43889,183,152,335,
43893,203,176,379,
43894,203,147,350,
43896,177,154,331,
43897,203,173,376,
43898,17,12,29,
43899,216,174,390,
43900,185,147,332,
43902,206,151,357,
43903,203,154,357,
43904,218,173,391,
43905,181,159,340,
43906,208,188,396,
43907,209,149,358,
43908,207,158,365,
43909,240,168,408,
43910,200,155,355,
43912,228,145,373,
43913,19,15,34,
43914,191,164,355,
43915,200,156,356,
43917,195,167,362,
43919,26,20,46,
43920,216,155,371,
43921,208,173,381,
43922,225,167,392,
43923,189,175,364,
43924,209,157,366,
43925,199,172,371,
43926,232,163,395,
43927,181,168,349,
43928,215,152,367,
43929,167,135,302,
43930,198,167,365,
43931,213,150,363,
43933,216,164,380,
43935,243,191,434,
43937,189,170,359,
43938,220,164,384,
43939,200,175,375,
43940,204,178,382,
43941,209,169,378,
43942,176,156,332,
43943,217,161,378,
43944,193,152,345,
43945,199,155,354,
43946,202,148,350,
43947,248,168,416,
43948,186,180,366,
43949,195,161,356,
43951,215,166,381,
43953,198,177,375,
43954,219,164,383,
43955,215,187,402,
43957,205,185,390,
43959,41,23,64,
43960,212,145,357,
43961,226,184,410,
43962,195,156,351,
43965,220,185,405,
43966,199,155,354,
43967,224,166,390,
43969,213,125,338,
43970,229,131,360,
43971,203,175,378,
43972,213,163,376,
43973,209,166,375,
43974,203,192,395,
43975,221,146,367,
43976,44,41,85,
43977,225,158,383,
43978,196,160,356,
43979,168,155,323,
43981,203,162,365,
43982,213,152,365,
43984,40,37,77,
43985,224,159,383,
43986,207,175,382,
43987,219,148,367,
43988,225,180,405,
43989,234,171,405,
43990,220,163,383,
43991,217,178,395,
43993,212,162,374,
43994,227,168,395,
43995,209,158,367,
43997,196,164,360,
43998,218,162,380,
43999,229,200,429,
44001,221,159,380,
44005,222,177,399,
44007,6,5,11,
44009,166,171,337,
44010,222,169,391,
44011,203,167,370,
44012,201,157,358,
44014,196,159,355,
44017,203,152,355,
44018,198,140,338,
44020,207,166,373,
44021,227,186,413,
44022,213,153,366,
44023,220,156,376,
44024,234,174,408,
44025,184,141,325,
44026,172,143,315,
44027,247,168,415,
44029,211,169,380,
44031,191,159,350,
44032,199,161,360,
44033,206,147,353,
44035,235,165,400,
44036,214,151,365,
44037,188,174,362,
44039,198,167,365,
44040,199,172,371,
44041,213,153,366,
44043,240,174,414,
44044,220,184,404,
44046,204,180,384,
44049,170,103,273,
44050,194,163,357,
44051,225,186,411,
44052,232,157,389,
44053,227,153,380,
44054,191,147,338,
44055,220,171,391,
44056,188,173,361,
44057,179,154,333,
44060,226,171,397,
44062,201,156,357,
44063,213,143,356,
44064,204,179,383,
44065,234,157,391,
44066,206,158,364,
44068,211,156,367,
44069,215,151,366,
44071,213,154,367,
44072,224,156,380,
44073,213,175,388,
44075,198,153,351,
44076,190,173,363,
44077,175,159,334,
44078,188,168,356,
44080,191,167,358,
44081,154,110,264,
44083,230,156,386,
44084,217,164,381,
44085,209,173,382,
44086,216,169,385,
44087,192,157,349,
44088,204,165,369,
44089,203,177,380,
44090,200,165,365,
44092,210,180,390,
44093,226,179,405,
44094,221,170,391,
44095,206,157,363,
44097,187,159,346,
44098,220,150,370,
44100,194,183,377,
44101,228,134,362,
44106,203,195,398,
44107,213,197,410,
44108,182,144,326,
44110,225,166,391,
44111,228,172,400,
44112,199,162,361,
44113,47,29,76,
44114,210,166,376,
44115,230,168,398,
44116,214,144,358,
44117,200,167,367,
44118,209,198,407,
44120,201,129,330,
44122,177,131,308,
44123,207,142,349,
44124,201,150,351,
44126,214,154,368,
44127,177,173,350,
44128,215,178,393,
44129,222,191,413,
44130,191,156,347,
44131,214,176,390,
44132,204,165,369,
44133,218,167,385,
44134,221,164,385,
44135,232,165,397,
44136,205,149,354,
44137,218,156,374,
44138,230,162,392,
44139,145,96,241,
44140,224,196,420,
44141,249,181,430,
44143,192,170,362,
44144,206,171,377,
44145,185,204,389,
44146,205,175,380,
44147,21,12,33,
44149,223,179,402,
44150,228,149,377,
44151,220,146,366,
44152,213,147,360,
44154,181,141,322,
44156,231,187,418,
44157,151,107,258,
44159,190,152,342,
44160,183,168,351,
44161,219,164,383,
44162,211,160,371,
44163,232,175,407,
44164,207,171,378,
44165,236,175,411,
44168,223,181,404,
44169,215,158,373,
44170,219,168,387,
44171,219,175,394,
44172,14,7,21,
44173,237,173,410,
44174,210,157,367,
44176,204,142,346,
44177,208,173,381,
44178,207,181,388,
44179,217,185,402,
44181,236,144,380,
44183,203,167,370,
44185,216,169,385,
44186,208,188,396,
44187,211,166,377,
44188,233,154,387,
44189,199,161,360,
44190,212,155,367,
44192,203,167,370,
44193,198,146,344,
44194,200,159,359,
44195,187,162,349,
44196,214,167,381,
44197,188,170,358,
44198,210,160,370,
44199,224,163,387,
44200,201,140,341,
44201,228,157,385,
44202,188,132,320,
44203,227,151,378,
44204,192,188,380,
44205,197,154,351,
44206,207,162,369,
44207,206,160,366,
44208,223,187,410,
44210,225,154,379,
44213,223,177,400,
44214,217,142,359,
44215,206,179,385,
44216,214,144,358,
44217,227,126,353,
44219,227,157,384,
44220,229,174,403,
44221,197,179,376,
44222,199,177,376,
44223,234,151,385,
44224,207,166,373,
44225,48,39,87,
44226,223,184,407,
44227,220,173,393,
44228,207,157,364,
44229,227,161,388,
44230,218,163,381,
44232,256,163,419,
44234,184,138,322,
44236,222,164,386,
44237,211,172,383,
44238,182,145,327,
44241,203,153,356,
44242,219,178,397,
44243,222,178,400,
44245,211,152,363,
44246,213,194,407,
44247,186,161,347,
44249,222,170,392,
44250,180,162,342,
44251,205,164,369,
44252,42,22,64,
44254,203,184,387,
44256,201,144,345,
44257,216,156,372,
44258,200,137,337,
44261,227,169,396,
44262,232,195,427,
44263,210,180,390,
44264,198,172,370,
44265,220,203,423,
44266,202,173,375,
44267,207,152,359,
44268,191,181,372,
44269,201,156,357,
44270,175,184,359,
44272,197,157,354,
44274,222,175,397,
44275,214,156,370,
44276,209,145,354,
44277,201,164,365,
44279,195,162,357,
44281,214,156,370,
44283,225,177,402,
44284,196,186,382,
44287,223,148,371,
44289,199,182,381,
44290,221,163,384,
44291,231,174,405,
44292,181,167,348,
44293,207,157,364,
44295,211,171,382,
44296,197,158,355,
44297,5,1,6,
44298,192,171,363,
44301,221,187,408,
44302,196,168,364,
44303,232,159,391,
44304,222,162,384,
44305,208,158,366,
44306,200,157,357,
44308,203,140,343,
44309,216,194,410,
44311,214,187,401,
44312,222,162,384,
44313,194,150,344,
44314,196,160,356,
44316,193,178,371,
44318,191,129,320,
44319,220,164,384,
44320,225,135,360,
44321,221,137,358,
44322,215,179,394,
44323,212,153,365,
44324,195,182,377,
44326,208,165,373,
44329,48,30,78,
44331,223,195,418,
44332,241,165,406,
44333,167,150,317,
44334,218,179,397,
44335,225,175,400,
44336,200,163,363,
44337,219,152,371,
44338,210,185,395,
44340,198,170,368,
44341,214,170,384,
44343,213,169,382,
44344,200,173,373,
44345,213,195,408,
44346,210,178,388,
44347,230,154,384,
44348,184,164,348,
44349,205,172,377,
44351,261,198,459,
44352,211,154,365,
44353,31,17,48,
44355,231,169,400,
44356,213,161,374,
44358,184,115,299,
44359,45,44,89,
44360,216,173,389,
44361,198,184,382,
44362,17,8,25,
44363,207,169,376,
44364,46,26,72,
44365,207,170,377,
44366,208,172,380,
44369,36,23,59,
44370,214,155,369,
44372,216,177,393,
44373,192,154,346,
44374,185,167,352,
44375,193,153,346,
44376,204,149,353,
44377,202,155,357,
44378,217,169,386,
44379,209,179,388,
44380,215,166,381,
44383,222,152,374,
44385,198,169,367,
44386,224,149,373,
44387,204,170,374,
44388,203,175,378,
44389,224,148,372,
44390,221,146,367,
44391,2,1,3,
44392,193,144,337,
44393,187,161,348,
44395,210,157,367,
44397,10,8,18,
44400,184,162,346,
44401,221,171,392,
44402,189,160,349,
44403,192,149,341,
44404,203,170,373,
44405,18,27,45,
44406,191,198,389,
44407,221,179,400,
44408,204,148,352,
44409,198,163,361,
44410,213,154,367,
44411,207,174,381,
44412,199,165,364,
44415,215,165,380,
44416,214,137,351,
44418,183,124,307,
44419,171,117,288,
44420,227,158,385,
44421,210,160,370,
44422,229,164,393,
44423,227,191,418,
44425,215,146,361,
44426,193,146,339,
44427,209,175,384,
44428,45,22,67,
44429,209,146,355,
44430,202,174,376,
44431,225,156,381,
44432,237,167,404,
44433,211,162,373,
44434,187,143,330,
44435,194,151,345,
44436,234,175,409,
44437,212,158,370,
44438,207,155,362,
44439,202,187,389,
44440,188,162,350,
44441,161,150,311,
44442,209,156,365,
44443,231,160,391,
44444,213,164,377,
44445,208,161,369,
44446,201,163,364,
44449,210,175,385,
44450,207,155,362,
44452,227,160,387,
44453,228,171,399,
44454,197,159,356,
44455,32,28,60,
44457,211,180,391,
44458,214,157,371,
44459,218,158,376,
44460,200,158,358,
44461,210,166,376,
44462,210,161,371,
44463,220,150,370,
44464,192,192,384,
44465,217,172,389,
44466,210,147,357,
44467,217,154,371,
44468,218,166,384,
44469,199,157,356,
44470,237,164,401,
44471,229,173,402,
44472,223,149,372,
44473,187,174,361,
44474,12,12,24,
44475,194,171,365,
44476,233,168,401,
44478,208,154,362,
44479,193,155,348,
44480,209,155,364,
44482,208,172,380,
44483,185,178,363,
44485,240,150,390,
44486,184,156,340,
44487,216,172,388,
44488,248,165,413,
44489,239,146,385,
44491,188,181,369,
44495,221,148,369,
44496,221,142,363,
44500,242,156,398,
44502,235,172,407,
44504,208,151,359,
44505,177,159,336,
44506,216,151,367,
44509,188,143,331,
44510,183,176,359,
44512,222,174,396,
44513,216,179,395,
44514,196,167,363,
44515,191,156,347,
44516,243,175,418,
44518,159,129,288,
44519,33,29,62,
44520,221,156,377,
44521,187,129,316,
44522,210,167,377,
44523,198,182,380,
44524,205,199,404,
44525,215,161,376,
44526,192,172,364,
44527,227,184,411,
44528,253,182,435,
44529,239,160,399,
44530,202,165,367,
44531,198,156,354,
44532,210,166,376,
44533,204,147,351,
44534,203,159,362,
44536,193,134,327,
44537,213,186,399,
44538,212,160,372,
44539,130,104,234,
44540,229,173,402,
44541,213,151,364,
44542,232,138,370,
44543,203,137,340,
44545,206,178,384,
44547,237,171,408,
44549,207,164,371,
44551,29,19,48,
44552,222,193,415,
44553,217,184,401,
44554,193,117,310,
44555,221,158,379,
44556,219,168,387,
44557,221,167,388,
44559,209,164,373,
44560,172,157,329,
44563,138,125,263,
44564,26,16,42,
44565,197,187,384,
44566,222,180,402,
44567,211,154,365,
44568,134,101,235,
44570,166,166,332,
44572,228,178,406,
44576,191,159,350,
44577,229,162,391,
44578,192,172,364,
44580,237,170,407,
44581,14,8,22,
44583,212,175,387,
44588,232,148,380,
44589,205,152,357,
44591,213,156,369,
44592,37,30,67,
44593,215,152,367,
44594,211,154,365,
44595,186,171,357,
44596,172,163,335,
44597,223,173,396,
44599,206,166,372,
44600,211,171,382,
44602,201,156,357,
44604,204,195,399,
44605,225,167,392,
44606,210,160,370,
44607,195,173,368,
44608,214,162,376,
44610,19,16,35,
44611,201,162,363,
44612,225,155,380,
44613,211,153,364,
44614,241,151,392,
44615,221,161,382,
44616,210,160,370,
44617,209,176,385,
44618,204,165,369,
44619,8,7,15,
44620,212,162,374,
44621,231,170,401,
44622,230,185,415,
44623,223,155,378,
44624,195,169,364,
44625,24,9,33,
44626,228,177,405,
44627,238,169,407,
44629,226,177,403,
44630,225,157,382,
44631,193,164,357,
44632,212,178,390,
44633,177,153,330,
44635,205,133,338,
44637,223,148,371,
44638,221,158,379,
44640,184,174,358,
44641,219,185,404,
44643,215,158,373,
44644,214,169,383,
44645,203,176,379,
44646,2,1,3,
44647,216,164,380,
44649,207,154,361,
44650,209,173,382,
44651,212,147,359,
44652,207,159,366,
44654,204,174,378,
44656,222,176,398,
44658,224,149,373,
44660,162,121,283,
44661,5,7,12,
44662,222,152,374,
44664,187,181,368,
44666,199,178,377,
44667,168,137,305,
44668,227,139,366,
44669,209,180,389,
44670,204,149,353,
44671,243,174,417,
44672,192,149,341,
44674,197,181,378,
44675,214,139,353,
44676,197,178,375,
44677,204,167,371,
44678,243,147,390,
44679,223,148,371,
44680,219,176,395,
44681,218,163,381,
44682,206,146,352,
44683,204,179,383,
44684,233,134,367,
44685,215,190,405,
44686,196,187,383,
44687,210,152,362,
44688,186,168,354,
44689,193,169,362,
44690,210,150,360,
44691,196,159,355,
44692,190,158,348,
44693,40,36,76,
44694,212,169,381,
44695,216,155,371,
44698,201,145,346,
44699,208,171,379,
44700,204,129,333,
44701,39,24,63,
44702,193,159,352,
44703,214,154,368,
44704,208,166,374,
44706,207,173,380,
44707,200,203,403,
44708,184,144,328,
44709,233,185,418,
44710,221,175,396,
44711,222,160,382,
44712,206,148,354,
44713,15,9,24,
44714,36,29,65,
44715,198,138,336,
44716,171,180,351,
44718,230,169,399,
44719,186,159,345,
44720,213,150,363,
44721,216,168,384,
44723,190,155,345,
44724,230,166,396,
44725,203,155,358,
44726,203,138,341,
44727,188,147,335,
44728,188,189,377,
44729,190,145,335,
44731,190,158,348,
44732,198,155,353,
44733,227,175,402,
44734,186,155,341,
44736,206,186,392,
44738,211,156,367,
44739,209,167,376,
44740,195,153,348,
44742,216,162,378,
44743,196,150,346,
44745,192,147,339,
44746,198,151,349,
44747,16,10,26,
44748,199,157,356,
44749,194,185,379,
44750,212,177,389,
44752,192,155,347,
44753,209,157,366,
44754,7,12,19,
44755,203,171,374,
44756,220,147,367,
44757,210,158,368,
44758,164,147,311,
44759,227,159,386,
44760,212,155,367,
44762,227,159,386,
44763,181,134,315,
44764,220,150,370,
44765,224,114,338,
44766,222,190,412,
44767,50,33,83,
44768,211,160,371,
44769,211,163,374,
44770,160,123,283,
44771,215,156,371,
44772,255,186,441,
44773,210,163,373,
44774,196,141,337,
44775,181,149,330,
44776,190,149,339,
44777,199,178,377,
44778,197,167,364,
44780,208,153,361,
44782,216,145,361,
44783,190,174,364,
44785,200,155,355,
44786,202,164,366,
44787,196,163,359,
44788,195,178,373,
44790,170,134,304,
44791,32,21,53,
44792,216,202,418,
44793,203,154,357,
44794,237,165,402,
44795,195,164,359,
44797,9,3,12,
44800,208,155,363,
44801,215,179,394,
44802,180,148,328,
44803,229,164,393,
44804,203,188,391,
44805,191,172,363,
44807,223,175,398,
44808,218,157,375,
44810,45,32,77,
44812,212,172,384,
44813,201,192,393,
44815,228,182,410,
44816,218,174,392,
44817,195,137,332,
44818,224,156,380,
44819,222,176,398,
44821,230,168,398,
44822,184,180,364,
44824,180,143,323,
44826,234,173,407,
44827,202,161,363,
44828,216,191,407,
44829,215,158,373,
44831,194,162,356,
44833,246,175,421,
44834,210,153,363,
44835,234,179,413,
44836,199,180,379,
44837,217,164,381,
44838,241,169,410,
44839,204,161,365,
44841,211,162,373,
44842,211,184,395,
44843,85,73,158,
44844,195,177,372,
44845,245,162,407,
44846,183,162,345,
44847,187,163,350,
44849,227,165,392,
44850,225,180,405,
44852,200,190,390,
44854,204,157,361,
44855,216,158,374,
44856,208,201,409,
44857,213,160,373,
44858,232,157,389,
44859,203,158,361,
44860,199,170,369,
44863,227,167,394,
44864,198,172,370,
44865,247,175,422,
44866,207,157,364,
44867,194,152,346,
44869,225,167,392,
44871,234,166,400,
44872,174,168,342,
44873,210,162,372,
44876,208,148,356,
44877,210,154,364,
44879,228,164,392,
44881,214,164,378,
44882,222,163,385,
44883,162,169,331,
44884,187,120,307,
44885,222,148,370,
44886,208,147,355,
44888,195,174,369,
44889,216,157,373,
44890,201,165,366,
44892,209,162,371,
44893,267,176,443,
44894,206,164,370,
44895,217,161,378,
44896,199,191,390,
44897,225,172,397,
44898,213,174,387,
44899,212,178,390,
44900,211,159,370,
44901,211,178,389,
44902,11,10,21,
44903,214,154,368,
44904,200,210,410,
44905,180,149,329,
44906,240,153,393,
44908,229,167,396,
44909,222,180,402,
44911,233,161,394,
44912,230,155,385,
44915,210,206,416,
44916,175,177,352,
44917,215,153,368,
44919,226,153,379,
44921,222,160,382,
44922,219,159,378,
44923,230,178,408,
44924,212,161,373,
44926,233,154,387,
44928,32,21,53,
44929,217,169,386,
44930,209,145,354,
44931,199,166,365,
44932,218,166,384,
44934,208,158,366,
44938,187,158,345,
44939,200,162,362,
44940,194,163,357,
44941,218,160,378,
44944,182,183,365,
44947,186,171,357,
44949,210,147,357,
44951,228,146,374,
44952,235,176,411,
44953,189,171,360,
44954,199,146,345,
44955,192,150,342,
44956,215,157,372,
44957,227,179,406,
44958,208,156,364,
44960,208,173,381,
44961,207,175,382,
44963,244,147,391,
44964,233,147,380,
44965,203,164,367,
44966,11,6,17,
44968,200,167,367,
44969,249,175,424,
44972,208,153,361,
44974,178,180,358,
44975,204,158,362,
44976,238,162,400,
44978,215,152,367,
44981,194,164,358,
44983,243,152,395,
44985,212,184,396,
44986,232,144,376,
44987,166,180,346,
44989,199,166,365,
44991,200,139,339,
44992,225,183,408,
44993,211,162,373,
44995,194,160,354,
44999,214,150,364,
45002,206,172,378,
45003,214,139,353,
45004,212,171,383,
45006,204,159,363,
45007,198,173,371,
45008,164,161,325,
45011,218,170,388,
45012,217,161,378,
45013,203,164,367,
45014,225,160,385,
45015,251,144,395,
45016,224,157,381,
45018,195,187,382,
45019,181,167,348,
45020,200,183,383,
45021,212,185,397,
45024,218,170,388,
45025,211,160,371,
45026,206,162,368,
45027,215,166,381,
45028,224,165,389,
45029,206,182,388,
45030,234,173,407,
45033,226,184,410,
45034,224,165,389,
45035,244,155,399,
45037,11,19,30,
45038,172,141,313,
45039,35,29,64,
45040,214,168,382,
45041,169,149,318,
45042,203,173,376,
45043,195,177,372,
45044,208,151,359,
45047,230,174,404,
45048,196,159,355,
45049,194,174,368,
45050,175,148,323,
45051,226,128,354,
45052,230,187,417,
45053,220,176,396,
45054,220,180,400,
45055,215,153,368,
45056,239,168,407,
45057,235,181,416,
45058,234,159,393,
45060,198,182,380,
45061,204,147,351,
45062,210,158,368,
45063,185,165,350,
45065,209,164,373,
45066,219,163,382,
45067,232,180,412,
45068,206,180,386,
45069,197,161,358,
45070,191,161,352,
45071,186,149,335,
45072,220,178,398,
45073,223,169,392,
45076,191,154,345,
45077,193,175,368,
45078,213,153,366,
45079,201,169,370,
45080,195,179,374,
45082,235,140,375,
45084,195,141,336,
45085,195,176,371,
45086,189,169,358,
45088,225,186,411,
45089,200,150,350,
45090,234,175,409,
45091,192,157,349,
45092,197,190,387,
45093,25,9,34,
45094,227,155,382,
45095,237,170,407,
45096,218,159,377,
45097,43,28,71,
45098,198,183,381,
45099,164,154,318,
45101,212,175,387,
45103,189,164,353,
45104,213,177,390,
45105,214,154,368,
45106,172,164,336,
45107,232,148,380,
45108,180,162,342,
45109,205,155,360,
45110,231,152,383,
45111,205,174,379,
45112,164,132,296,
45113,201,181,382,
45114,211,167,378,
45115,200,175,375,
45116,218,188,406,
45117,207,176,383,
45118,209,178,387,
45119,207,177,384,
45120,209,159,368,
45121,230,155,385,
45122,211,165,376,
45123,187,168,355,
45125,217,161,378,
45129,194,141,335,
45130,222,144,366,
45131,222,181,403,
45132,198,142,340,
45133,134,135,269,
45136,233,176,409,
45137,211,195,406,
45138,192,169,361,
45139,168,182,350,
45140,229,175,404,
45141,193,167,360,
45143,227,169,396,
45145,188,160,348,
45146,26,28,54,
45147,208,156,364,
45148,245,161,406,
45150,215,164,379,
45151,228,151,379,
45152,214,183,397,
45154,218,162,380,
45156,234,160,394,
45157,205,142,347,
45158,222,164,386,
45160,190,165,355,
45161,206,182,388,
45162,187,150,337,
45164,215,168,383,
45165,201,148,349,
45167,197,143,340,
45168,194,192,386,
45169,181,167,348,
45171,26,20,46,
45172,185,161,346,
45173,32,21,53,
45174,216,149,365,
45175,134,104,238,
45176,204,158,362,
45177,231,140,371,
45178,210,159,369,
45179,205,154,359,
45180,212,159,371,
45181,153,114,267,
45182,220,179,399,
45183,214,179,393,
45184,4,5,9,
45186,224,153,377,
45187,195,151,346,
45188,217,163,380,
45190,199,147,346,
45191,211,187,398,
45193,201,171,372,
45196,218,153,371,
45197,188,169,357,
45198,35,27,62,
45200,197,152,349,
45202,184,189,373,
45203,206,162,368,
45204,193,178,371,
45205,195,171,366,
45207,222,182,404,
45208,224,166,390,
45209,222,172,394,
45211,166,164,330,
45212,205,155,360,
45213,214,171,385,
45214,216,148,364,
45215,238,158,396,
45217,207,164,371,
45218,199,162,361,
45220,185,180,365,
45221,213,158,371,
45222,196,160,356,
45223,199,157,356,
45224,226,175,401,
45225,155,159,314,
45226,235,184,419,
45227,205,167,372,
45228,206,168,374,
45229,239,156,395,
45230,216,161,377,
45231,190,150,340,
45233,162,129,291,
45234,243,184,427,
45235,233,167,400,
45236,200,160,360,
45237,208,159,367,
45238,24,18,42,
45239,145,123,268,
45240,209,193,402,
45244,197,164,361,
45247,218,168,386,
45250,164,162,326,
45252,219,161,380,
45253,54,32,86,
45254,208,151,359,
45255,182,161,343,
45256,204,168,372,
45257,226,169,395,
45258,193,175,368,
45259,145,112,257,
45260,188,159,347,
45261,234,140,374,
45262,196,159,355,
45263,190,149,339,
45266,215,156,371,
45267,223,158,381,
45268,229,180,409,
45269,223,169,392,
45270,244,192,436,
45271,227,158,385,
45273,48,36,84,
45274,216,168,384,
45275,208,167,375,
45276,205,146,351,
45277,238,163,401,
45278,199,167,366,
45279,208,147,355,
45280,215,175,390,
45281,196,148,344,
45282,202,150,352,
45283,214,181,395,
45284,230,172,402,
45287,226,176,402,
45288,223,178,401,
45289,200,167,367,
45290,210,157,367,
45291,231,176,407,
45292,208,144,352,
45293,235,185,420,
45294,203,164,367,
45296,210,171,381,
45297,220,167,387,
45298,208,161,369,
45299,209,170,379,
45300,205,162,367,
45301,225,153,378,
45302,216,159,375,
45303,226,175,401,
45305,219,172,391,
45307,195,165,360,
45308,208,178,386,
45309,200,161,361,
45310,196,184,380,
45312,182,178,360,
45314,245,159,404,
45315,218,206,424,
45316,205,141,346,
45317,193,175,368,
45318,228,171,399,
45319,224,159,383,
45320,224,149,373,
45321,225,155,380,
45322,22,27,49,
45323,214,175,389,
45326,238,196,434,
45329,214,133,347,
45330,235,173,408,
45332,193,188,381,
45333,179,154,333,
45334,216,174,390,
45335,22,19,41,
45336,193,171,364,
45337,203,114,317,
45339,244,155,399,
45340,196,138,334,
45341,216,180,396,
45344,220,166,386,
45345,224,166,390,
45346,215,175,390,
45347,215,142,357,
45348,203,175,378,
45350,40,30,70,
45352,226,180,406,
45353,205,172,377,
45354,164,116,280,
45355,209,161,370,
45356,194,184,378,
45357,41,34,75,
45358,209,154,363,
45359,221,173,394,
45361,210,151,361,
45363,205,167,372,
45365,33,30,63,
45366,200,180,380,
45369,214,149,363,
45370,197,165,362,
45374,30,24,54,
45376,220,155,375,
45377,170,161,331,
45378,197,161,358,
45379,214,162,376,
45380,204,177,381,
45381,193,162,355,
45382,207,139,346,
45383,173,150,323,
45384,189,177,366,
45385,227,183,410,
45386,202,166,368,
45387,220,166,386,
45388,232,147,379,
45389,198,172,370,
45390,191,168,359,
45392,206,160,366,
45393,210,191,401,
45394,243,164,407,
45395,202,155,357,
45397,211,190,401,
45399,212,190,402,
45402,210,163,373,
45403,42,33,75,
45404,138,92,230,
45405,212,160,372,
45406,217,155,372,
45408,205,153,358,
45409,16,17,33,
45410,201,147,348,
45411,183,204,387,
45412,201,168,369,
45413,211,155,366,
45414,202,149,351,
45415,208,150,358,
45416,209,162,371,
45417,218,165,383,
45418,225,151,376,
45420,192,162,354,
45421,206,161,367,
45422,217,161,378,
45423,216,164,380,
45424,196,129,325,
45425,230,157,387,
45426,205,173,378,
45427,256,147,403,
45429,198,151,349,
45430,215,143,358,
45432,222,155,377,
45434,207,173,380,
45435,197,149,346,
45436,221,177,398,
45437,214,135,349,
45439,203,164,367,
45440,230,160,390,
45441,210,161,371,
45442,232,171,403,
45443,228,171,399,
45447,214,140,354,
45448,215,165,380,
45450,200,170,370,
45451,219,152,371,
45453,211,160,371,
45455,222,189,411,
45456,230,178,408,
45457,200,156,356,
45458,201,173,374,
45459,197,148,345,
45460,211,162,373,
45461,200,167,367,
45462,202,153,355,
45463,196,175,371,
45464,216,164,380,
45465,220,171,391,
45466,200,171,371,
45467,237,170,407,
45468,238,182,420,
45469,197,166,363,
45471,213,191,404,
45472,157,144,301,
45474,184,162,346,
45475,204,155,359,
45476,212,179,391,
45477,231,173,404,
45478,218,179,397,
45479,186,166,352,
45480,183,193,376,
45481,216,163,379,
45484,166,151,317,
45485,210,191,401,
45487,207,157,364,
45488,219,161,380,
45490,181,113,294,
45491,193,156,349,
45492,205,152,357,
45493,215,150,365,
45494,198,155,353,
45496,208,173,381,
45497,194,176,370,
45498,202,166,368,
45499,237,165,402,
45501,212,181,393,
45503,212,167,379,
45508,206,175,381,
45510,220,153,373,
45511,231,164,395,
45512,216,167,383,
45513,231,160,391,
45514,206,183,389,
45515,209,184,393,
45516,30,23,53,
45519,215,164,379,
45522,214,163,377,
45523,202,198,400,
45524,205,180,385,
45526,231,176,407,
45528,200,167,367,
45530,206,173,379,
45531,188,184,372,
45533,197,166,363,
45535,213,177,390,
45536,225,179,404,
45537,197,177,374,
45538,222,188,410,
45539,230,163,393,
45540,188,135,323,
45541,224,184,408,
45542,205,178,383,
45543,190,175,365,
45545,234,188,422,
45546,190,154,344,
45547,194,167,361,
45548,204,179,383,
45550,206,161,367,
45551,185,113,298,
45552,192,175,367,
45553,210,163,373,
45557,189,181,370,
45558,222,198,420,
45559,23,27,50,
45560,38,18,56,
45561,45,27,72,
45564,231,172,403,
45565,238,146,384,
45566,202,130,332,
45569,208,159,367,
45570,219,148,367,
45571,204,174,378,
45572,207,153,360,
45573,210,164,374,
45574,30,26,56,
45575,181,162,343,
45578,201,177,378,
45579,203,167,370,
45581,218,191,409,
45583,141,96,237,
45584,118,109,227,
45585,202,158,360,
45586,193,165,358,
45587,206,133,339,
45590,210,161,371,
45593,212,158,370,
45594,238,157,395,
45595,208,165,373,
45596,189,172,361,
45597,233,127,360,
45598,234,150,384,
45599,192,194,386,
45600,125,92,217,
45601,204,153,357,
45605,213,160,373,
45606,205,186,391,
45607,216,155,371,
45608,202,166,368,
45609,208,174,382,
45611,194,157,351,
45612,193,193,386,
45614,210,148,358,
45615,38,25,63,
45617,243,148,391,
45618,211,170,381,
45620,216,145,361,
45623,237,173,410,
45625,222,143,365,
45626,195,172,367,
45627,203,176,379,
45629,217,169,386,
45630,211,174,385,
45631,239,156,395,
45632,187,156,343,
45633,209,168,377,
45634,210,184,394,
45635,191,177,368,
45636,225,164,389,
45637,201,158,359,
45638,195,160,355,
45639,218,161,379,
45641,220,152,372,
45642,233,131,364,
45643,209,168,377,
45644,11,9,20,
45645,174,168,342,
45646,198,156,354,
45647,244,167,411,
45649,226,164,390,
45650,194,148,342,
45651,211,164,375,
45652,202,169,371,
45653,240,159,399,
45654,193,149,342,
45655,192,156,348,
45656,224,154,378,
45657,190,161,351,
45658,232,160,392,
45659,208,164,372,
45660,182,187,369,
45661,235,169,404,
45662,218,169,387,
45663,220,173,393,
45665,199,171,370,
45666,210,173,383,
45667,224,152,376,
45668,213,170,383,
45669,208,170,378,
45670,204,158,362,
45671,234,162,396,
45672,198,166,364,
45674,230,165,395,
45676,220,189,409,
45677,236,159,395,
45678,172,149,321,
45679,206,168,374,
45680,194,147,341,
45681,213,162,375,
45682,182,167,349,
45683,5,2,7,
45684,18,14,32,
45685,197,166,363,
45686,240,148,388,
45688,205,170,375,
45689,185,176,361,
45690,219,133,352,
45691,181,170,351,
45693,203,146,349,
45695,204,153,357,
45696,204,157,361,
45698,219,177,396,
45699,184,163,347,
45700,37,26,63,
45701,14,11,25,
45702,180,114,294,
45703,36,39,75,
45704,220,175,395,
45705,207,158,365,
45707,183,174,357,
45708,226,157,383,
45709,199,195,394,
45711,153,143,296,
45712,216,182,398,
45715,202,145,347,
45716,197,177,374,
45717,209,166,375,
45718,218,173,391,
45719,199,181,380,
45720,189,167,356,
45721,244,155,399,
45722,212,174,386,
45724,221,152,373,
45725,225,183,408,
45726,175,131,306,
45727,208,153,361,
45728,184,175,359,
45729,209,178,387,
45730,189,175,364,
45732,228,176,404,
45735,217,166,383,
45736,193,174,367,
45737,239,158,397,
45738,215,141,356,
45739,201,180,381,
45740,206,180,386,
45741,221,159,380,
45742,35,39,74,
45743,209,146,355,
45744,217,169,386,
45745,170,157,327,
45746,210,157,367,
45747,212,164,376,
45748,231,178,409,
45749,213,150,363,
45750,189,170,359,
45751,217,158,375,
45752,256,165,421,
45754,183,147,330,
45755,206,153,359,
45756,216,168,384,
45757,217,166,383,
45758,191,160,351,
45760,210,161,371,
45762,201,155,356,
45763,194,176,370,
45764,217,179,396,
45765,235,172,407,
45766,220,167,387,
45767,204,176,380,
45768,220,172,392,
45770,221,163,384,
45771,165,129,294,
45772,40,49,89,
45775,219,158,377,
45777,186,156,342,
45778,28,15,43,
45779,204,144,348,
45780,218,164,382,
45781,242,173,415,
45783,203,160,363,
45784,212,164,376,
45785,228,171,399,
45786,200,172,372,
45787,170,155,325,
45788,187,108,295,
45789,204,141,345,
45790,215,177,392,
45792,220,142,362,
45793,245,170,415,
45795,194,165,359,
45797,172,178,350,
45798,206,172,378,
45799,217,149,366,
45800,207,180,387,
45802,215,175,390,
45803,214,170,384,
45804,31,24,55,
45806,192,165,357,
45807,198,160,358,
45808,201,174,375,
45809,242,145,387,
45810,215,155,370,
45811,174,170,344,
45812,224,177,401,
45813,31,15,46,
45816,211,161,372,
45819,226,172,398,
45820,217,169,386,
45821,207,147,354,
45823,22,16,38,
45825,215,169,384,
45826,223,180,403,
45828,213,184,397,
45829,223,155,378,
45830,218,145,363,
45831,199,153,352,
45832,209,182,391,
45833,228,171,399,
45835,206,185,391,
45836,200,173,373,
45837,21,6,27,
45838,203,171,374,
45839,164,179,343,
45841,206,153,359,
45842,188,161,349,
45844,227,189,416,
45846,206,178,384,
45847,205,171,376,
45848,201,147,348,
45849,37,21,58,
45850,194,166,360,
45851,232,172,404,
45852,216,174,390,
45854,212,170,382,
45855,193,149,342,
45856,206,164,370,
45858,185,166,351,
45859,223,173,396,
45861,200,150,350,
45862,224,172,396,
45863,198,170,368,
45864,227,195,422,
45865,203,161,364,
45866,218,177,395,
45867,215,158,373,
45868,204,145,349,
45869,217,147,364,
45870,199,173,372,
45871,201,176,377,
45872,225,170,395,
45875,229,191,420,
45876,144,107,251,
45877,198,130,328,
45878,206,166,372,
45879,184,115,299,
45880,214,144,358,
45881,203,180,383,
45882,202,138,340,
45883,233,155,388,
45885,206,179,385,
45888,219,170,389,
45890,142,126,268,
45892,204,183,387,
45893,208,169,377,
45894,183,147,330,
45895,155,135,290,
45896,203,166,369,
45897,216,171,387,
45898,232,144,376,
45899,212,185,397,
45900,21,14,35,
45901,224,152,376,
45902,196,150,346,
45904,220,150,370,
45905,202,170,372,
45907,228,161,389,
45908,213,200,413,
45909,228,166,394,
45910,34,25,59,
45911,212,170,382,
45912,208,179,387,
45913,229,153,382,
45915,196,154,350,
45916,232,171,403,
45918,217,174,391,
45919,203,180,383,
45920,207,167,374,
45921,197,163,360,
45923,189,178,367,
45924,196,159,355,
45925,222,165,387,
45927,205,169,374,
45928,209,182,391,
45930,198,174,372,
45932,230,156,386,
45934,205,170,375,
45935,209,152,361,
45936,209,167,376,
45937,198,152,350,
45938,204,194,398,
45940,205,168,373,
45941,189,171,360,
45942,210,153,363,
45944,194,158,352,
45947,187,163,350,
45949,209,170,379,
45950,213,172,385,
45951,195,150,345,
45952,183,170,353,
45953,190,161,351,
45954,225,162,387,
45955,219,179,398,
45956,20,19,39,
45959,217,155,372,
45960,219,156,375,
45962,192,151,343,
45964,216,168,384,
45965,236,162,398,
45966,206,150,356,
45967,217,180,397,
45968,209,161,370,
45969,193,148,341,
45970,201,143,344,
45973,204,172,376,
45974,211,164,375,
45975,193,163,356,
45976,9,2,11,
45977,207,159,366,
45978,212,153,365,
45979,207,158,365,
45980,200,153,353,
45981,186,161,347,
45983,205,180,385,
45984,214,163,377,
45985,204,144,348,
45987,204,153,357,
45989,196,168,364,
45991,139,133,272,
45992,208,181,389,
45993,212,158,370,
45994,223,153,376,
45995,205,155,360,
45996,227,166,393,
45997,190,192,382,
45999,222,168,390,
46001,209,148,357,
46002,196,169,365,
46005,186,170,356,
46006,221,153,374,
46008,194,166,360,
46009,253,160,413,
46010,201,141,342,
46011,195,140,335,
46012,204,176,380,
46014,206,179,385,
46015,195,144,339,
46017,196,159,355,
46019,222,166,388,
46020,196,162,358,
46021,180,131,311,
46022,194,177,371,
46023,196,165,361,
46025,240,175,415,
46026,206,169,375,
46027,218,162,380,
46028,229,176,405,
46030,193,150,343,
46031,223,167,390,
46033,224,143,367,
46034,205,180,385,
46035,205,154,359,
46036,234,158,392,
46037,205,198,403,
46038,229,184,413,
46039,205,173,378,
46040,201,166,367,
46041,192,165,357,
46042,207,139,346,
46043,209,178,387,
46045,243,158,401,
46046,211,151,362,
46047,205,149,354,
46048,214,167,381,
46049,218,167,385,
46050,184,170,354,
46051,215,176,391,
46052,201,134,335,
46053,211,177,388,
46054,213,177,390,
46055,209,144,353,
46056,224,151,375,
46057,221,155,376,
46058,214,174,388,
46059,33,27,60,
46060,205,162,367,
46061,209,174,383,
46062,16,16,32,
46065,217,161,378,
46066,225,178,403,
46067,254,160,414,
46068,217,165,382,
46069,198,156,354,
46070,210,166,376,
46071,186,162,348,
46072,209,173,382,
46073,218,168,386,
46074,200,161,361,
46075,186,134,320,
46077,217,180,397,
46080,219,155,374,
46081,203,172,375,
46083,184,168,352,
46086,209,171,380,
46087,228,165,393,
46089,214,185,399,
46090,205,170,375,
46091,41,28,69,
46093,214,186,400,
46096,228,174,402,
46098,222,161,383,
46099,208,144,352,
46101,185,159,344,
46102,210,195,405,
46103,220,154,374,
46104,201,160,361,
46105,193,152,345,
46107,195,159,354,
46110,233,145,378,
46112,190,171,361,
46113,207,177,384,
46114,215,168,383,
46115,195,164,359,
46116,199,155,354,
46118,218,152,370,
46119,204,164,368,
46120,218,151,369,
46121,193,158,351,
46123,210,163,373,
46124,228,157,385,
46125,223,183,406,
46127,221,158,379,
46128,214,156,370,
46129,240,162,402,
46130,212,173,385,
46131,192,180,372,
46133,218,167,385,
46134,211,186,397,
46135,193,169,362,
46136,238,163,401,
46137,220,159,379,
46138,202,159,361,
46139,222,187,409,
46141,238,189,427,
46142,207,173,380,
46147,204,160,364,
46148,215,174,389,
46149,13,6,19,
46150,194,208,402,
46151,196,149,345,
46152,224,152,376,
46153,195,150,345,
46154,1,4,5,
46155,207,180,387,
46156,229,188,417,
46157,201,141,342,
46158,232,169,401,
46159,226,160,386,
46163,204,163,367,
46164,188,166,354,
46165,215,182,397,
46166,217,166,383,
46167,210,138,348,
46168,222,186,408,
46169,206,171,377,
46170,197,167,364,
46171,239,154,393,
46172,210,180,390,
46173,198,155,353,
46174,240,158,398,
46175,188,133,321,
46177,211,145,356,
46178,214,167,381,
46179,216,169,385,
46180,215,158,373,
46182,207,176,383,
46185,21,18,39,
46186,210,185,395,
46187,188,174,362,
46188,196,179,375,
46189,198,160,358,
46191,207,150,357,
46193,215,147,362,
46196,235,171,406,
46197,211,157,368,
46198,227,174,401,
46199,19,22,41,
46201,182,171,353,
46203,234,172,406,
46204,224,166,390,
46205,229,191,420,
46206,187,146,333,
46207,199,155,354,
46208,226,151,377,
46209,203,157,360,
46210,24,10,34,
46211,213,152,365,
46212,223,183,406,
46213,207,166,373,
46216,207,167,374,
46217,211,168,379,
46218,21,10,31,
46220,199,171,370,
46222,232,155,387,
46223,223,185,408,
46224,204,154,358,
46225,213,170,383,
46226,236,159,395,
46227,247,139,386,
46228,28,24,52,
46229,200,188,388,
46230,199,169,368,
46231,230,147,377,
46232,210,141,351,
46233,245,176,421,
46234,198,166,364,
46235,193,163,356,
46236,219,178,397,
46238,17,25,42,
46239,253,143,396,
46240,225,173,398,
46242,212,129,341,
46243,244,177,421,
46244,212,166,378,
46245,229,153,382,
46246,218,185,403,
46247,210,186,396,
46248,199,160,359,
46249,218,155,373,
46250,230,162,392,
46251,207,176,383,
46252,193,163,356,
46254,224,161,385,
46255,215,181,396,
46257,220,146,366,
46258,219,166,385,
46260,222,171,393,
46261,219,190,409,
46262,223,165,388,
46264,199,174,373,
46266,198,165,363,
46267,222,163,385,
46268,224,179,403,
46269,217,205,422,
46270,230,175,405,
46271,219,151,370,
46272,220,162,382,
46273,185,146,331,
46274,216,166,382,
46275,228,182,410,
46277,37,23,60,
46278,199,167,366,
46279,218,174,392,
46280,207,144,351,
46281,220,184,404,
46282,210,175,385,
46284,197,152,349,
46287,194,164,358,
46288,223,158,381,
46289,214,156,370,
46290,237,161,398,
46291,221,174,395,
46292,227,170,397,
46293,260,152,412,
46294,213,164,377,
46295,220,185,405,
46296,223,188,411,
46297,175,127,302,
46298,214,164,378,
46300,208,154,362,
46302,27,13,40,
46303,206,165,371,
46304,233,171,404,
46305,184,154,338,
46306,214,170,384,
46307,219,165,384,
46309,218,171,389,
46311,208,156,364,
46312,200,160,360,
46316,179,153,332,
46317,204,171,375,
46318,206,167,373,
46319,29,24,53,
46320,185,157,342,
46321,224,176,400,
46323,211,160,371,
46325,36,27,63,
46327,204,149,353,
46329,163,141,304,
46330,234,156,390,
46331,189,159,348,
46332,198,151,349,
46333,217,165,382,
46334,213,180,393,
46335,232,176,408,
46336,21,20,41,
46337,199,162,361,
46340,209,145,354,
46341,200,162,362,
46342,247,152,399,
46343,205,144,349,
46344,226,140,366,
46345,196,166,362,
46346,220,167,387,
46347,199,175,374,
46348,193,177,370,
46349,191,149,340,
46350,234,175,409,
46352,186,184,370,
46353,223,184,407,
46355,242,141,383,
46357,206,167,373,
46358,45,28,73,
46359,227,190,417,
46360,233,164,397,
46361,220,155,375,
46363,186,157,343,
46365,209,170,379,
46366,25,17,42,
46367,221,157,378,
46368,191,190,381,
46369,191,149,340,
46370,250,158,408,
46371,1,2,3,
46372,202,188,390,
46374,212,146,358,
46375,223,171,394,
46376,195,154,349,
46377,215,140,355,
46378,189,147,336,
46379,215,152,367,
46380,176,160,336,
46381,195,165,360,
46382,146,125,271,
46383,195,180,375,
46384,206,154,360,
46386,234,153,387,
46387,222,149,371,
46388,195,174,369,
46389,211,176,387,
46390,199,152,351,
46391,226,186,412,
46392,195,158,353,
46393,203,151,354,
46394,186,169,355,
46395,190,156,346,
46396,194,159,353,
46398,190,155,345,
46400,204,181,385,
46401,177,144,321,
46402,209,167,376,
46403,11,13,24,
46405,196,178,374,
46406,227,183,410,
46407,214,167,381,
46409,193,173,366,
46410,170,181,351,
46411,214,178,392,
46412,222,189,411,
46414,202,158,360,
46415,208,150,358,
46416,214,169,383,
46417,222,163,385,
46423,231,173,404,
46424,222,168,390,
46427,181,153,334,
46429,216,160,376,
46430,204,143,347,
46431,227,181,408,
46434,211,157,368,
46435,245,161,406,
46436,200,163,363,
46439,204,168,372,
46441,211,167,378,
46442,207,154,361,
46443,226,169,395,
46445,214,154,368,
46446,207,146,353,
46447,226,151,377,
46449,191,153,344,
46451,212,187,399,
46452,212,163,375,
46453,228,172,400,
46454,220,168,388,
46456,222,136,358,
46458,173,129,302,
46459,199,162,361,
46460,203,150,353,
46462,182,181,363,
46463,208,158,366,
46464,205,169,374,
46465,214,173,387,
46466,225,161,386,
46467,207,159,366,
46468,190,167,357,
46469,220,174,394,
46470,179,170,349,
46471,87,76,163,
46472,225,169,394,
46473,212,167,379,
46475,204,171,375,
46477,201,142,343,
46478,218,173,391,
46479,234,186,420,
46480,213,140,353,
46481,218,172,390,
46482,211,168,379,
46483,184,144,328,
46484,198,151,349,
46485,185,146,331,
46486,214,181,395,
46487,175,157,332,
46488,192,173,365,
46490,207,193,400,
46491,204,181,385,
46492,228,139,367,
46493,208,185,393,
46494,198,173,371,
46495,155,131,286,
46496,218,171,389,
46497,122,116,238,
46501,204,168,372,
46502,220,185,405,
46503,238,172,410,
46506,193,163,356,
46507,258,169,427,
46508,252,168,420,
46509,188,154,342,
46510,200,158,358,
46511,192,182,374,
46512,208,168,376,
46513,189,166,355,
46515,202,137,339,
46516,217,141,358,
46517,231,165,396,
46520,196,199,395,
46521,224,164,388,
46526,201,165,366,
46527,206,152,358,
46528,33,23,56,
46530,221,145,366,
46532,207,146,353,
46533,205,155,360,
46534,213,192,405,
46535,231,140,371,
46536,33,31,64,
46537,214,188,402,
46538,202,172,374,
46540,203,141,344,
46544,200,141,341,
46545,224,151,375,
46548,220,143,363,
46549,208,147,355,
46550,208,178,386,
46551,209,162,371,
46552,224,157,381,
46553,201,168,369,
46554,227,154,381,
46556,211,144,355,
46557,208,165,373,
46558,218,162,380,
46559,188,177,365,
46560,191,171,362,
46562,220,170,390,
46565,26,21,47,
46566,202,175,377,
46567,224,159,383,
46568,195,151,346,
46569,230,176,406,
46570,218,153,371,
46571,215,176,391,
46572,227,161,388,
46573,226,134,360,
46574,209,177,386,
46575,211,161,372,
46578,227,161,388,
46579,214,170,384,
46580,202,149,351,
46582,203,160,363,
46583,222,169,391,
46584,204,184,388,
46585,199,169,368,
46587,246,144,390,
46588,227,131,358,
46589,219,170,389,
46590,197,178,375,
46591,180,159,339,
46592,208,164,372,
46594,219,173,392,
46595,228,140,368,
46596,229,146,375,
46597,210,160,370,
46598,215,170,385,
46600,206,173,379,
46601,241,164,405,
46604,194,170,364,
46605,175,163,338,
46606,207,148,355,
46607,218,152,370,
46608,209,164,373,
46610,202,171,373,
46611,196,159,355,
46612,215,174,389,
46613,186,172,358,
46614,179,161,340,
46615,199,162,361,
46616,220,204,424,
46617,215,178,393,
46618,207,163,370,
46619,208,168,376,
46620,190,158,348,
46621,178,101,279,
46622,206,170,376,
46624,36,29,65,
46625,213,158,371,
46626,227,148,375,
46627,192,181,373,
46628,220,155,375,
46630,217,170,387,
46631,215,141,356,
46632,212,165,377,
46635,205,183,388,
46636,207,156,363,
46637,211,158,369,
46638,230,175,405,
46639,219,162,381,
46640,216,147,363,
46641,136,98,234,
46644,187,120,307,
46645,203,172,375,
46646,226,169,395,
46647,215,159,374,
46648,205,174,379,
46649,210,175,385,
46651,241,144,385,
46652,209,168,377,
46653,212,163,375,
46658,210,167,377,
46659,225,168,393,
46662,196,169,365,
46663,218,175,393,
46664,202,174,376,
46665,213,164,377,
46667,224,152,376,
46668,213,162,375,
46669,194,170,364,
46670,190,167,357,
46671,195,186,381,
46672,166,138,304,
46675,214,174,388,
46677,197,162,359,
46678,206,152,358,
46679,46,20,66,
46680,33,32,65,
46681,206,158,364,
46682,213,178,391,
46683,207,164,371,
46684,211,141,352,
46685,210,165,375,
46686,209,157,366,
46687,205,158,363,
46690,169,136,305,
46691,244,186,430,
46693,198,170,368,
46696,188,167,355,
46697,224,158,382,
46698,212,154,366,
46699,187,108,295,
46700,32,24,56,
46701,233,154,387,
46702,189,146,335,
46703,231,146,377,
46706,234,162,396,
46709,225,136,361,
46710,216,190,406,
46711,8,5,13,
46713,207,167,374,
46714,223,143,366,
46715,194,204,398,
46716,207,175,382,
46718,207,158,365,
46719,237,149,386,
46720,207,170,377,
46721,207,164,371,
46722,29,22,51,
46723,221,185,406,
46726,185,163,348,
46727,205,148,353,
46728,190,146,336,
46729,212,166,378,
46731,221,179,400,
46732,208,195,403,
46733,210,157,367,
46736,199,174,373,
46737,243,168,411,
46739,201,194,395,
46741,224,164,388,
46742,205,175,380,
46743,211,185,396,
46744,206,179,385,
46745,209,157,366,
46747,215,176,391,
46748,215,186,401,
46749,226,175,401,
46750,229,155,384,
46753,211,163,374,
46754,194,160,354,
46755,226,168,394,
46756,234,161,395,
46758,197,159,356,
46759,29,28,57,
46760,194,177,371,
46761,199,157,356,
46762,201,148,349,
46763,231,183,414,
46765,188,158,346,
46766,60,36,96,
46767,206,199,405,
46768,36,19,55,
46769,189,179,368,
46770,220,138,358,
46771,215,183,398,
46773,27,13,40,
46774,223,180,403,
46776,194,152,346,
46777,225,162,387,
46778,204,178,382,
46782,229,164,393,
46783,222,157,379,
46784,214,166,380,
46785,195,175,370,
46786,205,178,383,
46787,37,33,70,
46788,178,162,340,
46789,210,160,370,
46790,263,152,415,
46792,214,185,399,
46793,193,135,328,
46794,232,179,411,
46795,211,162,373,
46798,219,163,382,
46799,229,173,402,
46800,186,171,357,
46802,221,169,390,
46804,215,169,384,
46805,224,162,386,
46806,201,169,370,
46807,225,193,418,
46809,200,160,360,
46810,197,137,334,
46811,216,159,375,
46812,220,152,372,
46813,213,148,361,
46814,212,155,367,
46816,187,136,323,
46817,213,171,384,
46818,209,191,400,
46820,195,182,377,
46821,213,181,394,
46823,193,184,377,
46824,253,179,432,
46825,225,159,384,
46826,189,133,322,
46828,229,166,395,
46829,211,168,379,
46832,208,145,353,
46834,214,159,373,
46835,188,141,329,
46836,202,156,358,
46837,191,200,391,
46838,194,162,356,
46839,174,168,342,
46840,209,147,356,
46841,205,156,361,
46843,195,161,356,
46845,213,146,359,
46846,218,183,401,
46848,202,158,360,
46850,221,155,376,
46851,202,186,388,
46852,193,155,348,
46853,208,154,362,
46855,147,101,248,
46856,237,156,393,
46857,40,36,76,
46858,180,127,307,
46860,205,157,362,
46861,238,165,403,
46862,189,162,351,
46864,204,167,371,
46866,214,174,388,
46867,213,177,390,
46868,225,154,379,
46870,188,177,365,
46872,191,151,342,
46874,220,175,395,
46875,228,192,420,
46877,232,177,409,
46878,224,177,401,
46879,219,157,376,
46880,198,151,349,
46881,222,158,380,
46883,181,137,318,
46884,224,148,372,
46885,206,178,384,
46886,210,178,388,
46887,234,128,362,
46888,206,163,369,
46889,209,153,362,
46890,132,105,237,
46892,226,158,384,
46893,184,146,330,
46894,211,172,383,
46896,209,170,379,
46897,229,155,384,
46898,201,165,366,
46899,201,168,369,
46901,222,159,381,
46902,218,179,397,
46904,209,157,366,
46906,220,166,386,
46907,214,160,374,
46909,233,156,389,
46911,174,168,342,
46912,223,157,380,
46913,212,185,397,
46914,210,161,371,
46915,219,196,415,
46917,206,180,386,
46920,206,166,372,
46921,215,167,382,
46922,208,159,367,
46923,204,171,375,
46924,204,163,367,
46925,194,167,361,
46927,30,33,63,
46928,189,157,346,
46929,188,185,373,
46931,196,160,356,
46933,224,167,391,
46934,222,141,363,
46936,212,171,383,
46937,193,171,364,
46938,206,147,353,
46939,238,179,417,
46940,194,160,354,
46941,196,162,358,
46942,202,156,358,
46943,209,154,363,
46944,228,151,379,
46945,201,157,358,
46948,200,170,370,
46950,208,149,357,
46951,182,155,337,
46952,218,171,389,
46953,183,161,344,
46954,194,185,379,
46955,204,139,343,
46959,147,117,264,
46960,215,158,373,
46961,218,176,394,
46962,230,161,391,
46963,185,153,338,
46964,211,182,393,
46965,207,152,359,
46966,234,147,381,
46967,212,171,383,
46969,203,137,340,
46970,236,158,394,
46971,202,183,385,
46973,186,159,345,
46975,219,142,361,
46976,206,176,382,
46977,36,35,71,
46979,195,158,353,
46980,212,157,369,
46981,211,152,363,
46982,235,154,389,
46983,227,167,394,
46984,197,137,334,
46986,224,162,386,
46987,38,40,78,
46988,185,168,353,
46989,219,160,379,
46991,44,28,72,
46992,221,176,397,
46993,196,158,354,
46994,212,186,398,
46995,200,180,380,
46997,216,159,375,
46998,219,168,387,
47000,203,185,388,
47001,220,166,386,
47002,208,158,366,
47003,210,178,388,
47004,40,26,66,
47006,209,161,370,
47008,42,23,65,
47009,214,181,395,
47012,210,166,376,
47013,212,175,387,
47014,202,178,380,
47015,231,150,381,
47016,223,181,404,
47017,217,169,386,
47021,242,155,397,
47022,215,188,403,
47024,201,151,352,
47027,221,158,379,
47029,204,157,361,
47031,226,161,387,
47033,254,160,414,
47035,236,153,389,
47036,214,177,391,
47037,210,155,365,
47038,198,183,381,
47039,242,161,403,
47040,225,162,387,
47041,198,134,332,
47042,232,153,385,
47044,164,161,325,
47045,207,182,389,
47046,203,158,361,
47047,196,139,335,
47049,253,155,408,
47050,223,168,391,
47052,201,179,380,
47053,185,162,347,
47054,195,151,346,
47055,207,145,352,
47056,204,168,372,
47057,240,157,397,
47058,188,160,348,
47060,218,193,411,
47064,228,170,398,
47065,212,160,372,
47067,197,171,368,
47069,231,143,374,
47070,227,166,393,
47071,190,156,346,
47073,223,166,389,
47074,243,164,407,
47075,211,133,344,
47076,230,158,388,
47078,135,100,235,
47079,203,160,363,
47080,201,161,362,
47081,204,166,370,
47082,193,188,381,
47084,194,169,363,
47085,239,166,405,
47086,237,168,405,
47087,203,155,358,
47088,28,20,48,
47089,203,169,372,
47090,199,136,335,
47092,216,169,385,
47094,214,174,388,
47096,215,170,385,
47097,175,135,310,
47098,214,181,395,
47099,245,151,396,
47100,214,170,384,
47101,243,161,404,
47102,209,171,380,
47104,221,153,374,
47105,220,163,383,
47106,226,188,414,
47107,228,162,390,
47110,62,33,95,
47111,193,191,384,
47113,220,169,389,
47114,200,185,385,
47115,212,168,380,
47117,235,172,407,
47118,208,178,386,
47119,233,152,385,
47120,217,156,373,
47121,181,189,370,
47122,214,171,385,
47123,214,141,355,
47124,201,168,369,
47125,222,157,379,
47127,220,162,382,
47128,204,166,370,
47129,213,168,381,
47130,2,2,4,
47132,222,160,382,
47135,197,153,350,
47136,200,171,371,
47137,223,173,396,
47138,212,161,373,
47139,184,150,334,
47140,208,174,382,
47141,31,37,68,
47142,178,163,341,
47143,183,155,338,
47144,220,187,407,
47145,218,170,388,
47146,212,165,377,
47147,214,171,385,
47148,187,172,359,
47149,201,149,350,
47150,206,189,395,
47151,216,146,362,
47152,182,125,307,
47154,218,187,405,
47156,220,174,394,
47157,189,164,353,
47158,222,156,378,
47159,203,159,362,
47161,222,171,393,
47162,228,153,381,
47164,203,173,376,
47165,189,175,364,
47166,189,127,316,
47168,208,189,397,
47170,217,159,376,
47171,24,17,41,
47172,208,175,383,
47173,193,159,352,
47174,199,174,373,
47176,211,149,360,
47177,219,155,374,
47178,222,166,388,
47179,246,167,413,
47180,197,187,384,
47181,203,175,378,
47182,209,154,363,
47184,203,163,366,
47185,211,185,396,
47186,212,144,356,
47187,201,167,368,
47188,207,152,359,
47189,29,20,49,
47190,198,159,357,
47191,223,168,391,
47192,230,164,394,
47193,226,192,418,
47194,213,130,343,
47195,235,152,387,
47196,156,102,258,
47197,259,162,421,
47198,203,153,356,
47199,203,160,363,
47200,203,162,365,
47201,259,153,412,
47202,191,154,345,
47203,218,163,381,
47204,1,2,3,
47205,218,169,387,
47206,204,171,375,
47207,186,172,358,
47208,191,154,345,
47209,210,179,389,
47210,218,158,376,
47212,220,159,379,
47213,173,156,329,
47216,191,176,367,
47217,213,166,379,
47218,195,175,370,
47219,205,136,341,
47220,181,162,343,
47221,206,163,369,
47222,232,194,426,
47224,217,155,372,
47225,199,180,379,
47226,231,174,405,
47227,210,161,371,
47228,253,160,413,
47229,215,152,367,
47230,201,158,359,
47231,211,150,361,
47232,195,149,344,
47234,178,183,361,
47235,220,136,356,
47237,221,160,381,
47238,251,168,419,
47239,213,178,391,
47240,209,182,391,
47241,208,184,392,
47242,30,23,53,
47243,193,150,343,
47245,223,151,374,
47248,197,182,379,
47249,215,140,355,
47250,220,187,407,
47251,207,185,392,
47252,198,169,367,
47254,215,177,392,
47255,193,154,347,
47257,227,157,384,
47258,194,175,369,
47260,223,156,379,
47261,233,177,410,
47262,210,167,377,
47263,205,147,352,
47264,219,163,382,
47265,199,165,364,
47266,20,16,36,
47267,197,181,378,
47269,219,177,396,
47272,208,170,378,
47273,219,146,365,
47274,196,164,360,
47275,170,139,309,
47276,176,145,321,
47278,204,171,375,
47279,215,174,389,
47280,201,191,392,
47281,231,173,404,
47284,216,182,398,
47285,215,179,394,
47288,207,164,371,
47289,200,154,354,
47291,217,170,387,
47292,190,173,363,
47294,222,182,404,
47295,217,154,371,
47296,178,115,293,
47297,207,151,358,
47298,19,12,31,
47300,218,148,366,
47301,215,165,380,
47302,219,168,387,
47303,188,136,324,
47304,218,160,378,
47305,246,155,401,
47308,200,155,355,
47310,217,184,401,
47312,202,163,365,
47313,201,183,384,
47314,215,191,406,
47316,217,170,387,
47317,179,140,319,
47318,193,190,383,
47319,214,175,389,
47321,213,159,372,
47323,221,170,391,
47324,209,162,371,
47325,181,172,353,
47326,212,191,403,
47327,26,20,46,
47329,219,142,361,
47332,211,174,385,
47333,202,170,372,
47334,228,182,410,
47335,216,150,366,
47336,208,165,373,
47337,213,149,362,
47339,198,137,335,
47341,186,186,372,
47342,191,158,349,
47343,216,178,394,
47344,198,169,367,
47345,198,177,375,
47347,203,189,392,
47348,215,183,398,
47349,204,169,373,
47350,195,158,353,
47351,200,190,390,
47352,213,162,375,
47353,199,169,368,
47354,197,172,369,
47355,220,158,378,
47356,238,161,399,
47357,194,163,357,
47358,203,184,387,
47359,178,167,345,
47360,202,144,346,
47361,198,160,358,
47362,214,161,375,
47364,200,173,373,
47365,196,155,351,
47366,202,153,355,
47367,225,157,382,
47368,184,159,343,
47369,207,173,380,
47370,213,163,376,
47371,208,161,369,
47372,44,23,67,
47374,227,162,389,
47375,215,176,391,
47376,223,164,387,
47377,209,170,379,
47381,232,161,393,
47383,179,167,346,
47385,190,126,316,
47386,222,183,405,
47387,196,142,338,
47389,213,196,409,
47391,205,168,373,
47392,38,21,59,
47393,186,158,344,
47394,210,155,365,
47395,195,169,364,
47397,35,32,67,
47398,15,9,24,
47399,223,156,379,
47400,177,174,351,
47403,181,146,327,
47404,241,151,392,
47405,217,154,371,
47406,12,11,23,
47407,168,103,271,
47409,210,159,369,
47410,216,153,369,
47412,197,162,359,
47413,207,149,356,
47414,184,168,352,
47417,221,154,375,
47418,196,174,370,
47419,191,165,356,
47420,192,139,331,
47421,228,165,393,
47422,196,164,360,
47423,197,180,377,
47424,226,133,359,
47426,216,180,396,
47427,233,156,389,
47428,157,120,277,
47429,228,175,403,
47430,246,143,389,
47431,228,142,370,
47432,199,167,366,
47434,124,107,231,
47435,195,147,342,
47438,228,147,375,
47441,205,147,352,
47442,203,171,374,
47443,205,164,369,
47444,212,191,403,
47446,241,165,406,
47448,234,156,390,
47449,205,172,377,
47450,224,159,383,
47451,204,162,366,
47452,210,138,348,
47453,212,158,370,
47454,204,167,371,
47455,215,188,403,
47456,225,165,390,
47458,182,166,348,
47460,226,166,392,
47461,42,26,68,
47464,213,174,387,
47465,184,151,335,
47468,211,167,378,
47469,218,163,381,
47470,207,161,368,
47474,207,199,406,
47475,233,162,395,
47476,10,12,22,
47477,228,149,377,
47478,215,158,373,
47479,204,134,338,
47480,226,177,403,
47482,205,181,386,
47485,203,130,333,
47486,191,157,348,
47488,197,192,389,
47489,214,180,394,
47490,205,166,371,
47491,190,183,373,
47492,196,175,371,
47493,219,169,388,
47494,28,26,54,
47495,195,149,344,
47496,207,169,376,
47497,181,161,342,
47498,228,140,368,
47499,192,184,376,
47500,200,173,373,
47501,237,167,404,
47502,196,161,357,
47503,210,183,393,
47504,190,184,374,
47506,223,177,400,
47507,221,122,343,
47508,23,12,35,
47509,199,174,373,
47510,207,173,380,
47512,221,148,369,
47513,197,165,362,
47515,216,179,395,
47516,174,185,359,
47517,211,188,399,
47518,203,147,350,
47519,10,9,19,
47520,227,161,388,
47521,30,26,56,
47525,21,22,43,
47526,206,182,388,
47527,225,152,377,
47528,188,170,358,
47529,238,154,392,
47530,222,171,393,
47531,215,168,383,
47532,193,166,359,
47535,215,178,393,
47537,197,196,393,
47538,204,150,354,
47539,227,171,398,
47540,162,151,313,
47541,155,115,270,
47544,203,204,407,
47545,194,158,352,
47546,204,140,344,
47547,218,158,376,
47548,229,159,388,
47549,197,145,342,
47551,216,168,384,
47552,196,157,353,
47553,206,185,391,
47555,170,184,354,
47557,205,177,382,
47558,203,169,372,
47560,214,174,388,
47562,200,167,367,
47563,208,179,387,
47564,201,163,364,
47565,183,148,331,
47566,195,180,375,
47568,237,192,429,
47569,202,169,371,
47570,202,161,363,
47571,213,160,373,
47572,226,164,390,
47573,219,136,355,
47575,218,170,388,
47576,207,175,382,
47577,237,174,411,
47578,197,162,359,
47583,216,178,394,
47584,207,179,386,
47585,225,199,424,
47586,201,144,345,
47588,200,170,370,
47589,193,172,365,
47590,206,146,352,
47592,214,166,380,
47593,228,176,404,
47594,226,146,372,
47595,218,162,380,
47596,226,126,352,
47597,228,158,386,
47599,218,176,394,
47600,213,160,373,
47601,198,173,371,
47602,22,20,42,
47604,184,134,318,
47605,235,152,387,
47606,204,164,368,
47608,201,167,368,
47609,206,178,384,
47610,229,164,393,
47612,233,158,391,
47613,177,151,328,
47614,206,141,347,
47615,220,182,402,
47619,219,164,383,
47620,220,174,394,
47621,220,155,375,
47623,198,177,375,
47624,202,153,355,
47625,225,165,390,
47627,241,182,423,
47628,205,181,386,
47629,208,161,369,
47630,210,175,385,
47632,231,158,389,
47633,216,179,395,
47634,183,179,362,
47635,197,184,381,
47636,207,164,371,
47637,196,145,341,
47639,207,176,383,
47640,222,162,384,
47642,205,160,365,
47643,238,151,389,
47645,154,134,288,
47646,162,122,284,
47648,213,165,378,
47650,250,162,412,
47653,210,193,403,
47655,235,193,428,
47657,227,146,373,
47659,218,161,379,
47661,219,155,374,
47662,207,174,381,
47663,230,149,379,
47664,220,160,380,
47665,204,153,357,
47666,188,165,353,
47667,211,155,366,
47669,40,35,75,
47670,204,167,371,
47671,174,173,347,
47672,229,154,383,
47673,215,145,360,
47674,213,150,363,
47676,195,136,331,
47677,209,163,372,
47679,206,174,380,
47680,192,160,352,
47683,206,151,357,
47684,28,26,54,
47685,233,154,387,
47687,198,192,390,
47689,180,137,317,
47690,206,188,394,
47691,202,160,362,
47692,235,152,387,
47693,192,152,344,
47694,215,169,384,
47695,189,157,346,
47696,215,157,372,
47697,210,168,378,
47698,197,179,376,
47699,177,173,350,
47702,221,191,412,
47703,204,177,381,
47704,213,170,383,
47705,200,171,371,
47707,193,188,381,
47708,212,164,376,
47709,16,19,35,
47711,218,153,371,
47713,189,164,353,
47714,203,173,376,
47715,197,150,347,
47716,198,159,357,
47717,230,173,403,
47718,211,164,375,
47719,205,174,379,
47721,225,187,412,
47722,222,166,388,
47723,208,163,371,
47724,209,148,357,
47725,212,172,384,
47726,195,157,352,
47727,231,165,396,
47728,180,140,320,
47729,178,158,336,
47730,217,167,384,
47731,232,182,414,
47733,184,192,376,
47737,22,29,51,
47738,229,170,399,
47739,232,170,402,
47740,206,148,354,
47741,205,171,376,
47742,37,22,59,
47743,210,171,381,
47744,216,174,390,
47745,222,185,407,
47746,201,163,364,
47747,226,169,395,
47749,215,183,398,
47751,189,153,342,
47752,151,159,310,
47753,22,14,36,
47754,67,56,123,
47755,219,158,377,
47757,9,5,14,
47760,189,155,344,
47761,231,174,405,
47763,223,150,373,
47764,214,158,372,
47765,207,172,379,
47766,36,22,58,
47767,206,174,380,
47769,223,143,366,
47770,186,155,341,
47772,179,152,331,
47774,215,151,366,
47775,216,195,411,
47776,237,160,397,
47777,224,160,384,
47778,198,158,356,
47780,182,162,344,
47783,226,164,390,
47784,204,178,382,
47785,211,167,378,
47787,212,137,349,
47788,201,157,358,
47789,204,165,369,
47790,23,27,50,
47792,217,161,378,
47795,211,164,375,
47796,199,157,356,
47797,212,168,380,
47798,203,142,345,
47799,216,154,370,
47801,204,161,365,
47802,211,175,386,
47803,231,157,388,
47804,226,176,402,
47805,210,155,365,
47806,139,127,266,
47807,210,163,373,
47808,206,184,390,
47809,193,162,355,
47810,237,161,398,
47812,214,152,366,
47813,208,167,375,
47817,212,169,381,
47818,203,160,363,
47819,197,147,344,
47821,235,145,380,
47822,188,186,374,
47824,199,158,357,
47825,126,115,241,
47826,214,171,385,
47827,212,165,377,
47828,191,175,366,
47829,176,154,330,
47830,183,176,359,
47831,214,175,389,
47833,212,155,367,
47835,208,186,394,
47836,224,188,412,
47837,230,160,390,
47838,213,160,373,
47839,214,166,380,
47840,228,156,384,
47842,194,173,367,
47843,164,182,346,
47844,241,162,403,
47846,205,162,367,
47847,214,180,394,
47848,189,126,315,
47850,239,185,424,
47851,198,156,354,
47852,227,166,393,
47854,200,162,362,
47855,212,159,371,
47856,206,177,383,
47857,234,178,412,
47860,196,154,350,
47861,207,148,355,
47862,183,156,339,
47863,180,125,305,
47864,206,161,367,
47865,231,159,390,
47866,173,149,322,
47867,208,183,391,
47868,203,184,387,
47871,222,149,371,
47872,210,173,383,
47873,219,156,375,
47875,186,182,368,
47876,221,169,390,
47878,230,174,404,
47880,213,161,374,
47881,187,161,348,
47882,179,182,361,
47883,210,165,375,
47884,228,156,384,
47887,19,13,32,
47888,196,154,350,
47890,194,148,342,
47891,217,153,370,
47892,236,195,431,
47893,219,173,392,
47894,193,180,373,
47895,174,157,331,
47897,182,165,347,
47898,156,113,269,
47900,194,175,369,
47903,225,168,393,
47904,232,159,391,
47905,188,182,370,
47906,205,167,372,
47908,214,187,401,
47910,193,174,367,
47911,224,179,403,
47912,214,166,380,
47914,216,132,348,
47915,209,191,400,
47916,10,8,18,
47917,207,164,371,
47919,184,144,328,
47920,201,169,370,
47922,177,130,307,
47923,198,161,359,
47924,194,190,384,
47925,215,163,378,
47926,199,153,352,
47927,218,159,377,
47928,233,166,399,
47930,200,166,366,
47931,204,158,362,
47932,231,154,385,
47933,189,167,356,
47934,207,156,363,
47935,204,168,372,
47937,184,142,326,
47938,196,163,359,
47940,201,163,364,
47941,208,171,379,
47942,219,195,414,
47943,208,165,373,
47944,194,169,363,
47947,231,188,419,
47949,212,150,362,
47950,205,156,361,
47951,214,167,381,
47952,190,136,326,
47953,214,156,370,
47954,229,173,402,
47955,162,160,322,
47956,227,176,403,
47959,198,169,367,
47960,231,172,403,
47961,252,162,414,
47962,189,166,355,
47963,189,186,375,
47964,190,158,348,
47966,210,177,387,
47967,199,148,347,
47969,197,150,347,
47970,225,170,395,
47971,185,155,340,
47972,216,144,360,
47973,206,164,370,
47974,219,155,374,
47975,216,162,378,
47977,186,137,323,
47979,205,160,365,
47981,192,200,392,
47982,225,167,392,
47983,216,196,412,
47984,221,134,355,
47985,194,189,383,
47986,212,158,370,
47987,206,156,362,
47988,210,151,361,
47989,217,179,396,
47990,214,176,390,
47993,219,193,412,
47994,139,128,267,
47995,213,167,380,
47996,205,152,357,
47997,188,178,366,
47998,241,149,390,
47999,217,176,393,
48000,210,146,356,
48001,220,156,376,
48002,162,183,345,
48003,233,169,402,
48004,214,164,378,
48005,215,150,365,
48006,200,195,395,
48007,201,174,375,
48008,207,151,358,
48009,205,182,387,
48011,214,153,367,
48012,239,164,403,
48013,224,157,381,
48014,179,140,319,
48015,203,170,373,
48016,241,169,410,
48018,231,169,400,
48019,229,172,401,
48020,210,167,377,
48021,206,158,364,
48023,209,187,396,
48024,187,173,360,
48025,168,105,273,
48026,213,167,380,
48027,210,153,363,
48029,234,143,377,
48030,229,159,388,
48031,218,143,361,
48033,226,158,384,
48034,239,162,401,
48035,217,167,384,
48036,223,154,377,
48037,193,143,336,
48038,194,159,353,
48039,212,143,355,
48040,207,152,359,
48041,219,166,385,
48042,202,174,376,
48043,202,146,348,
48044,226,163,389,
48045,261,153,414,
48046,10,4,14,
48047,186,173,359,
48048,201,162,363,
48049,196,148,344,
48051,164,137,301,
48052,204,164,368,
48053,227,145,372,
48054,222,196,418,
48055,205,164,369,
48056,216,161,377,
48059,219,162,381,
48062,183,147,330,
48063,197,170,367,
48064,222,152,374,
48067,191,159,350,
48068,224,155,379,
48071,216,169,385,
48072,220,158,378,
48073,217,163,380,
48075,237,144,381,
48076,183,162,345,
48078,21,12,33,
48079,202,147,349,
48081,199,163,362,
48083,24,16,40,
48084,202,163,365,
48085,201,174,375,
48086,201,161,362,
48087,228,182,410,
48088,202,178,380,
48089,188,184,372,
48091,194,157,351,
48092,206,180,386,
48095,169,150,319,
48097,188,139,327,
48099,224,171,395,
48100,221,158,379,
48101,212,174,386,
48102,186,166,352,
48103,208,138,346,
48104,202,173,375,
48105,209,158,367,
48108,212,160,372,
48109,222,181,403,
48110,209,156,365,
48111,214,183,397,
48112,230,170,400,
48113,218,141,359,
48114,174,170,344,
48115,198,185,383,
48116,231,174,405,
48117,200,142,342,
48118,22,21,43,
48119,30,20,50,
48120,224,169,393,
48121,200,185,385,
48123,241,170,411,
48127,221,166,387,
48128,217,173,390,
48130,202,180,382,
48131,204,141,345,
48132,212,138,350,
48133,243,176,419,
48134,195,162,357,
48135,220,185,405,
48136,217,171,388,
48137,202,134,336,
48138,23,21,44,
48139,189,143,332,
48143,201,168,369,
48144,16,22,38,
48145,218,165,383,
48146,217,172,389,
48147,187,161,348,
48148,205,146,351,
48149,245,184,429,
48150,225,177,402,
48153,188,182,370,
48154,237,166,403,
48155,237,155,392,
48156,21,19,40,
48157,232,183,415,
48159,216,146,362,
48160,197,155,352,
48161,193,151,344,
48163,221,167,388,
48164,234,180,414,
48165,232,148,380,
48166,198,186,384,
48167,176,167,343,
48168,224,166,390,
48169,19,18,37,
48170,33,20,53,
48171,204,158,362,
48172,221,156,377,
48174,223,174,397,
48175,215,180,395,
48176,192,156,348,
48177,214,151,365,
48178,234,156,390,
48182,208,169,377,
48183,204,161,365,
48184,203,169,372,
48185,183,145,328,
48186,197,150,347,
48188,212,161,373,
48190,224,155,379,
48191,209,156,365,
48192,229,167,396,
48193,176,167,343,
48194,47,28,75,
48195,204,179,383,
48196,183,165,348,
48197,210,167,377,
48200,205,159,364,
48202,225,175,400,
48203,205,167,372,
48204,186,157,343,
48205,221,180,401,
48207,179,167,346,
48209,203,165,368,
48211,219,162,381,
48212,207,176,383,
48214,200,184,384,
48215,210,163,373,
48216,207,155,362,
48217,214,163,377,
48218,231,165,396,
48220,206,166,372,
48221,222,157,379,
48222,183,157,340,
48223,198,186,384,
48224,224,178,402,
48225,203,157,360,
48226,200,158,358,
48227,195,167,362,
48230,227,141,368,
48231,204,171,375,
48233,217,154,371,
48234,44,31,75,
48235,193,167,360,
48239,214,180,394,
48241,235,158,393,
48242,200,148,348,
48243,150,142,292,
48245,219,155,374,
48246,220,173,393,
48248,177,172,349,
48249,218,150,368,
48251,216,184,400,
48253,183,167,350,
48254,205,175,380,
48256,202,186,388,
48257,222,173,395,
48258,213,181,394,
48260,173,148,321,
48261,209,173,382,
48262,199,160,359,
48263,192,163,355,
48264,244,163,407,
48265,225,210,435,
48266,243,149,392,
48267,181,181,362,
48269,196,174,370,
48270,188,152,340,
48271,207,175,382,
48273,218,156,374,
48274,194,187,381,
48275,234,156,390,
48276,184,171,355,
48277,198,166,364,
48278,192,156,348,
48279,223,171,394,
48280,206,164,370,
48281,202,156,358,
48283,215,159,374,
48284,200,187,387,
48285,209,154,363,
48286,29,23,52,
48287,215,170,385,
48288,218,167,385,
48290,206,159,365,
48291,214,183,397,
48294,190,169,359,
48295,231,165,396,
48297,209,135,344,
48298,203,172,375,
48299,212,174,386,
48300,192,175,367,
48301,218,162,380,
48303,11,15,26,
48304,37,20,57,
48306,208,195,403,
48307,228,192,420,
48308,198,159,357,
48309,208,177,385,
48311,19,23,42,
48312,214,171,385,
48313,162,169,331,
48315,29,29,58,
48316,219,159,378,
48317,220,192,412,
48318,229,176,405,
48319,192,167,359,
48320,206,171,377,
48321,186,172,358,
48322,208,153,361,
48323,215,170,385,
48324,214,179,393,
48325,204,180,384,
48326,208,153,361,
48327,229,164,393,
48328,199,143,342,
48329,229,196,425,
48330,248,168,416,
48331,229,182,411,
48332,221,159,380,
48333,221,163,384,
48336,214,166,380,
48337,212,189,401,
48338,208,149,357,
48339,222,175,397,
48340,204,169,373,
48341,148,111,259,
48343,203,175,378,
48344,210,179,389,
48345,190,123,313,
48346,196,145,341,
48347,187,151,338,
48348,212,135,347,
48349,209,152,361,
48350,154,124,278,
48352,222,144,366,
48353,11,5,16,
48354,23,18,41,
48355,223,156,379,
48356,221,174,395,
48357,228,156,384,
48358,188,198,386,
48359,211,179,390,
48360,196,155,351,
48362,224,164,388,
48363,203,168,371,
48364,25,22,47,
48365,211,199,410,
48366,235,179,414,
48369,200,151,351,
48370,225,158,383,
48374,107,102,209,
48375,201,183,384,
48376,209,156,365,
48377,197,193,390,
48378,216,164,380,
48379,191,181,372,
48380,6,2,8,
48381,203,179,382,
48382,206,178,384,
48385,206,173,379,
48386,186,151,337,
48387,194,172,366,
48388,199,177,376,
48389,223,151,374,
48390,195,161,356,
48391,221,160,381,
48392,209,180,389,
48393,214,178,392,
48394,229,148,377,
48395,227,197,424,
48396,220,145,365,
48397,205,172,377,
48398,190,170,360,
48400,218,174,392,
48402,186,137,323,
48403,197,181,378,
48404,140,113,253,
48405,202,170,372,
48406,214,164,378,
48408,71,34,105,
48409,194,177,371,
48412,220,157,377,
48413,192,165,357,
48414,219,149,368,
48415,187,190,377,
48416,197,133,330,
48417,209,163,372,
48418,207,187,394,
48419,218,148,366,
48420,216,175,391,
48421,203,182,385,
48422,36,24,60,
48423,210,168,378,
48424,37,29,66,
48427,204,150,354,
48428,208,173,381,
48429,199,182,381,
48430,209,151,360,
48431,177,139,316,
48432,212,166,378,
48433,215,166,381,
48434,194,160,354,
48435,203,176,379,
48438,214,148,362,
48439,198,165,363,
48440,218,177,395,
48442,210,173,383,
48443,223,158,381,
48444,188,174,362,
48445,195,158,353,
48446,212,166,378,
48447,195,176,371,
48448,208,168,376,
48449,218,165,383,
48450,204,154,358,
48451,227,164,391,
48453,171,118,289,
48454,201,162,363,
48455,186,155,341,
48456,201,176,377,
48457,215,155,370,
48458,22,17,39,
48459,199,176,375,
48460,202,169,371,
48461,225,174,399,
48462,199,166,365,
48463,200,147,347,
48464,209,145,354,
48465,212,201,413,
48466,235,178,413,
48468,229,167,396,
48470,215,166,381,
48471,192,175,367,
48472,209,174,383,
48476,210,163,373,
48477,196,183,379,
48478,215,167,382,
48479,210,167,377,
48480,206,146,352,
48481,214,192,406,
48482,187,147,334,
48483,205,165,370,
48484,223,147,370,
48485,220,168,388,
48488,196,152,348,
48491,188,165,353,
48492,181,175,356,
48493,220,186,406,
48494,210,144,354,
48495,208,180,388,
48496,197,170,367,
48497,216,145,361,
48498,213,162,375,
48499,239,168,407,
48500,222,166,388,
48501,234,174,408,
48502,213,168,381,
48504,192,146,338,
48505,179,174,353,
48506,210,161,371,
48507,227,161,388,
48508,218,169,387,
48509,203,158,361,
48510,221,167,388,
48511,166,167,333,
48512,252,150,402,
48513,207,157,364,
48515,225,143,368,
48516,215,141,356,
48517,239,182,421,
48519,187,198,385,
48520,191,160,351,
48521,209,199,408,
48522,207,160,367,
48524,215,167,382,
48525,223,171,394,
48526,217,168,385,
48527,189,182,371,
48528,183,165,348,
48529,183,139,322,
48531,219,167,386,
48532,207,172,379,
48533,216,172,388,
48534,16,15,31,
48535,206,152,358,
48537,223,169,392,
48539,153,112,265,
48543,229,165,394,
48544,228,138,366,
48545,230,171,401,
48546,211,168,379,
48547,198,180,378,
48548,204,163,367,
48549,180,150,330,
48550,229,168,397,
48551,205,154,359,
48553,194,172,366,
48554,206,149,355,
48555,180,169,349,
48556,218,174,392,
48558,210,178,388,
48559,234,180,414,
48560,222,148,370,
48561,222,178,400,
48563,196,148,344,
48565,211,149,360,
48568,219,172,391,
48569,198,166,364,
48570,201,153,354,
48572,215,179,394,
48575,198,186,384,
48576,202,199,401,
48577,221,176,397,
48578,14,22,36,
48580,191,160,351,
48581,216,168,384,
48582,154,174,328,
48585,217,173,390,
48586,16,11,27,
48587,210,164,374,
48588,177,136,313,
48590,203,161,364,
48591,205,178,383,
48592,149,104,253,
48593,210,166,376,
48594,210,149,359,
48595,215,154,369,
48596,237,172,409,
48598,222,174,396,
48599,223,158,381,
48600,213,174,387,
48601,184,143,327,
48602,212,163,375,
48603,216,164,380,
48606,211,167,378,
48607,209,147,356,
48608,19,22,41,
48610,209,151,360,
48612,228,165,393,
48615,201,164,365,
48616,208,158,366,
48617,206,169,375,
48618,208,163,371,
48619,204,151,355,
48620,221,152,373,
48621,226,177,403,
48622,197,193,390,
48623,206,181,387,
48624,52,34,86,
48627,209,157,366,
48628,217,164,381,
48630,203,172,375,
48631,220,150,370,
48633,209,164,373,
48634,207,157,364,
48635,221,164,385,
48637,218,156,374,
48638,184,158,342,
48639,212,182,394,
48640,205,165,370,
48641,205,188,393,
48642,211,169,380,
48643,187,172,359,
48644,214,162,376,
48645,241,164,405,
48646,209,184,393,
48647,214,149,363,
48648,185,165,350,
48649,174,161,335,
48650,190,177,367,
48651,208,155,363,
48652,205,166,371,
48653,225,173,398,
48654,181,158,339,
48655,182,163,345,
48656,215,162,377,
48657,191,165,356,
48658,218,187,405,
48661,225,163,388,
48662,207,158,365,
48663,198,188,386,
48665,54,38,92,
48666,3,2,5,
48668,199,182,381,
48669,189,170,359,
48670,233,168,401,
48671,230,173,403,
48672,205,165,370,
48673,215,175,390,
48675,8,3,11,
48676,166,146,312,
48677,222,161,383,
48678,220,158,378,
48679,195,163,358,
48680,209,163,372,
48681,199,193,392,
48682,242,153,395,
48683,23,23,46,
48684,232,159,391,
48686,188,170,358,
48687,178,153,331,
48688,201,167,368,
48689,214,168,382,
48690,150,127,277,
48692,199,152,351,
48694,204,191,395,
48695,202,192,394,
48697,165,153,318,
48699,220,159,379,
48702,27,18,45,
48703,207,203,410,
48704,193,187,380,
48705,236,161,397,
48707,210,165,375,
48708,30,22,52,
48712,229,146,375,
48713,229,167,396,
48714,218,158,376,
48715,205,168,373,
48716,194,164,358,
48717,214,177,391,
48718,217,176,393,
48719,201,185,386,
48722,202,159,361,
48724,211,172,383,
48725,174,112,286,
48726,212,164,376,
48727,203,199,402,
48728,212,178,390,
48729,216,163,379,
48730,199,150,349,
48731,19,14,33,
48732,123,105,228,
48733,226,135,361,
48735,243,162,405,
48736,206,170,376,
48737,209,164,373,
48738,193,158,351,
48739,234,167,401,
48740,234,178,412,
48741,236,143,379,
48742,253,182,435,
48743,159,114,273,
48744,41,32,73,
48749,190,184,374,
48750,221,168,389,
48753,210,165,375,
48756,206,167,373,
48757,189,192,381,
48761,219,174,393,
48763,214,165,379,
48764,217,168,385,
48765,199,137,336,
48766,176,176,352,
48767,209,163,372,
48768,232,164,396,
48769,249,177,426,
48771,201,156,357,
48775,228,152,380,
48777,209,158,367,
48779,29,28,57,
48782,227,165,392,
48783,212,148,360,
48785,221,176,397,
48787,214,145,359,
48789,1,1,2,
48790,36,35,71,
48791,197,162,359,
48794,232,164,396,
48795,191,138,329,
48796,214,172,386,
48797,12,22,34,
48798,207,173,380,
48800,197,160,357,
48801,202,170,372,
48804,198,144,342,
48805,245,153,398,
48807,205,167,372,
48809,215,150,365,
48810,185,171,356,
48811,226,175,401,
48813,222,176,398,
48814,226,165,391,
48817,235,169,404,
48818,228,174,402,
48819,187,172,359,
48820,221,173,394,
48821,227,150,377,
48822,205,163,368,
48825,211,141,352,
48826,222,152,374,
48828,197,178,375,
48829,230,167,397,
48830,195,178,373,
48831,218,157,375,
48833,215,144,359,
48834,214,152,366,
48835,204,162,366,
48836,209,160,369,
48837,224,148,372,
48838,196,159,355,
48839,31,16,47,
48845,186,167,353,
48846,195,138,333,
48847,198,141,339,
48848,208,168,376,
48849,12,7,19,
48850,219,169,388,
48851,207,160,367,
48852,225,165,390,
48853,208,168,376,
48854,187,175,362,
48855,135,126,261,
48856,198,163,361,
48857,184,171,355,
48858,191,160,351,
48859,144,116,260,
48860,214,210,424,
48862,211,159,370,
48865,44,34,78,
48868,196,167,363,
48870,188,163,351,
48871,190,159,349,
48873,225,174,399,
48875,20,15,35,
48876,226,175,401,
48877,221,147,368,
48878,173,114,287,
48880,204,204,408,
48882,210,157,367,
48883,196,182,378,
48886,210,163,373,
48887,199,160,359,
48890,217,149,366,
48894,225,169,394,
48895,225,162,387,
48897,195,144,339,
48898,219,156,375,
48899,219,158,377,
48901,186,152,338,
48902,138,116,254,
48903,210,183,393,
48904,201,131,332,
48905,206,151,357,
48907,201,150,351,
48909,222,164,386,
48911,182,150,332,
48912,198,164,362,
48914,210,190,400,
48915,208,147,355,
48916,197,183,380,
48917,223,155,378,
48919,196,154,350,
48922,224,152,376,
48924,206,170,376,
48926,193,155,348,
48930,253,177,430,
48931,184,145,329,
48933,212,130,342,
48934,26,27,53,
48935,37,27,64,
48939,224,150,374,
48940,195,177,372,
48941,248,173,421,
48942,187,138,325,
48943,212,164,376,
48948,107,104,211,
48949,223,187,410,
48951,189,151,340,
48952,206,155,361,
48953,221,162,383,
48954,203,142,345,
48956,203,156,359,
48957,202,162,364,
48958,179,183,362,
48959,211,166,377,
48960,219,166,385,
48963,234,149,383,
48964,6,6,12,
48965,241,151,392,
48966,196,171,367,
48968,224,167,391,
48971,230,140,370,
48972,224,177,401,
48973,238,153,391,
48974,232,153,385,
48975,194,164,358,
48977,222,178,400,
48978,208,174,382,
48979,224,149,373,
48980,206,158,364,
48981,214,162,376,
48982,197,147,344,
48983,193,154,347,
48984,211,168,379,
48985,217,153,370,
48987,191,175,366,
48989,212,156,368,
48991,215,151,366,
48992,186,208,394,
48995,203,157,360,
48997,210,173,383,
48999,184,137,321,
49000,198,149,347,
49001,214,156,370,
49002,162,125,287,
49003,215,188,403,
49004,13,11,24,
49005,206,195,401,
49006,217,187,404,
49007,237,158,395,
49008,210,148,358,
49009,249,138,387,
49010,218,156,374,
49011,204,164,368,
49013,222,154,376,
49014,223,160,383,
49016,216,150,366,
49017,215,186,401,
49019,192,164,356,
49020,239,164,403,
49021,217,153,370,
49022,193,168,361,
49023,198,160,358,
49024,206,168,374,
49026,203,182,385,
49027,184,145,329,
49028,212,152,364,
49029,218,164,382,
49030,193,188,381,
49031,210,171,381,
49032,207,161,368,
49033,218,163,381,
49034,225,164,389,
49035,208,150,358,
49036,225,159,384,
49037,204,130,334,
49040,195,176,371,
49041,178,131,309,
49042,220,188,408,
49044,203,169,372,
49045,237,146,383,
49046,17,13,30,
49047,193,185,378,
49048,169,128,297,
49049,213,143,356,
49050,198,180,378,
49051,195,179,374,
49053,194,150,344,
49054,206,162,368,
49055,205,179,384,
49057,221,152,373,
49058,189,171,360,
49059,186,167,353,
49061,8,5,13,
49062,215,174,389,
49064,248,168,416,
49066,198,168,366,
49067,221,149,370,
49068,206,172,378,
49069,232,168,400,
49070,33,24,57,
49072,215,164,379,
49073,196,148,344,
49074,210,157,367,
49075,204,161,365,
49076,14,8,22,
49079,225,161,386,
49080,222,169,391,
49081,181,176,357,
49082,203,132,335,
49084,213,161,374,
49085,222,158,380,
49086,199,168,367,
49088,210,149,359,
49089,227,157,384,
49090,206,189,395,
49091,221,161,382,
49095,223,188,411,
49097,214,164,378,
49098,209,164,373,
49099,207,175,382,
49100,253,156,409,
49101,181,161,342,
49103,191,169,360,
49104,31,31,62,
49105,211,162,373,
49107,243,168,411,
49108,203,157,360,
49109,207,146,353,
49110,191,169,360,
49112,228,142,370,
49113,200,165,365,
49114,199,167,366,
49118,190,161,351,
49119,212,186,398,
49121,232,167,399,
49122,221,165,386,
49123,184,170,354,
49124,205,161,366,
49125,217,155,372,
49127,216,145,361,
49128,210,147,357,
49129,206,164,370,
49130,193,174,367,
49131,216,151,367,
49132,197,158,355,
49133,189,172,361,
49134,170,141,311,
49138,136,95,231,
49140,190,183,373,
49141,208,157,365,
49142,197,184,381,
49143,246,162,408,
49144,139,98,237,
49145,205,165,370,
49147,205,177,382,
49149,196,192,388,
49151,207,165,372,
49154,219,151,370,
49155,186,118,304,
49156,207,165,372,
49157,215,170,385,
49158,227,171,398,
49160,27,22,49,
49161,205,151,356,
49162,221,179,400,
49163,224,164,388,
49164,188,171,359,
49165,224,134,358,
49166,201,159,360,
49167,223,161,384,
49168,224,125,349,
49170,32,30,62,
49171,205,163,368,
49172,214,158,372,
49173,205,187,392,
49174,195,154,349,
49177,196,165,361,
49180,228,150,378,
49181,234,180,414,
49182,204,163,367,
49184,219,194,413,
49185,212,160,372,
49186,211,177,388,
49187,218,175,393,
49188,204,146,350,
49189,206,160,366,
49190,225,184,409,
49191,214,168,382,
49192,219,166,385,
49193,216,175,391,
49194,223,169,392,
49196,221,169,390,
49197,211,139,350,
49198,199,135,334,
49199,196,185,381,
49200,213,153,366,
49201,203,166,369,
49202,200,157,357,
49203,224,141,365,
49204,214,154,368,
49205,212,173,385,
49206,144,98,242,
49207,214,157,371,
49208,205,154,359,
49209,18,20,38,
49210,181,152,333,
49212,204,171,375,
49213,234,145,379,
49214,231,156,387,
49216,208,161,369,
49217,226,167,393,
49218,194,159,353,
49219,214,162,376,
49222,207,167,374,
49223,205,163,368,
49224,232,171,403,
49225,202,157,359,
49227,209,178,387,
49228,246,146,392,
49230,228,157,385,
49232,222,152,374,
49235,215,172,387,
49236,203,155,358,
49237,203,128,331,
49238,204,171,375,
49239,25,17,42,
49241,206,176,382,
49242,231,167,398,
49243,196,183,379,
49244,192,177,369,
49245,215,174,389,
49246,213,176,389,
49247,221,177,398,
49248,212,137,349,
49249,200,168,368,
49250,207,152,359,
49251,211,153,364,
49253,31,32,63,
49255,225,154,379,
49256,229,158,387,
49259,219,193,412,
49260,218,180,398,
49261,19,4,23,
49264,175,183,358,
49265,214,170,384,
49266,214,152,366,
49269,203,162,365,
49271,237,170,407,
49272,236,160,396,
49273,201,163,364,
49274,148,126,274,
49275,237,165,402,
49278,208,134,342,
49279,194,156,350,
49280,163,147,310,
49281,215,154,369,
49282,226,168,394,
49283,214,151,365,
49285,221,198,419,
49286,196,180,376,
49287,218,184,402,
49291,210,170,380,
49292,183,170,353,
49294,215,162,377,
49295,236,179,415,
49296,226,167,393,
49297,191,158,349,
49298,212,145,357,
49299,219,155,374,
49300,238,154,392,
49301,220,149,369,
49302,213,173,386,
49303,186,163,349,
49304,228,154,382,
49305,204,153,357,
49307,223,177,400,
49309,177,136,313,
49310,243,172,415,
49311,226,149,375,
49312,199,153,352,
49313,203,150,353,
49314,213,197,410,
49315,240,160,400,
49317,212,176,388,
49319,10,10,20,
49320,215,169,384,
49321,205,153,358,
49322,196,151,347,
49323,217,173,390,
49324,206,157,363,
49325,254,161,415,
49326,215,168,383,
49327,195,161,356,
49328,185,196,381,
49329,213,154,367,
49330,233,147,380,
49331,201,148,349,
49332,225,146,371,
49333,208,158,366,
49334,204,151,355,
49335,204,182,386,
49338,227,162,389,
49339,190,160,350,
49340,211,162,373,
49341,207,164,371,
49342,210,160,370,
49343,158,113,271,
49344,211,153,364,
49345,213,152,365,
49347,220,139,359,
49348,224,155,379,
49349,232,177,409,
49350,203,140,343,
49354,216,160,376,
49356,217,169,386,
49357,228,190,418,
49358,171,170,341,
49360,224,167,391,
49362,204,155,359,
49363,223,139,362,
49365,225,172,397,
49366,207,150,357,
49367,189,169,358,
49368,215,170,385,
49369,190,130,320,
49370,225,166,391,
49371,214,137,351,
49373,209,156,365,
49374,200,148,348,
49375,194,143,337,
49376,196,159,355,
49377,194,162,356,
49378,195,149,344,
49379,160,145,305,
49380,237,162,399,
49381,45,25,70,
49382,185,167,352,
49383,200,160,360,
49384,185,152,337,
49385,183,182,365,
49386,203,162,365,
49387,228,171,399,
49388,174,132,306,
49389,236,171,407,
49390,209,178,387,
49391,215,159,374,
49392,200,177,377,
49393,210,165,375,
49394,202,173,375,
49395,206,165,371,
49397,187,162,349,
49398,210,169,379,
49400,201,169,370,
49401,210,168,378,
49403,185,177,362,
49404,182,178,360,
49406,216,157,373,
49407,222,181,403,
49408,207,175,382,
49409,199,163,362,
49413,213,163,376,
49414,214,131,345,
49416,25,13,38,
49417,212,165,377,
49418,205,144,349,
49419,210,202,412,
49420,214,176,390,
49421,188,133,321,
49422,225,157,382,
49423,23,15,38,
49424,204,200,404,
49425,197,166,363,
49427,216,163,379,
49428,208,173,381,
49429,179,170,349,
49430,224,166,390,
49432,205,172,377,
49433,215,158,373,
49434,178,158,336,
49436,243,155,398,
49437,221,162,383,
49438,180,172,352,
49439,178,164,342,
49440,217,193,410,
49442,207,153,360,
49444,58,27,85,
49445,202,184,386,
49447,32,32,64,
49449,211,150,361,
49451,21,16,37,
49452,218,164,382,
49453,201,141,342,
49454,199,167,366,
49456,206,167,373,
49457,187,167,354,
49458,212,169,381,
49460,218,154,372,
49461,203,169,372,
49462,186,159,345,
49463,127,103,230,
49464,208,149,357,
49465,199,155,354,
49466,208,157,365,
49469,214,173,387,
49470,177,140,317,
49471,174,164,338,
49472,195,197,392,
49473,239,143,382,
49474,199,141,340,
49475,190,148,338,
49477,212,164,376,
49478,189,146,335,
49479,221,176,397,
49480,233,159,392,
49481,183,161,344,
49482,201,174,375,
49483,207,153,360,
49484,46,30,76,
49485,205,147,352,
49487,197,187,384,
49488,213,165,378,
49490,198,174,372,
49491,206,155,361,
49493,207,194,401,
49496,214,170,384,
49497,17,27,44,
49498,241,190,431,
49500,212,153,365,
49502,187,161,348,
49503,242,136,378,
49504,231,137,368,
49506,203,178,381,
49507,206,129,335,
49508,198,166,364,
49510,206,161,367,
49515,225,157,382,
49517,184,173,357,
49519,204,166,370,
49520,208,150,358,
49521,205,158,363,
49522,205,158,363,
49524,201,173,374,
49525,225,180,405,
49528,203,141,344,
49529,185,138,323,
49531,220,153,373,
49532,188,150,338,
49533,246,150,396,
49536,203,197,400,
49537,208,144,352,
49539,180,146,326,
49540,219,180,399,
49543,221,169,390,
49544,231,164,395,
49545,235,132,367,
49546,233,177,410,
49547,230,147,377,
49548,162,181,343,
49549,214,139,353,
49550,200,183,383,
49551,198,164,362,
49552,175,151,326,
49553,196,168,364,
49555,213,169,382,
49556,213,164,377,
49557,188,181,369,
49559,151,130,281,
49561,216,172,388,
49562,231,156,387,
49563,200,192,392,
49564,207,179,386,
49566,197,168,365,
49567,215,176,391,
49568,208,151,359,
49569,198,176,374,
49571,187,169,356,
49572,202,162,364,
49573,214,208,422,
49574,33,32,65,
49575,254,171,425,
49576,206,161,367,
49577,212,145,357,
49579,190,131,321,
49583,220,146,366,
49585,223,180,403,
49586,189,163,352,
49587,196,184,380,
49588,215,152,367,
49589,194,167,361,
49591,4,1,5,
49592,160,166,326,
49593,204,143,347,
49594,207,158,365,
49595,30,27,57,
49596,202,143,345,
49597,15,11,26,
49600,198,167,365,
49602,200,161,361,
49603,208,155,363,
49606,166,129,295,
49607,210,196,406,
49608,224,162,386,
49609,223,147,370,
49610,196,158,354,
49612,220,152,372,
49614,197,160,357,
49615,201,174,375,
49616,210,158,368,
49617,215,205,420,
49618,207,168,375,
49619,198,156,354,
49624,191,163,354,
49625,220,170,390,
49626,199,166,365,
49627,191,171,362,
49629,162,155,317,
49631,141,104,245,
49633,195,162,357,
49634,185,175,360,
49635,225,157,382,
49636,201,165,366,
49637,214,169,383,
49638,204,138,342,
49639,233,169,402,
49640,208,172,380,
49641,222,172,394,
49642,217,153,370,
49643,198,152,350,
49644,204,159,363,
49645,204,151,355,
49646,207,174,381,
49647,195,137,332,
49648,205,142,347,
49649,240,168,408,
49650,213,147,360,
49651,219,170,389,
49653,222,177,399,
49654,4,5,9,
49655,206,145,351,
49656,207,161,368,
49658,229,176,405,
49659,203,181,384,
49660,227,177,404,
49661,175,184,359,
49662,198,158,356,
49663,199,174,373,
49664,227,152,379,
49665,222,163,385,
49666,203,188,391,
49667,199,173,372,
49669,242,149,391,
49670,202,141,343,
49671,191,150,341,
49672,203,186,389,
49674,226,169,395,
49676,176,165,341,
49677,211,173,384,
49680,198,150,348,
49681,218,186,404,
49682,216,173,389,
49683,220,164,384,
49684,225,208,433,
49685,209,182,391,
49686,196,180,376,
49687,197,161,358,
49688,213,163,376,
49689,211,164,375,
49690,211,145,356,
49691,217,161,378,
49692,212,157,369,
49693,227,141,368,
49695,225,156,381,
49696,222,177,399,
49697,213,168,381,
49698,225,157,382,
49699,214,161,375,
49701,196,178,374,
49702,196,180,376,
49703,235,177,412,
49705,241,193,434,
49711,218,148,366,
49712,233,168,401,
49714,207,176,383,
49716,243,164,407,
49719,194,180,374,
49720,202,156,358,
49722,202,159,361,
49724,218,177,395,
49725,218,169,387,
49726,219,164,383,
49727,137,97,234,
49728,191,162,353,
49729,242,151,393,
49731,224,155,379,
49732,196,153,349,
49733,166,169,335,
49734,215,177,392,
49735,199,144,343,
49736,200,184,384,
49737,225,172,397,
49738,241,155,396,
49740,133,97,230,
49741,212,168,380,
49743,216,148,364,
49745,210,182,392,
49747,166,189,355,
49748,194,160,354,
49749,198,173,371,
49750,216,185,401,
49751,196,137,333,
49752,181,141,322,
49753,210,156,366,
49754,198,159,357,
49755,188,175,363,
49756,207,154,361,
49757,215,155,370,
49758,207,145,352,
49759,215,182,397,
49760,187,149,336,
49761,33,35,68,
49762,212,189,401,
49765,134,105,239,
49766,195,181,376,
49768,215,157,372,
49769,27,17,44,
49770,204,137,341,
49771,215,156,371,
49772,207,172,379,
49773,212,163,375,
49774,190,183,373,
49775,236,149,385,
49777,194,162,356,
49779,209,147,356,
49780,195,147,342,
49781,184,162,346,
49782,226,171,397,
49784,204,168,372,
49785,179,154,333,
49786,223,168,391,
49787,204,162,366,
49788,204,169,373,
49789,201,167,368,
49790,228,171,399,
49791,218,147,365,
49792,230,151,381,
49793,228,168,396,
49795,209,173,382,
49796,204,160,364,
49797,215,158,373,
49801,199,154,353,
49802,190,164,354,
49803,20,21,41,
49804,214,180,394,
49805,213,167,380,
49806,212,158,370,
49807,198,187,385,
49808,16,9,25,
49809,174,123,297,
49811,215,170,385,
49812,215,191,406,
49813,233,164,397,
49815,205,184,389,
49817,28,24,52,
49821,198,183,381,
49822,224,151,375,
49823,179,150,329,
49824,219,126,345,
49825,28,24,52,
49828,210,157,367,
49829,206,159,365,
49830,226,165,391,
49831,239,181,420,
49832,196,189,385,
49833,205,173,378,
49834,226,176,402,
49838,194,148,342,
49839,191,155,346,
49840,197,146,343,
49842,217,136,353,
49844,208,147,355,
49845,189,188,377,
49846,189,163,352,
49849,191,163,354,
49850,218,196,414,
49852,196,198,394,
49855,216,161,377,
49857,226,181,407,
49859,196,145,341,
49861,208,149,357,
49862,181,159,340,
49863,191,160,351,
49864,207,159,366,
49865,202,166,368,
49866,204,154,358,
49867,195,149,344,
49868,202,174,376,
49871,209,178,387,
49872,217,191,408,
49879,226,175,401,
49880,211,158,369,
49881,192,173,365,
49882,225,189,414,
49884,221,147,368,
49885,192,161,353,
49886,204,155,359,
49888,199,171,370,
49889,209,178,387,
49892,209,185,394,
49893,209,163,372,
49894,181,144,325,
49896,199,167,366,
49897,161,124,285,
49898,211,154,365,
49901,214,171,385,
49902,197,149,346,
49903,207,151,358,
49904,233,167,400,
49906,206,185,391,
49907,195,146,341,
49908,204,160,364,
49910,30,33,63,
49911,198,159,357,
49912,224,146,370,
49915,231,162,393,
49916,33,28,61,
49917,203,180,383,
49918,213,157,370,
49920,200,177,377,
49921,200,194,394,
49922,200,184,384,
49923,221,156,377,
49924,190,165,355,
49925,217,181,398,
49926,228,163,391,
49928,207,158,365,
49930,35,33,68,
49931,204,181,385,
49932,32,25,57,
49933,212,157,369,
49934,202,192,394,
49936,10,9,19,
49937,8,7,15,
49938,224,174,398,
49939,209,175,384,
49941,215,182,397,
49944,230,155,385,
49945,219,160,379,
49946,194,187,381,
49947,213,168,381,
49948,201,171,372,
49949,219,164,383,
49951,203,144,347,
49952,206,157,363,
49953,193,164,357,
49954,207,165,372,
49955,220,196,416,
49956,150,123,273,
49957,201,173,374,
49958,229,154,383,
49960,211,168,379,
49961,192,163,355,
49963,119,92,211,
49964,227,167,394,
49965,213,150,363,
49967,203,167,370,
49968,207,149,356,
49970,213,209,422,
49971,223,162,385,
49972,230,160,390,
49973,182,164,346,
49974,22,11,33,
49977,225,178,403,
49978,192,143,335,
49980,235,179,414,
49982,211,142,353,
49983,214,121,335,
49984,204,164,368,
49985,228,147,375,
49987,202,169,371,
49988,199,142,341,
49989,221,189,410,
49990,23,25,48,
49991,210,182,392,
49992,230,175,405,
49993,212,164,376,
49994,218,193,411,
49995,203,169,372,
49996,194,136,330,
49997,177,140,317,
49999,220,155,375,
50000,174,160,334,
50001,221,161,382,
50002,251,160,411,
50003,205,154,359,
50004,206,170,376,
50006,236,156,392,
50007,193,164,357,
50008,208,164,372,
50012,195,170,365,
50013,206,171,377,
50014,227,155,382,
50017,20,17,37,
50018,213,173,386,
50019,212,171,383,
50021,199,166,365,
50022,207,163,370,
50023,217,177,394,
50024,186,162,348,
50026,218,159,377,
50028,216,177,393,
50029,232,175,407,
50030,203,159,362,
50031,204,170,374,
50032,207,170,377,
50033,200,171,371,
50034,193,153,346,
50035,216,201,417,
50038,18,28,46,
50039,174,165,339,
50040,214,195,409,
50041,217,176,393,
50042,190,156,346,
50043,216,161,377,
50044,201,152,353,
50045,202,163,365,
50046,226,138,364,
50047,221,187,408,
50048,226,127,353,
50049,196,165,361,
50050,220,155,375,
50051,204,153,357,
50052,206,173,379,
50053,190,175,365,
50054,198,168,366,
50055,201,171,372,
50056,184,145,329,
50057,216,164,380,
50058,224,152,376,
50059,31,22,53,
50060,198,154,352,
50062,208,148,356,
50064,206,163,369,
50065,190,175,365,
50066,209,190,399,
50067,244,174,418,
50068,220,161,381,
50069,227,163,390,
50072,208,169,377,
50073,232,188,420,
50074,229,137,366,
50075,209,160,369,
50076,30,24,54,
50077,189,183,372,
50078,209,179,388,
50079,209,159,368,
50083,230,173,403,
50084,44,42,86,
50085,232,173,405,
50087,213,183,396,
50089,199,146,345,
50090,195,164,359,
50091,178,160,338,
50092,200,171,371,
50093,221,170,391,
50094,223,176,399,
50095,239,164,403,
50096,228,153,381,
50097,235,177,412,
50098,222,174,396,
50099,219,184,403,
50101,205,166,371,
50102,213,176,389,
50103,215,178,393,
50104,212,181,393,
50106,213,162,375,
50110,115,107,222,
50111,217,191,408,
50113,195,169,364,
50114,204,155,359,
50115,191,167,358,
50117,220,151,371,
50118,212,153,365,
50119,220,178,398,
50120,207,171,378,
50124,228,142,370,
50126,203,129,332,
50127,214,176,390,
50128,26,22,48,
50130,222,153,375,
50131,185,163,348,
50132,211,147,358,
50133,217,166,383,
50135,204,178,382,
50137,197,165,362,
50138,27,19,46,
50139,195,157,352,
50140,219,163,382,
50141,214,165,379,
50142,196,178,374,
50143,210,164,374,
50144,177,148,325,
50147,226,186,412,
50149,5,5,10,
50150,200,150,350,
50153,203,148,351,
50154,220,156,376,
50155,183,166,349,
50156,228,163,391,
50158,218,165,383,
50159,179,177,356,
50161,203,151,354,
50162,234,161,395,
50164,194,159,353,
50165,218,166,384,
50166,205,142,347,
50168,219,141,360,
50171,200,156,356,
50172,234,180,414,
50174,200,170,370,
50175,197,177,374,
50176,193,152,345,
50177,189,152,341,
50178,190,181,371,
50179,226,167,393,
50180,232,158,390,
50181,219,153,372,
50182,208,142,350,
50185,228,162,390,
50186,200,164,364,
50187,201,189,390,
50188,195,180,375,
50189,229,155,384,
50190,189,155,344,
50192,22,17,39,
50193,220,149,369,
50195,216,166,382,
50197,223,186,409,
50198,193,177,370,
50199,202,154,356,
50200,209,179,388,
50202,180,162,342,
50203,211,176,387,
50204,227,177,404,
50205,201,164,365,
50206,202,178,380,
50207,204,178,382,
50208,219,154,373,
50209,185,182,367,
50210,214,169,383,
50213,219,171,390,
50214,199,175,374,
50215,234,147,381,
50217,203,166,369,
50218,204,177,381,
50219,220,158,378,
50220,211,169,380,
50221,211,159,370,
50222,190,193,383,
50223,185,160,345,
50224,212,174,386,
50225,219,164,383,
50226,221,166,387,
50228,224,167,391,
50229,199,159,358,
50230,203,168,371,
50231,228,162,390,
50232,226,171,397,
50235,212,164,376,
50236,223,175,398,
50237,34,21,55,
50239,28,34,62,
50240,216,171,387,
50241,199,173,372,
50242,222,156,378,
50243,223,168,391,
50244,22,29,51,
50245,195,163,358,
50246,212,159,371,
50247,204,165,369,
50250,206,146,352,
50251,210,170,380,
50252,215,173,388,
50253,229,165,394,
50254,208,163,371,
50255,195,159,354,
50257,221,152,373,
50258,198,162,360,
50260,223,163,386,
50263,196,164,360,
50264,237,165,402,
50267,216,167,383,
50268,213,166,379,
50269,223,174,397,
50270,222,140,362,
50272,204,193,397,
50273,223,158,381,
50274,2,1,3,
50275,207,162,369,
50276,186,158,344,
50277,168,159,327,
50278,220,169,389,
50279,193,154,347,
50280,11,6,17,
50281,37,25,62,
50282,214,162,376,
50284,217,148,365,
50285,223,150,373,
50286,216,157,373,
50287,211,161,372,
50288,209,163,372,
50289,214,159,373,
50290,197,168,365,
50293,200,178,378,
50294,241,173,414,
50296,220,128,348,
50297,204,153,357,
50298,216,179,395,
50299,200,156,356,
50300,212,145,357,
50301,223,168,391,
50304,193,158,351,
50305,224,166,390,
50306,215,177,392,
50307,201,150,351,
50308,214,190,404,
50309,209,162,371,
50310,237,155,392,
50311,209,168,377,
50312,195,172,367,
50313,205,170,375,
50314,208,156,364,
50317,217,137,354,
50318,184,131,315,
50319,212,138,350,
50320,233,153,386,
50321,218,174,392,
50322,218,167,385,
50323,192,179,371,
50324,218,164,382,
50325,30,19,49,
50326,32,29,61,
50327,193,188,381,
50328,225,175,400,
50330,7,5,12,
50331,213,175,388,
50335,244,175,419,
50336,197,163,360,
50338,193,188,381,
50339,225,174,399,
50341,222,164,386,
50342,212,172,384,
50343,214,169,383,
50344,211,157,368,
50345,228,162,390,
50347,200,156,356,
50348,242,164,406,
50349,227,153,380,
50352,33,32,65,
50353,41,25,66,
50355,209,188,397,
50356,236,161,397,
50357,7,9,16,
50359,210,161,371,
50360,158,166,324,
50361,159,139,298,
50363,230,162,392,
50364,220,158,378,
50365,211,182,393,
50366,213,186,399,
50369,232,161,393,
50372,216,153,369,
50373,208,185,393,
50375,199,166,365,
50376,220,188,408,
50377,211,153,364,
50378,213,159,372,
50379,191,162,353,
50380,227,151,378,
50381,236,150,386,
50382,219,181,400,
50383,193,189,382,
50384,208,158,366,
50385,217,185,402,
50386,208,177,385,
50388,217,171,388,
50390,154,112,266,
50391,200,163,363,
50392,11,7,18,
50393,233,168,401,
50394,222,168,390,
50395,32,23,55,
50397,202,168,370,
50398,205,162,367,
50399,211,159,370,
50400,153,180,333,
50401,237,175,412,
50402,211,154,365,
50403,202,182,384,
50404,196,175,371,
50405,222,161,383,
50406,167,103,270,
50407,194,153,347,
50408,239,155,394,
50409,209,150,359,
50410,185,184,369,
50412,220,164,384,
50413,206,172,378,
50414,207,161,368,
50416,221,179,400,
50417,194,150,344,
50418,226,171,397,
50419,211,157,368,
50420,223,161,384,
50421,232,185,417,
50422,157,112,269,
50427,212,158,370,
50428,199,159,358,
50429,36,38,74,
50430,209,162,371,
50431,199,175,374,
50432,231,173,404,
50433,143,110,253,
50435,212,164,376,
50436,200,163,363,
50437,215,186,401,
50438,207,160,367,
50439,189,181,370,
50440,245,161,406,
50443,209,176,385,
50444,221,200,421,
50446,228,163,391,
50447,220,161,381,
50448,236,166,402,
50450,202,156,358,
50451,224,171,395,
50452,34,22,56,
50454,213,165,378,
50455,208,168,376,
50456,211,181,392,
50457,208,160,368,
50458,221,183,404,
50459,202,165,367,
50460,233,167,400,
50461,193,186,379,
50462,225,166,391,
50463,186,166,352,
50464,229,164,393,
50465,225,186,411,
50467,184,189,373,
50469,196,163,359,
50470,210,155,365,
50471,30,20,50,
50473,224,179,403,
50474,238,140,378,
50475,6,1,7,
50477,226,164,390,
50478,238,156,394,
50479,217,168,385,
50480,202,172,374,
50481,207,161,368,
50483,224,166,390,
50484,165,135,300,
50488,220,184,404,
50491,198,176,374,
50493,198,152,350,
50494,226,157,383,
50496,205,159,364,
50497,228,137,365,
50498,230,185,415,
50499,210,161,371,
50500,177,158,335,
50501,205,195,400,
50502,168,152,320,
50504,18,17,35,
50505,182,157,339,
50506,210,164,374,
50507,235,152,387,
50508,229,155,384,
50509,196,167,363,
50510,190,165,355,
50512,193,136,329,
50513,181,183,364,
50514,205,163,368,
50515,207,181,388,
50516,173,171,344,
50518,230,174,404,
50519,211,133,344,
50520,203,188,391,
50521,213,180,393,
50522,211,143,354,
50523,207,168,375,
50524,217,181,398,
50525,185,158,343,
50526,214,138,352,
50527,217,170,387,
50528,196,149,345,
50530,205,176,381,
50531,211,171,382,
50532,208,189,397,
50533,217,163,380,
50534,158,128,286,
50535,209,166,375,
50536,222,134,356,
50537,216,177,393,
50538,184,184,368,
50539,220,157,377,
50541,218,162,380,
50542,211,171,382,
50544,192,165,357,
50545,197,165,362,
50547,191,176,367,
50548,197,153,350,
50550,225,171,396,
50551,226,154,380,
50552,216,161,377,
50555,237,170,407,
50556,224,155,379,
50557,217,162,379,
50558,204,151,355,
50560,203,166,369,
50561,195,165,360,
50562,207,141,348,
50563,201,180,381,
50564,210,159,369,
50565,209,181,390,
50566,209,180,389,
50568,207,144,351,
50570,213,170,383,
50571,211,156,367,
50572,221,136,357,
50573,216,143,359,
50574,231,167,398,
50576,239,158,397,
50577,199,160,359,
50578,221,154,375,
50580,219,177,396,
50581,203,170,373,
50582,217,155,372,
50583,204,172,376,
50584,196,197,393,
50586,223,181,404,
50587,207,158,365,
50588,219,165,384,
50589,200,162,362,
50590,185,176,361,
50591,222,146,368,
50592,204,177,381,
50593,200,165,365,
50594,210,163,373,
50595,192,179,371,
50596,217,180,397,
50597,235,179,414,
50598,201,170,371,
50599,192,192,384,
50601,197,172,369,
50602,214,186,400,
50603,199,175,374,
50604,195,154,349,
50607,231,151,382,
50608,41,39,80,
50609,195,179,374,
50610,223,173,396,
50612,244,167,411,
50613,221,162,383,
50615,182,155,337,
50617,238,164,402,
50620,68,65,133,
50622,211,153,364,
50623,220,178,398,
50624,195,173,368,
50626,223,187,410,
50627,203,161,364,
50628,179,160,339,
50629,209,169,378,
50630,239,154,393,
50631,209,169,378,
50633,245,147,392,
50634,204,146,350,
50636,213,173,386,
50637,189,182,371,
50638,216,165,381,
50639,220,155,375,
50641,212,169,381,
50642,221,164,385,
50643,221,174,395,
50645,199,157,356,
50646,228,163,391,
50647,171,141,312,
50649,194,171,365,
50651,197,171,368,
50652,209,156,365,
50653,14,12,26,
50654,207,173,380,
50655,221,154,375,
50656,212,146,358,
50659,197,161,358,
50660,194,167,361,
50663,205,148,353,
50664,173,155,328,
50665,224,178,402,
50668,208,195,403,
50669,181,190,371,
50670,26,19,45,
50673,234,154,388,
50674,248,162,410,
50675,217,158,375,
50676,199,172,371,
50677,239,163,402,
50678,223,163,386,
50679,189,159,348,
50680,222,170,392,
50681,205,158,363,
50683,233,185,418,
50684,213,183,396,
50686,237,148,385,
50687,233,170,403,
50688,190,152,342,
50690,218,164,382,
50691,225,175,400,
50692,209,172,381,
50693,227,173,400,
50694,216,135,351,
50695,195,140,335,
50696,204,146,350,
50697,202,155,357,
50698,201,166,367,
50699,169,157,326,
50700,215,158,373,
50702,167,132,299,
50703,232,176,408,
50705,229,165,394,
50707,223,155,378,
50708,229,155,384,
50709,207,166,373,
50710,202,171,373,
50711,191,146,337,
50712,198,173,371,
50713,223,145,368,
50714,208,159,367,
50715,222,153,375,
50716,196,171,367,
50717,187,164,351,
50718,214,151,365,
50721,222,166,388,
50722,220,144,364,
50723,187,154,341,
50724,224,159,383,
50727,204,177,381,
50728,214,145,359,
50729,168,175,343,
50730,204,172,376,
50731,185,168,353,
50732,217,143,360,
50733,201,169,370,
50734,207,182,389,
50735,233,171,404,
50736,215,155,370,
50737,219,160,379,
50738,181,139,320,
50740,42,23,65,
50741,169,125,294,
50742,200,166,366,
50743,180,153,333,
50744,195,174,369,
50746,211,159,370,
50747,192,153,345,
50748,217,156,373,
50749,234,176,410,
50750,213,188,401,
50751,206,157,363,
50753,201,159,360,
50754,217,151,368,
50755,214,145,359,
50756,160,122,282,
50758,213,151,364,
50759,214,160,374,
50760,229,161,390,
50761,222,171,393,
50762,209,164,373,
50763,235,181,416,
50764,214,161,375,
50765,227,182,409,
50767,200,146,346,
50768,202,165,367,
50769,11,13,24,
50770,198,156,354,
50771,224,192,416,
50772,200,175,375,
50773,174,174,348,
50774,222,137,359,
50775,208,163,371,
50776,177,129,306,
50777,206,171,377,
50778,209,164,373,
50779,199,177,376,
50780,221,159,380,
50781,189,164,353,
50782,230,177,407,
50784,227,161,388,
50785,203,150,353,
50786,270,186,456,
50788,219,141,360,
50789,225,154,379,
50790,218,176,394,
50791,236,136,372,
50793,153,121,274,
50794,240,161,401,
50795,196,170,366,
50797,230,159,389,
50798,192,151,343,
50799,178,131,309,
50800,221,159,380,
50801,7,5,12,
50802,240,157,397,
50803,242,159,401,
50804,170,170,340,
50805,232,172,404,
50806,222,151,373,
50807,228,158,386,
50808,244,188,432,
50809,221,156,377,
50810,215,172,387,
50811,176,160,336,
50814,213,168,381,
50816,226,158,384,
50817,205,165,370,
50818,210,171,381,
50819,234,177,411,
50820,234,192,426,
50821,183,165,348,
50822,184,135,319,
50824,220,160,380,
50825,196,162,358,
50826,36,16,52,
50828,196,167,363,
50831,199,204,403,
50833,211,168,379,
50834,211,165,376,
50835,219,157,376,
50836,43,27,70,
50838,218,185,403,
50839,203,151,354,
50840,213,178,391,
50841,196,164,360,
50842,216,125,341,
50844,224,189,413,
50845,200,149,349,
50846,202,160,362,
50847,230,157,387,
50849,202,168,370,
50855,222,144,366,
50856,203,177,380,
50858,201,159,360,
50859,180,153,333,
50860,207,170,377,
50862,199,126,325,
50864,230,167,397,
50866,217,189,406,
50868,207,152,359,
50869,224,165,389,
50870,204,168,372,
50871,209,150,359,
50872,227,150,377,
50873,213,153,366,
50874,131,112,243,
50875,235,178,413,
50876,13,9,22,
50877,152,117,269,
50879,204,145,349,
50880,207,163,370,
50881,170,150,320,
50882,196,167,363,
50883,17,17,34,
50885,57,44,101,
50886,232,164,396,
50887,223,168,391,
50888,177,166,343,
50889,218,167,385,
50890,211,151,362,
50891,209,160,369,
50892,217,153,370,
50893,223,194,417,
50896,202,154,356,
50897,207,176,383,
50898,213,178,391,
50899,172,175,347,
50900,185,151,336,
50901,17,7,24,
50902,203,170,373,
50903,210,148,358,
50904,194,172,366,
50905,208,145,353,
50906,207,150,357,
50908,217,171,388,
50909,212,157,369,
50912,231,152,383,
50913,220,181,401,
50916,224,186,410,
50917,199,174,373,
50918,207,153,360,
50919,198,154,352,
50920,197,150,347,
50921,214,170,384,
50922,178,141,319,
50923,125,128,253,
50924,184,159,343,
50926,195,182,377,
50928,192,179,371,
50929,214,150,364,
50932,183,193,376,
50933,217,166,383,
50935,196,189,385,
50936,203,170,373,
50937,216,169,385,
50939,209,168,377,
50940,184,177,361,
50941,179,158,337,
50942,201,152,353,
50943,224,146,370,
50944,195,186,381,
50945,205,163,368,
50946,221,154,375,
50947,220,156,376,
50948,209,148,357,
50949,220,155,375,
50950,189,159,348,
50953,224,162,386,
50954,214,166,380,
50955,202,188,390,
50956,197,176,373,
50957,197,155,352,
50958,213,164,377,
50960,219,150,369,
50961,207,164,371,
50962,181,182,363,
50966,199,135,334,
50967,214,186,400,
50968,200,159,359,
50970,275,167,442,
50971,196,168,364,
50972,182,139,321,
50973,232,199,431,
50974,228,164,392,
50976,28,31,59,
50977,200,170,370,
50978,204,166,370,
50979,211,152,363,
50980,224,167,391,
50981,228,149,377,
50983,206,172,378,
50984,201,149,350,
50985,212,171,383,
50986,211,159,370,
50988,193,153,346,
50989,208,152,360,
50990,205,153,358,
50991,203,144,347,
50992,204,152,356,
50993,206,147,353,
50994,216,172,388,
50995,205,183,388,
50997,217,160,377,
50998,198,172,370,
50999,220,177,397,
51000,150,129,279,
51001,201,161,362,
51002,206,141,347,
51003,202,149,351,
51005,237,203,440,
51006,229,163,392,
51007,190,154,344,
51008,209,162,371,
51009,227,169,396,
51011,210,173,383,
51012,229,156,385,
51013,198,158,356,
51014,192,149,341,
51015,222,163,385,
51016,208,198,406,
51018,202,147,349,
51019,224,147,371,
51020,200,165,365,
51021,201,155,356,
51023,211,145,356,
51024,195,179,374,
51025,219,175,394,
51026,209,179,388,
51027,187,163,350,
51028,230,155,385,
51029,220,157,377,
51030,206,173,379,
51031,180,179,359,
51032,212,172,384,
51033,207,177,384,
51034,205,160,365,
51035,16,13,29,
51036,33,24,57,
51038,219,181,400,
51039,241,155,396,
51040,240,164,404,
51041,214,154,368,
51043,221,160,381,
51044,223,161,384,
51045,210,172,382,
51046,219,164,383,
51047,194,155,349,
51048,191,161,352,
51049,231,193,424,
51050,211,166,377,
51052,204,155,359,
51055,216,160,376,
51056,174,179,353,
51057,195,149,344,
51058,215,185,400,
51059,180,142,322,
51060,202,173,375,
51061,217,145,362,
51062,210,161,371,
51063,206,168,374,
51065,195,147,342,
51066,182,168,350,
51067,201,191,392,
51069,174,156,330,
51070,206,152,358,
51071,28,37,65,
51072,242,188,430,
51073,207,160,367,
51074,208,168,376,
51076,222,170,392,
51078,211,179,390,
51079,202,173,375,
51080,224,169,393,
51082,181,151,332,
51084,180,134,314,
51085,211,168,379,
51086,205,158,363,
51087,194,156,350,
51088,26,29,55,
51089,217,188,405,
51090,205,152,357,
51093,209,179,388,
51094,208,154,362,
51096,220,144,364,
51097,20,17,37,
51098,224,158,382,
51099,215,148,363,
51100,220,150,370,
51101,32,19,51,
51102,220,159,379,
51103,211,174,385,
51104,35,29,64,
51105,191,167,358,
51106,188,165,353,
51107,196,170,366,
51109,211,157,368,
51110,203,141,344,
51111,226,160,386,
51115,216,154,370,
51116,212,138,350,
51117,36,27,63,
51118,200,173,373,
51119,188,162,350,
51120,209,163,372,
51121,226,168,394,
51123,206,159,365,
51125,196,190,386,
51126,212,168,380,
51127,210,180,390,
51128,217,188,405,
51129,225,160,385,
51130,164,157,321,
51131,201,156,357,
51133,190,147,337,
51134,207,171,378,
51136,211,170,381,
51137,197,129,326,
51138,226,173,399,
51139,221,182,403,
51142,223,165,388,
51143,188,169,357,
51145,205,123,328,
51150,217,149,366,
51151,193,173,366,
51152,18,15,33,
51153,200,168,368,
51154,210,148,358,
51155,177,167,344,
51156,211,149,360,
51157,198,142,340,
51158,214,159,373,
51159,191,175,366,
51160,263,189,452,
51162,199,159,358,
51163,189,165,354,
51164,6,6,12,
51165,224,148,372,
51166,21,15,36,
51167,195,156,351,
51169,200,177,377,
51170,213,153,366,
51172,233,161,394,
51173,195,151,346,
51175,29,26,55,
51176,243,181,424,
51177,189,168,357,
51178,208,150,358,
51179,217,194,411,
51183,210,160,370,
51184,239,173,412,
51185,190,148,338,
51186,19,32,51,
51187,216,172,388,
51188,212,148,360,
51190,204,156,360,
51191,210,175,385,
51192,238,175,413,
51193,210,153,363,
51194,231,135,366,
51195,151,124,275,
51196,233,140,373,
51197,199,143,342,
51198,24,24,48,
51199,192,172,364,
51200,162,145,307,
51201,219,165,384,
51203,218,173,391,
51204,205,151,356,
51205,214,160,374,
51206,220,172,392,
51207,222,172,394,
51210,195,178,373,
51211,192,192,384,
51212,212,177,389,
51213,219,171,390,
51215,202,146,348,
51216,213,160,373,
51217,206,168,374,
51218,203,167,370,
51219,203,184,387,
51221,40,30,70,
51222,38,17,55,
51223,169,167,336,
51224,209,160,369,
51226,193,170,363,
51228,12,12,24,
51230,208,159,367,
51231,258,162,420,
51232,226,172,398,
51233,214,167,381,
51234,213,169,382,
51236,22,17,39,
51238,215,150,365,
51239,132,94,226,
51241,229,147,376,
51242,214,149,363,
51243,232,149,381,
51245,202,176,378,
51246,165,155,320,
51247,203,176,379,
51249,211,175,386,
51250,201,151,352,
51252,191,148,339,
51255,207,170,377,
51256,229,170,399,
51257,209,179,388,
51258,185,145,330,
51260,201,169,370,
51261,244,156,400,
51262,207,189,396,
51263,178,167,345,
51265,203,161,364,
51266,215,169,384,
51267,213,167,380,
51268,179,175,354,
51269,222,161,383,
51270,198,165,363,
51271,222,184,406,
51272,215,148,363,
51273,208,178,386,
51274,186,148,334,
51275,206,163,369,
51277,213,177,390,
51278,233,155,388,
51279,217,167,384,
51280,210,160,370,
51281,223,169,392,
51282,204,158,362,
51283,223,166,389,
51284,22,10,32,
51285,211,175,386,
51287,206,163,369,
51288,205,164,369,
51289,219,191,410,
51290,214,162,376,
51291,227,154,381,
51293,199,164,363,
51295,216,161,377,
51296,195,156,351,
51297,156,128,284,
51298,176,164,340,
51300,208,167,375,
51301,194,166,360,
51304,200,157,357,
51305,206,138,344,
51306,147,137,284,
51307,210,182,392,
51308,212,155,367,
51309,183,162,345,
51310,243,175,418,
51311,194,141,335,
51312,234,147,381,
51313,227,183,410,
51314,214,170,384,
51315,225,173,398,
51316,209,172,381,
51317,236,159,395,
51319,184,144,328,
51320,205,167,372,
51321,210,193,403,
51323,140,105,245,
51324,149,157,306,
51325,203,160,363,
51327,195,184,379,
51328,192,156,348,
51329,232,167,399,
51330,212,155,367,
51331,212,175,387,
51332,177,179,356,
51333,229,147,376,
51334,219,166,385,
51335,223,144,367,
51337,222,174,396,
51340,216,171,387,
51341,217,149,366,
51343,200,169,369,
51344,33,37,70,
51345,210,148,358,
51346,212,170,382,
51347,216,200,416,
51348,249,179,428,
51351,209,157,366,
51352,187,167,354,
51353,202,168,370,
51354,202,152,354,
51355,220,168,388,
51357,206,177,383,
51358,205,167,372,
51359,219,169,388,
51360,204,161,365,
51361,22,9,31,
51362,191,167,358,
51363,216,164,380,
51364,207,135,342,
51365,209,192,401,
51366,203,152,355,
51367,201,181,382,
51368,191,173,364,
51369,186,178,364,
51370,225,173,398,
51371,202,149,351,
51372,227,133,360,
51373,232,166,398,
51375,203,185,388,
51376,202,166,368,
51377,217,182,399,
51378,221,157,378,
51379,239,132,371,
51380,182,167,349,
51383,214,149,363,
51384,32,23,55,
51385,210,152,362,
51386,221,171,392,
51387,228,145,373,
51388,217,161,378,
51389,185,162,347,
51390,227,137,364,
51391,32,18,50,
51392,215,155,370,
51393,186,183,369,
51395,234,175,409,
51396,215,159,374,
51397,214,172,386,
51398,218,171,389,
51400,208,163,371,
51401,204,167,371,
51403,200,143,343,
51405,196,164,360,
51406,214,161,375,
51407,220,154,374,
51409,235,165,400,
51410,207,163,370,
51411,218,164,382,
51412,228,176,404,
51413,154,129,283,
51414,229,174,403,
51415,195,184,379,
51416,219,174,393,
51418,217,158,375,
51419,186,148,334,
51421,197,160,357,
51422,225,166,391,
51423,183,172,355,
51424,208,166,374,
51425,190,144,334,
51428,214,165,379,
51429,204,155,359,
51430,219,170,389,
51431,216,151,367,
51432,4,3,7,
51433,208,167,375,
51435,217,139,356,
51436,202,183,385,
51438,188,158,346,
51439,198,186,384,
51440,187,178,365,
51441,14,13,27,
51443,229,178,407,
51445,232,147,379,
51446,201,152,353,
51447,181,159,340,
51448,235,154,389,
51449,25,24,49,
51450,220,157,377,
51451,192,160,352,
51452,199,170,369,
51455,205,151,356,
51456,234,172,406,
51457,222,161,383,
51458,211,170,381,
51459,211,179,390,
51460,188,166,354,
51461,144,88,232,
51462,225,175,400,
51464,177,177,354,
51465,230,183,413,
51466,214,151,365,
51468,221,167,388,
51469,202,181,383,
51470,38,28,66,
51471,224,171,395,
51472,220,174,394,
51473,183,143,326,
51474,186,159,345,
51475,209,183,392,
51477,207,158,365,
51479,211,177,388,
51480,203,163,366,
51482,214,193,407,
51483,182,150,332,
51485,16,12,28,
51486,228,188,416,
51487,183,147,330,
51488,177,166,343,
51489,200,170,370,
51491,226,166,392,
51493,226,157,383,
51495,203,169,372,
51496,210,142,352,
51497,202,163,365,
51498,225,164,389,
51499,209,175,384,
51502,207,155,362,
51503,182,172,354,
51505,47,42,89,
51506,30,13,43,
51508,220,149,369,
51509,191,135,326,
51511,222,160,382,
51512,210,163,373,
51513,199,189,388,
51514,207,176,383,
51515,202,156,358,
51516,204,158,362,
51517,196,146,342,
51518,237,146,383,
51519,180,185,365,
51520,233,159,392,
51521,195,138,333,
51522,207,148,355,
51523,219,147,366,
51524,181,173,354,
51525,239,176,415,
51526,216,169,385,
51527,215,155,370,
51530,217,186,403,
51531,191,151,342,
51532,213,170,383,
51533,240,161,401,
51534,197,151,348,
51536,222,157,379,
51539,242,164,406,
51540,204,181,385,
51541,197,145,342,
51542,202,167,369,
51543,205,174,379,
51544,207,170,377,
51545,209,164,373,
51546,193,191,384,
51547,219,182,401,
51548,197,172,369,
51549,209,156,365,
51550,157,86,243,
51551,201,178,379,
51552,239,185,424,
51553,241,190,431,
51554,209,169,378,
51555,236,194,430,
51556,204,157,361,
51558,152,107,259,
51560,203,169,372,
51564,207,182,389,
51567,212,158,370,
51569,208,184,392,
51570,29,25,54,
51571,211,146,357,
51572,208,158,366,
51573,200,168,368,
51574,200,171,371,
51575,221,180,401,
51577,209,168,377,
51578,198,172,370,
51579,216,179,395,
51580,233,181,414,
51582,218,149,367,
51584,212,167,379,
51585,212,163,375,
51587,203,184,387,
51588,19,24,43,
51589,210,158,368,
51590,227,177,404,
51591,174,151,325,
51592,193,141,334,
51595,11,14,25,
51597,241,159,400,
51598,165,110,275,
51599,224,169,393,
51600,196,177,373,
51601,219,177,396,
51602,198,194,392,
51603,245,164,409,
51604,231,162,393,
51605,217,161,378,
51606,227,185,412,
51607,222,152,374,
51609,187,180,367,
51610,194,151,345,
51611,210,172,382,
51613,215,188,403,
51614,152,122,274,
51615,204,175,379,
51616,188,165,353,
51617,163,127,290,
51618,224,174,398,
51619,191,191,382,
51620,174,159,333,
51621,204,161,365,
51622,205,154,359,
51623,213,173,386,
51624,200,159,359,
51628,214,139,353,
51631,181,159,340,
51633,201,183,384,
51634,205,179,384,
51635,188,174,362,
51637,199,153,352,
51638,150,127,277,
51639,218,152,370,
51642,209,148,357,
51643,198,154,352,
51644,205,160,365,
51645,228,175,403,
51646,186,190,376,
51647,224,126,350,
51648,219,159,378,
51651,232,189,421,
51653,199,171,370,
51654,234,138,372,
51658,216,169,385,
51660,198,150,348,
51661,173,194,367,
51662,183,160,343,
51663,222,154,376,
51664,237,171,408,
51665,204,161,365,
51666,218,153,371,
51670,218,178,396,
51671,237,166,403,
51673,197,144,341,
51674,222,147,369,
51675,176,160,336,
51676,218,169,387,
51679,200,129,329,
51680,200,180,380,
51681,203,172,375,
51682,220,146,366,
51683,220,156,376,
51684,197,171,368,
51685,183,182,365,
51686,114,125,239,
51687,213,183,396,
51693,191,204,395,
51694,203,145,348,
51696,39,32,71,
51697,194,143,337,
51699,199,149,348,
51700,215,181,396,
51702,199,147,346,
51703,10,15,25,
51704,222,161,383,
51705,237,160,397,
51706,203,123,326,
51707,221,171,392,
51708,20,17,37,
51709,219,175,394,
51711,37,29,66,
51712,208,178,386,
51713,203,174,377,
51715,224,181,405,
51716,223,168,391,
51717,197,181,378,
51718,216,178,394,
51719,215,161,376,
51720,234,179,413,
51721,195,165,360,
51724,229,158,387,
51725,218,172,390,
51726,216,167,383,
51727,196,158,354,
51728,190,159,349,
51729,215,182,397,
51730,190,164,354,
51731,213,177,390,
51732,227,144,371,
51733,212,166,378,
51734,213,145,358,
51735,227,160,387,
51736,191,177,368,
51737,197,158,355,
51738,195,175,370,
51739,216,155,371,
51740,27,15,42,
51742,13,8,21,
51744,213,205,418,
51746,224,153,377,
51747,199,186,385,
51748,227,155,382,
51749,195,164,359,
51751,43,46,89,
51752,215,178,393,
51753,208,167,375,
51754,196,163,359,
51756,226,164,390,
51757,204,156,360,
51758,214,170,384,
51759,214,158,372,
51762,168,133,301,
51763,201,166,367,
51764,210,164,374,
51765,225,172,397,
51766,188,147,335,
51767,214,162,376,
51768,209,143,352,
51769,197,133,330,
51770,207,151,358,
51771,228,140,368,
51772,230,176,406,
51773,193,174,367,
51774,214,182,396,
51775,210,186,396,
51776,237,143,380,
51777,225,149,374,
51778,205,172,377,
51779,211,180,391,
51780,198,170,368,
51781,205,159,364,
51782,216,177,393,
51784,211,159,370,
51785,215,154,369,
51786,220,190,410,
51788,192,170,362,
51789,3,1,4,
51792,209,157,366,
51793,98,102,200,
51795,10,13,23,
51796,193,182,375,
51797,190,158,348,
51798,201,169,370,
51799,201,191,392,
51800,208,160,368,
51801,204,148,352,
51802,234,169,403,
51803,221,171,392,
51804,19,20,39,
51805,198,154,352,
51806,185,193,378,
51807,197,176,373,
51808,241,190,431,
51809,227,161,388,
51810,206,181,387,
51811,32,23,55,
51812,48,32,80,
51813,21,26,47,
51814,158,151,309,
51815,217,142,359,
51816,225,159,384,
51817,234,140,374,
51818,234,151,385,
51819,195,163,358,
51821,234,156,390,
51822,224,192,416,
51824,184,166,350,
51825,38,29,67,
51826,197,178,375,
51828,204,158,362,
51829,177,155,332,
51831,208,175,383,
51832,204,171,375,
51833,227,158,385,
51834,194,163,357,
51835,216,174,390,
51836,204,158,362,
51837,194,177,371,
51838,246,159,405,
51839,229,183,412,
51841,236,173,409,
51842,227,187,414,
51843,190,140,330,
51845,26,22,48,
51847,195,179,374,
51849,233,164,397,
51850,182,170,352,
51851,199,176,375,
51854,207,148,355,
51855,220,140,360,
51856,221,170,391,
51859,43,29,72,
51860,202,161,363,
51862,206,160,366,
51863,187,159,346,
51866,191,177,368,
51867,214,165,379,
51868,204,138,342,
51869,237,148,385,
51870,198,151,349,
51871,183,187,370,
51873,207,175,382,
51876,203,175,378,
51878,215,153,368,
51879,221,195,416,
51880,200,170,370,
51881,213,165,378,
51882,226,158,384,
51883,238,184,422,
51884,203,180,383,
51885,205,146,351,
51886,211,168,379,
51887,205,157,362,
51889,198,163,361,
51890,188,169,357,
51891,226,163,389,
51892,199,169,368,
51893,211,159,370,
51894,201,162,363,
51895,218,160,378,
51896,210,156,366,
51897,224,161,385,
51898,215,160,375,
51899,204,147,351,
51900,211,150,361,
51902,189,173,362,
51903,236,114,350,
51904,223,179,402,
51905,201,177,378,
51907,193,179,372,
51908,224,187,411,
51909,229,158,387,
51910,186,149,335,
51911,129,140,269,
51912,217,184,401,
51913,203,192,395,
51916,49,30,79,
51918,216,144,360,
51919,216,152,368,
51921,199,174,373,
51924,215,175,390,
51925,202,177,379,
51926,177,165,342,
51927,217,154,371,
51929,35,26,61,
51930,204,186,390,
51931,220,165,385,
51932,200,184,384,
51933,201,140,341,
51934,202,154,356,
51935,191,168,359,
51937,179,179,358,
51938,207,151,358,
51939,214,158,372,
51941,228,164,392,
51942,199,191,390,
51943,210,161,371,
51944,237,163,400,
51946,180,137,317,
51948,215,176,391,
51950,217,164,381,
51951,215,178,393,
51953,200,188,388,
51954,217,184,401,
51955,231,157,388,
51956,223,162,385,
51957,222,161,383,
51959,200,182,382,
51960,210,166,376,
51961,238,136,374,
51962,207,161,368,
51963,192,170,362,
51964,214,171,385,
51969,246,142,388,
51970,218,179,397,
51972,229,163,392,
51973,217,170,387,
51975,197,177,374,
51977,192,164,356,
51978,201,167,368,
51979,194,174,368,
51981,183,167,350,
51982,167,180,347,
51983,208,120,328,
51984,239,195,434,
51985,186,155,341,
51987,198,166,364,
51988,194,157,351,
51989,197,149,346,
51990,207,153,360,
51991,206,153,359,
51992,206,167,373,
51993,170,121,291,
51994,186,154,340,
51995,226,164,390,
51996,230,157,387,
51998,204,168,372,
51999,39,27,66,
52001,206,170,376,
52004,185,172,357,
52005,253,181,434,
52006,215,156,371,
52007,197,169,366,
52008,206,179,385,
52009,209,168,377,
52010,230,165,395,
52011,185,186,371,
52012,212,153,365,
52013,190,155,345,
52014,229,158,387,
52015,209,174,383,
52016,20,17,37,
52017,40,38,78,
52018,181,143,324,
52019,217,185,402,
52020,215,143,358,
52022,205,169,374,
52023,212,149,361,
52024,190,155,345,
52025,197,161,358,
52026,217,175,392,
52027,239,163,402,
52030,187,167,354,
52031,193,156,349,
52032,209,175,384,
52033,33,24,57,
52034,197,155,352,
52035,230,158,388,
52036,215,122,337,
52037,172,118,290,
52038,248,146,394,
52039,240,166,406,
52041,192,153,345,
52042,181,152,333,
52043,209,163,372,
52044,213,171,384,
52045,227,167,394,
52046,200,168,368,
52047,227,154,381,
52048,193,156,349,
52049,215,154,369,
52051,22,19,41,
52052,21,23,44,
52054,225,167,392,
52055,206,188,394,
52056,191,151,342,
52057,199,170,369,
52058,183,149,332,
52059,220,168,388,
52060,207,147,354,
52062,219,137,356,
52063,229,155,384,
52064,202,140,342,
52065,223,159,382,
52066,206,162,368,
52067,197,162,359,
52068,235,145,380,
52069,217,179,396,
52070,218,169,387,
52072,238,147,385,
52073,219,149,368,
52074,180,157,337,
52077,229,148,377,
52078,192,147,339,
52081,226,180,406,
52082,178,172,350,
52083,212,147,359,
52084,246,159,405,
52086,213,171,384,
52087,194,164,358,
52088,202,151,353,
52090,212,162,374,
52091,199,162,361,
52092,190,152,342,
52093,230,149,379,
52094,221,158,379,
52095,16,12,28,
52096,209,159,368,
52097,216,143,359,
52098,224,159,383,
52099,234,157,391,
52100,199,167,366,
52102,183,154,337,
52103,193,184,377,
52104,197,181,378,
52105,194,153,347,
52106,201,150,351,
52107,206,168,374,
52108,211,176,387,
52109,186,140,326,
52111,215,167,382,
52112,3,1,4,
52113,217,151,368,
52114,219,152,371,
52115,201,176,377,
52118,197,164,361,
52119,212,155,367,
52120,198,175,373,
52121,198,166,364,
52122,230,166,396,
52123,227,190,417,
52125,180,163,343,
52126,215,169,384,
52127,7,4,11,
52128,239,159,398,
52129,25,23,48,
52130,203,158,361,
52133,216,155,371,
52134,201,144,345,
52136,203,182,385,
52137,172,111,283,
52138,209,177,386,
52139,197,176,373,
52140,220,163,383,
52141,1,3,4,
52142,208,155,363,
52144,190,168,358,
52145,45,29,74,
52146,220,135,355,
52147,193,146,339,
52148,186,182,368,
52149,214,164,378,
52150,199,150,349,
52151,158,139,297,
52152,223,157,380,
52153,208,144,352,
52154,217,169,386,
52155,200,179,379,
52156,236,165,401,
52158,235,173,408,
52159,232,153,385,
52160,210,178,388,
52161,206,169,375,
52162,200,172,372,
52163,190,166,356,
52164,222,159,381,
52165,187,154,341,
52166,219,149,368,
52167,204,144,348,
52168,198,222,420,
52169,199,162,361,
52170,223,158,381,
52171,205,167,372,
52173,202,164,366,
52175,31,24,55,
52176,185,170,355,
52177,207,205,412,
52181,216,132,348,
52182,223,171,394,
52184,208,176,384,
52185,217,160,377,
52187,193,183,376,
52188,217,174,391,
52191,192,170,362,
52192,195,172,367,
52195,229,166,395,
52196,194,136,330,
52197,231,137,368,
52198,210,165,375,
52199,202,167,369,
52200,234,154,388,
52202,155,127,282,
52203,176,149,325,
52205,225,157,382,
52206,215,177,392,
52208,213,145,358,
52210,194,168,362,
52211,213,190,403,
52212,254,149,403,
52213,21,23,44,
52216,224,180,404,
52217,215,175,390,
52219,17,16,33,
52221,192,188,380,
52222,236,150,386,
52223,51,49,100,
52225,209,200,409,
52226,207,164,371,
52228,205,159,364,
52229,209,171,380,
52230,213,160,373,
52231,214,197,411,
52232,199,153,352,
52233,203,151,354,
52234,201,176,377,
52235,218,154,372,
52237,219,165,384,
52238,217,169,386,
52240,214,192,406,
52241,214,184,398,
52242,159,110,269,
52243,181,154,335,
52244,224,159,383,
52245,211,181,392,
52246,205,143,348,
52249,185,163,348,
52251,214,169,383,
52252,152,154,306,
52254,232,158,390,
52255,201,142,343,
52256,205,156,361,
52257,213,176,389,
52258,198,157,355,
52259,231,137,368,
52260,224,152,376,
52261,221,167,388,
52262,209,159,368,
52263,220,143,363,
52264,207,149,356,
52266,202,162,364,
52267,211,146,357,
52269,196,179,375,
52270,214,184,398,
52271,195,160,355,
52272,217,159,376,
52273,216,202,418,
52274,199,172,371,
52275,219,155,374,
52276,193,159,352,
52277,236,162,398,
52278,222,176,398,
52279,30,17,47,
52280,232,137,369,
52282,139,124,263,
52283,222,162,384,
52284,209,170,379,
52285,165,104,269,
52286,211,167,378,
52288,191,173,364,
52289,207,152,359,
52290,215,171,386,
52291,206,187,393,
52292,199,175,374,
52294,220,162,382,
52295,230,184,414,
52296,232,169,401,
52297,199,162,361,
52298,203,149,352,
52299,200,169,369,
52301,201,149,350,
52303,200,187,387,
52304,196,150,346,
52305,205,162,367,
52306,214,164,378,
52307,219,153,372,
52308,200,162,362,
52310,213,172,385,
52312,27,22,49,
52313,205,180,385,
52314,218,153,371,
52315,206,160,366,
52316,213,179,392,
52317,238,162,400,
52318,210,179,389,
52319,232,180,412,
52320,203,138,341,
52322,227,139,366,
52323,170,143,313,
52324,182,184,366,
52325,202,177,379,
52326,195,167,362,
52327,202,176,378,
52328,202,166,368,
52332,231,165,396,
52333,221,156,377,
52334,213,175,388,
52335,209,157,366,
52337,190,137,327,
52340,182,165,347,
52342,196,185,381,
52344,208,158,366,
52345,218,192,410,
52347,197,166,363,
52349,226,169,395,
52350,197,165,362,
52351,190,157,347,
52352,214,163,377,
52354,239,150,389,
52356,247,171,418,
52357,194,190,384,
52359,211,150,361,
52360,224,158,382,
52363,213,204,417,
52364,198,167,365,
52366,177,144,321,
52367,219,160,379,
52368,202,130,332,
52369,191,150,341,
52370,195,181,376,
52371,236,152,388,
52372,191,160,351,
52373,218,177,395,
52374,173,155,328,
52375,213,175,388,
52376,206,167,373,
52377,192,148,340,
52378,205,151,356,
52379,207,154,361,
52380,209,167,376,
52381,227,160,387,
52382,230,161,391,
52383,216,178,394,
52385,218,142,360,
52388,194,161,355,
52389,238,155,393,
52390,209,184,393,
52391,220,167,387,
52392,186,172,358,
52393,228,189,417,
52394,196,191,387,
52395,228,163,391,
52396,198,180,378,
52397,209,155,364,
52398,213,148,361,
52399,202,174,376,
52402,187,152,339,
52403,201,164,365,
52405,150,113,263,
52406,36,18,54,
52407,252,157,409,
52408,53,33,86,
52409,200,153,353,
52410,199,152,351,
52411,187,185,372,
52412,184,142,326,
52414,234,167,401,
52415,227,140,367,
52417,220,149,369,
52418,215,170,385,
52419,205,160,365,
52421,206,158,364,
52422,222,165,387,
52424,208,160,368,
52425,193,172,365,
52426,224,138,362,
52429,208,172,380,
52430,226,154,380,
52431,199,159,358,
52432,215,151,366,
52433,221,159,380,
52434,201,204,405,
52435,220,157,377,
52436,17,18,35,
52439,228,144,372,
52441,215,190,405,
52442,197,168,365,
52443,222,163,385,
52444,203,184,387,
52445,232,159,391,
52446,192,172,364,
52448,206,175,381,
52449,199,150,349,
52450,222,186,408,
52451,203,171,374,
52455,223,170,393,
52456,227,157,384,
52457,206,163,369,
52458,206,170,376,
52460,221,162,383,
52461,215,170,385,
52462,206,163,369,
52463,222,159,381,
52467,204,171,375,
52468,127,79,206,
52471,202,169,371,
52472,191,176,367,
52473,216,149,365,
52474,199,173,372,
52475,196,181,377,
52477,228,165,393,
52478,207,169,376,
52480,202,163,365,
52481,223,159,382,
52482,215,156,371,
52484,213,150,363,
52485,221,161,382,
52486,228,145,373,
52488,211,177,388,
52489,184,144,328,
52490,209,162,371,
52492,206,166,372,
52493,195,159,354,
52494,195,168,363,
52495,232,168,400,
52496,218,169,387,
52498,194,162,356,
52499,32,16,48,
52500,211,176,387,
52501,228,149,377,
52502,28,26,54,
52504,201,161,362,
52507,210,164,374,
52508,189,190,379,
52509,234,167,401,
52511,219,172,391,
52512,201,173,374,
52513,200,150,350,
52514,234,156,390,
52515,198,150,348,
52519,242,166,408,
52520,215,157,372,
52521,227,165,392,
52523,202,159,361,
52524,215,190,405,
52525,220,140,360,
52526,247,166,413,
52527,200,168,368,
52528,232,139,371,
52529,26,24,50,
52530,188,189,377,
52531,190,151,341,
52532,193,152,345,
52533,35,24,59,
52534,228,172,400,
52535,227,178,405,
52536,195,156,351,
52539,203,166,369,
52540,221,139,360,
52541,215,177,392,
52542,229,163,392,
52543,209,142,351,
52545,191,161,352,
52546,218,166,384,
52548,220,168,388,
52550,214,176,390,
52551,196,172,368,
52552,220,178,398,
52553,198,180,378,
52555,183,168,351,
52556,208,149,357,
52557,144,108,252,
52558,208,166,374,
52559,218,171,389,
52560,242,201,443,
52563,204,160,364,
52564,230,166,396,
52565,235,155,390,
52566,207,186,393,
52567,221,162,383,
52568,203,175,378,
52569,209,170,379,
52570,218,170,388,
52571,204,167,371,
52572,209,156,365,
52573,206,154,360,
52574,198,164,362,
52575,199,151,350,
52576,218,165,383,
52577,222,170,392,
52578,219,178,397,
52580,205,156,361,
52581,155,117,272,
52582,203,160,363,
52583,245,151,396,
52584,221,157,378,
52585,183,138,321,
52589,220,162,382,
52590,218,167,385,
52591,175,181,356,
52592,214,161,375,
52595,210,169,379,
52596,194,156,350,
52597,200,172,372,
52598,239,170,409,
52602,217,165,382,
52603,202,148,350,
52604,232,144,376,
52605,190,160,350,
52606,199,168,367,
52607,225,177,402,
52608,222,147,369,
52609,208,163,371,
52610,230,183,413,
52612,231,170,401,
52613,217,161,378,
52614,229,150,379,
52616,185,161,346,
52617,226,142,368,
52618,233,143,376,
52620,203,183,386,
52621,195,180,375,
52624,217,171,388,
52625,221,173,394,
52626,217,175,392,
52627,234,180,414,
52628,216,170,386,
52629,228,161,389,
52630,230,184,414,
52631,182,168,350,
52632,205,184,389,
52633,210,182,392,
52635,120,97,217,
52636,187,192,379,
52637,201,157,358,
52638,228,172,400,
52642,213,161,374,
52643,215,156,371,
52644,217,178,395,
52645,226,153,379,
52646,217,181,398,
52647,210,181,391,
52650,202,191,393,
52651,207,174,381,
52652,193,168,361,
52653,201,168,369,
52654,216,176,392,
52656,195,158,353,
52657,218,167,385,
52658,222,144,366,
52659,1,1,2,
52661,218,146,364,
52662,205,156,361,
52663,210,179,389,
52665,206,190,396,
52666,219,161,380,
52667,211,160,371,
52668,203,157,360,
52669,224,163,387,
52671,200,165,365,
52672,208,163,371,
52673,196,182,378,
52675,37,33,70,
52676,223,154,377,
52677,242,165,407,
52678,230,166,396,
52679,206,147,353,
52680,207,175,382,
52681,35,26,61,
52682,224,169,393,
52683,218,139,357,
52684,188,157,345,
52685,207,153,360,
52687,209,142,351,
52688,181,140,321,
52689,213,165,378,
52690,207,160,367,
52691,196,174,370,
52692,218,142,360,
52693,199,180,379,
52694,212,144,356,
52695,223,160,383,
52696,16,25,41,
52697,207,157,364,
52698,209,147,356,
52699,215,173,388,
52701,217,162,379,
52703,197,162,359,
52705,230,158,388,
52706,20,23,43,
52707,220,160,380,
52708,169,167,336,
52709,197,171,368,
52710,219,158,377,
52711,206,158,364,
52712,197,183,380,
52713,33,19,52,
52714,192,150,342,
52715,185,148,333,
52717,196,186,382,
52718,193,168,361,
52720,130,133,263,
52721,187,170,357,
52722,211,180,391,
52723,194,169,363,
52724,232,158,390,
52725,40,21,61,
52726,171,152,323,
52727,216,185,401,
52728,201,163,364,
52729,214,152,366,
52730,241,159,400,
52731,232,209,441,
52732,196,151,347,
52733,194,173,367,
52734,206,145,351,
52736,236,181,417,
52737,212,169,381,
52738,222,166,388,
52740,238,153,391,
52741,238,168,406,
52742,219,145,364,
52743,200,152,352,
52744,201,187,388,
52746,196,178,374,
52747,214,160,374,
52748,206,157,363,
52751,227,142,369,
52752,214,180,394,
52754,218,160,378,
52755,202,157,359,
52756,225,169,394,
52757,236,172,408,
52758,207,166,373,
52759,199,178,377,
52760,190,180,370,
52761,204,168,372,
52762,194,153,347,
52763,218,166,384,
52764,205,179,384,
52766,217,193,410,
52768,217,173,390,
52770,191,147,338,
52771,205,170,375,
52772,197,148,345,
52773,233,145,378,
52774,241,158,399,
52776,209,137,346,
52777,211,150,361,
52779,211,151,362,
52780,209,177,386,
52782,194,178,372,
52783,200,158,358,
52784,192,176,368,
52786,217,153,370,
52787,212,174,386,
52788,234,160,394,
52789,223,152,375,
52790,201,176,377,
52791,194,168,362,
52792,240,183,423,
52793,206,165,371,
52795,194,168,362,
52796,217,156,373,
52798,220,166,386,
52799,203,153,356,
52800,242,150,392,
52801,219,156,375,
52803,207,185,392,
52804,194,152,346,
52805,210,160,370,
52806,212,179,391,
52807,198,185,383,
52808,218,174,392,
52809,187,167,354,
52810,211,161,372,
52811,184,160,344,
52812,193,169,362,
52813,216,166,382,
52816,181,161,342,
52817,230,176,406,
52818,221,178,399,
52819,189,146,335,
52820,202,174,376,
52821,138,95,233,
52823,195,150,345,
52824,194,148,342,
52825,227,170,397,
52827,225,164,389,
52829,229,147,376,
52832,211,196,407,
52833,214,164,378,
52835,143,103,246,
52836,210,157,367,
52837,217,141,358,
52838,228,156,384,
52839,189,169,358,
52841,228,171,399,
52842,201,176,377,
52844,213,166,379,
52845,167,141,308,
52846,220,160,380,
52847,217,166,383,
52848,191,168,359,
52849,45,38,83,
52850,216,136,352,
52851,191,164,355,
52852,200,153,353,
52854,233,168,401,
52856,212,147,359,
52857,218,155,373,
52858,219,165,384,
52859,215,162,377,
52860,201,153,354,
52861,202,162,364,
52862,204,157,361,
52863,204,161,365,
52864,188,178,366,
52865,232,186,418,
52866,199,151,350,
52867,38,16,54,
52868,206,169,375,
52869,182,170,352,
52873,220,161,381,
52874,225,169,394,
52875,201,192,393,
52876,213,158,371,
52877,217,158,375,
52878,37,20,57,
52879,212,169,381,
52880,193,156,349,
52881,217,165,382,
52882,197,157,354,
52883,218,163,381,
52885,204,182,386,
52886,229,161,390,
52887,218,168,386,
52888,205,198,403,
52890,197,173,370,
52891,216,150,366,
52892,224,186,410,
52893,249,171,420,
52894,169,156,325,
52895,214,160,374,
52896,209,169,378,
52898,199,178,377,
52900,204,167,371,
52901,221,167,388,
52902,194,149,343,
52903,196,189,385,
52904,236,168,404,
52905,213,161,374,
52906,188,172,360,
52907,198,169,367,
52908,229,173,402,
52910,220,160,380,
52912,217,170,387,
52915,202,179,381,
52916,213,180,393,
52917,231,156,387,
52918,209,184,393,
52920,186,162,348,
52921,192,151,343,
52922,34,22,56,
52923,176,210,386,
52924,187,149,336,
52925,226,156,382,
52926,198,160,358,
52927,209,171,380,
52928,202,175,377,
52929,210,160,370,
52930,204,162,366,
52931,180,158,338,
52932,208,167,375,
52933,35,23,58,
52934,222,144,366,
52935,177,135,312,
52937,204,142,346,
52938,196,171,367,
52939,188,178,366,
52941,201,167,368,
52942,203,179,382,
52943,187,178,365,
52945,198,181,379,
52946,12,5,17,
52947,208,180,388,
52948,195,166,361,
52949,232,154,386,
52950,219,160,379,
52951,179,157,336,
52952,195,142,337,
52953,199,163,362,
52954,221,142,363,
52955,209,144,353,
52956,10,8,18,
52957,213,171,384,
52958,236,168,404,
52959,247,199,446,
52960,233,178,411,
52961,206,165,371,
52963,202,144,346,
52964,211,161,372,
52965,215,177,392,
52967,200,163,363,
52968,233,165,398,
52969,165,130,295,
52970,183,166,349,
52971,228,146,374,
52972,213,160,373,
52973,212,165,377,
52975,218,172,390,
52976,198,161,359,
52977,222,162,384,
52978,228,148,376,
52980,227,171,398,
52981,202,177,379,
52982,193,164,357,
52983,215,164,379,
52984,194,163,357,
52985,204,182,386,
52986,203,152,355,
52989,210,173,383,
52990,220,183,403,
52991,40,39,79,
52992,164,132,296,
52993,211,178,389,
52994,208,159,367,
52995,190,177,367,
52996,227,140,367,
52997,193,165,358,
53000,204,163,367,
53001,195,149,344,
53002,205,169,374,
53003,219,153,372,
53004,199,177,376,
53006,210,167,377,
53007,191,166,357,
53008,220,162,382,
53009,147,170,317,
53010,194,169,363,
53011,226,191,417,
53013,40,52,92,
53015,214,177,391,
53017,212,167,379,
53018,216,148,364,
53019,192,180,372,
53020,260,178,438,
53021,211,135,346,
53022,216,166,382,
53023,208,162,370,
53024,229,162,391,
53025,237,152,389,
53026,207,169,376,
53027,184,158,342,
53028,187,150,337,
53029,203,185,388,
53030,212,162,374,
53032,215,159,374,
53033,209,170,379,
53034,209,182,391,
53035,220,158,378,
53036,171,128,299,
53038,229,148,377,
53039,193,181,374,
53040,208,172,380,
53042,35,26,61,
53043,235,188,423,
53044,199,184,383,
53046,203,163,366,
53049,200,180,380,
53050,210,174,384,
53053,187,153,340,
53056,197,148,345,
53057,34,27,61,
53058,217,169,386,
53062,226,155,381,
53063,197,178,375,
53064,200,151,351,
53065,219,189,408,
53066,221,174,395,
53067,202,171,373,
53069,34,28,62,
53071,167,99,266,
53072,145,115,260,
53075,185,163,348,
53077,210,171,381,
53078,229,190,419,
53079,206,170,376,
53080,209,161,370,
53081,214,147,361,
53082,201,179,380,
53085,226,163,389,
53086,187,174,361,
53087,207,124,331,
53088,208,164,372,
53089,210,164,374,
53091,196,164,360,
53092,197,152,349,
53093,199,190,389,
53095,213,186,399,
53096,188,161,349,
53098,228,179,407,
53099,207,149,356,
53100,214,144,358,
53101,215,184,399,
53102,244,172,416,
53106,200,150,350,
53107,209,134,343,
53109,194,149,343,
53110,231,143,374,
53111,211,164,375,
53113,209,180,389,
53115,204,159,363,
53116,193,161,354,
53117,117,102,219,
53118,201,182,383,
53121,220,160,380,
53122,213,173,386,
53123,187,148,335,
53124,213,156,369,
53125,196,170,366,
53126,183,157,340,
53127,210,169,379,
53128,45,40,85,
53129,217,187,404,
53130,218,167,385,
53131,31,22,53,
53133,172,176,348,
53134,235,159,394,
53135,206,163,369,
53137,159,115,274,
53140,215,161,376,
53141,184,174,358,
53142,190,183,373,
53143,233,164,397,
53145,214,191,405,
53146,207,171,378,
53147,157,136,293,
53148,222,164,386,
53149,216,150,366,
53150,179,124,303,
53151,216,151,367,
53153,201,177,378,
53154,200,156,356,
53155,220,162,382,
53156,200,145,345,
53157,212,177,389,
53158,214,175,389,
53159,187,173,360,
53160,157,132,289,
53161,213,169,382,
53162,208,161,369,
53163,210,177,387,
53164,214,173,387,
53165,230,176,406,
53166,195,140,335,
53167,202,155,357,
53171,209,160,369,
53172,220,132,352,
53173,221,168,389,
53174,205,183,388,
53175,187,136,323,
53176,135,99,234,
53177,174,148,322,
53178,209,155,364,
53179,222,152,374,
53182,27,31,58,
53183,214,180,394,
53184,219,165,384,
53186,235,158,393,
53187,191,159,350,
53189,176,157,333,
53190,222,157,379,
53192,203,161,364,
53193,213,149,362,
53194,230,177,407,
53195,205,189,394,
53196,196,171,367,
53197,186,151,337,
53198,191,175,366,
53200,199,166,365,
53201,221,139,360,
53203,221,151,372,
53204,227,163,390,
53205,224,163,387,
53208,7,6,13,
53209,200,177,377,
53210,192,154,346,
53211,190,171,361,
53213,202,151,353,
53214,223,186,409,
53215,194,178,372,
53218,217,165,382,
53219,203,157,360,
53220,228,167,395,
53221,198,140,338,
53222,241,149,390,
53223,203,167,370,
53224,210,165,375,
53225,190,174,364,
53226,207,165,372,
53227,218,177,395,
53228,223,167,390,
53229,199,171,370,
53231,208,149,357,
53232,181,172,353,
53234,237,154,391,
53235,214,176,390,
53236,215,136,351,
53238,198,176,374,
53240,217,175,392,
53241,219,149,368,
53242,215,177,392,
53243,204,155,359,
53244,189,156,345,
53245,218,160,378,
53246,196,150,346,
53248,193,164,357,
53249,26,21,47,
53250,192,175,367,
53253,211,172,383,
53254,203,160,363,
53255,216,147,363,
53259,19,9,28,
53261,211,175,386,
53262,182,163,345,
53264,202,159,361,
53265,163,160,323,
53266,198,173,371,
53269,171,151,322,
53272,218,153,371,
53273,195,179,374,
53274,16,18,34,
53275,200,136,336,
53276,211,163,374,
53277,41,38,79,
53279,207,175,382,
53280,216,167,383,
53283,210,156,366,
53284,181,154,335,
53285,221,170,391,
53286,198,153,351,
53287,215,149,364,
53288,218,178,396,
53289,229,156,385,
53290,199,187,386,
53292,217,164,381,
53293,207,159,366,
53294,227,161,388,
53295,231,183,414,
53297,220,153,373,
53299,241,166,407,
53300,186,169,355,
53301,185,151,336,
53302,218,167,385,
53303,219,148,367,
53304,186,172,358,
53305,197,169,366,
53306,200,174,374,
53307,208,164,372,
53308,172,140,312,
53310,192,176,368,
53311,219,124,343,
53312,200,179,379,
53313,213,163,376,
53314,204,153,357,
53316,28,16,44,
53317,194,161,355,
53318,228,151,379,
53319,217,155,372,
53321,221,147,368,
53322,207,171,378,
53324,189,161,350,
53326,190,168,358,
53327,190,163,353,
53328,223,155,378,
53329,207,167,374,
53330,199,181,380,
53332,234,175,409,
53333,207,144,351,
53334,183,161,344,
53335,191,166,357,
53336,235,170,405,
53338,191,170,361,
53339,200,197,397,
53340,196,130,326,
53341,239,174,413,
53343,217,153,370,
53344,226,162,388,
53345,205,149,354,
53346,185,176,361,
53347,196,171,367,
53348,208,190,398,
53349,201,149,350,
53351,203,181,384,
53352,227,146,373,
53355,28,19,47,
53358,180,162,342,
53359,218,161,379,
53361,210,152,362,
53363,185,148,333,
53364,179,144,323,
53365,230,167,397,
53366,225,162,387,
53367,209,161,370,
53368,195,172,367,
53369,189,153,342,
53370,196,141,337,
53371,198,186,384,
53372,214,168,382,
53375,215,183,398,
53376,201,152,353,
53378,214,165,379,
53379,199,146,345,
53380,190,177,367,
53381,220,156,376,
53382,203,173,376,
53383,232,190,422,
53384,219,156,375,
53385,212,177,389,
53386,27,42,69,
53387,148,127,275,
53389,214,142,356,
53390,198,167,365,
53391,213,177,390,
53393,232,186,418,
53394,192,171,363,
53395,211,164,375,
53396,219,169,388,
53397,201,154,355,
53398,206,145,351,
53399,220,174,394,
53400,5,4,9,
53401,189,158,347,
53402,212,182,394,
53404,223,167,390,
53405,231,147,378,
53406,29,19,48,
53407,222,182,404,
53408,205,151,356,
53409,210,178,388,
53410,200,172,372,
53411,188,167,355,
53412,227,171,398,
53413,220,181,401,
53414,208,156,364,
53415,219,174,393,
53416,235,152,387,
53419,204,192,396,
53420,225,158,383,
53421,227,179,406,
53422,204,144,348,
53424,210,171,381,
53425,22,13,35,
53426,211,163,374,
53427,204,159,363,
53428,192,182,374,
53429,209,159,368,
53430,215,171,386,
53432,200,153,353,
53433,226,173,399,
53434,171,149,320,
53435,159,141,300,
53436,226,161,387,
53437,226,187,413,
53439,209,160,369,
53440,223,166,389,
53441,207,156,363,
53442,213,155,368,
53443,197,150,347,
53444,183,171,354,
53445,209,149,358,
53447,185,151,336,
53448,172,165,337,
53450,174,139,313,
53452,27,21,48,
53453,205,165,370,
53455,248,163,411,
53456,208,167,375,
53457,216,165,381,
53458,219,168,387,
53462,204,166,370,
53463,179,171,350,
53464,202,171,373,
53466,207,162,369,
53467,191,166,357,
53468,168,209,377,
53469,217,161,378,
53470,215,150,365,
53471,214,169,383,
53472,199,156,355,
53474,209,177,386,
53475,33,25,58,
53476,206,166,372,
53477,37,22,59,
53478,213,146,359,
53479,208,169,377,
53480,217,172,389,
53483,221,167,388,
53485,222,183,405,
53486,205,180,385,
53489,203,166,369,
53490,221,175,396,
53493,219,174,393,
53494,232,169,401,
53497,10,17,27,
53499,198,148,346,
53500,228,179,407,
53501,189,187,376,
53502,197,172,369,
53503,209,172,381,
53504,222,164,386,
53505,189,156,345,
53506,208,187,395,
53507,247,157,404,
53509,206,157,363,
53511,172,130,302,
53514,242,182,424,
53515,214,154,368,
53516,216,157,373,
53517,226,165,391,
53518,210,161,371,
53519,185,155,340,
53520,204,162,366,
53521,214,152,366,
53523,211,182,393,
53525,222,165,387,
53526,187,169,356,
53528,42,28,70,
53529,185,181,366,
53531,227,168,395,
53533,214,163,377,
53534,23,14,37,
53535,196,168,364,
53536,203,165,368,
53537,203,157,360,
53538,222,175,397,
53539,204,155,359,
53540,247,156,403,
53541,210,140,350,
53542,196,168,364,
53545,186,134,320,
53546,189,184,373,
53547,175,126,301,
53548,159,134,293,
53550,224,159,383,
53551,222,183,405,
53552,50,25,75,
53554,230,157,387,
53556,200,179,379,
53557,204,168,372,
53559,200,146,346,
53560,212,179,391,
53562,224,163,387,
53563,36,19,55,
53565,187,186,373,
53566,217,185,402,
53567,218,169,387,
53568,217,149,366,
53571,206,181,387,
53573,188,176,364,
53575,209,162,371,
53576,179,150,329,
53577,215,171,386,
53578,224,158,382,
53579,187,179,366,
53582,200,162,362,
53584,224,163,387,
53585,215,156,371,
53586,209,163,372,
53587,208,178,386,
53588,220,168,388,
53589,214,173,387,
53590,207,166,373,
53591,206,161,367,
53592,202,164,366,
53593,214,185,399,
53594,199,171,370,
53595,223,173,396,
53596,207,170,377,
53597,197,194,391,
53599,227,156,383,
53600,211,144,355,
53601,198,172,370,
53602,201,164,365,
53603,224,165,389,
53604,218,166,384,
53605,206,160,366,
53606,207,167,374,
53607,220,172,392,
53608,186,149,335,
53609,194,172,366,
53611,225,150,375,
53612,177,139,316,
53613,198,144,342,
53614,227,173,400,
53615,220,157,377,
53616,216,161,377,
53617,203,165,368,
53619,187,154,341,
53621,203,165,368,
53622,207,172,379,
53624,238,150,388,
53626,215,154,369,
53627,187,161,348,
53628,192,168,360,
53629,210,159,369,
53630,197,182,379,
53632,215,156,371,
53634,215,147,362,
53635,192,170,362,
53636,206,151,357,
53637,173,192,365,
53638,233,181,414,
53641,198,175,373,
53642,205,156,361,
53643,199,160,359,
53646,196,158,354,
53647,214,142,356,
53649,228,186,414,
53650,183,171,354,
53651,194,155,349,
53652,174,131,305,
53654,235,167,402,
53656,227,173,400,
53657,229,133,362,
53658,240,164,404,
53660,226,142,368,
53662,224,160,384,
53663,196,164,360,
53664,215,174,389,
53665,204,147,351,
53667,228,134,362,
53668,143,127,270,
53669,214,162,376,
53671,216,164,380,
53672,229,179,408,
53673,210,158,368,
53674,191,163,354,
53677,198,167,365,
53679,199,148,347,
53680,215,176,391,
53682,25,19,44,
53684,192,177,369,
53686,189,174,363,
53687,186,148,334,
53688,231,167,398,
53689,197,148,345,
53690,183,188,371,
53692,199,152,351,
53693,197,167,364,
53694,227,171,398,
53697,197,174,371,
53698,227,166,393,
53700,221,156,377,
53701,216,183,399,
53702,228,173,401,
53703,228,164,392,
53704,208,180,388,
53705,216,176,392,
53708,205,158,363,
53711,207,151,358,
53712,210,149,359,
53713,207,197,404,
53715,238,173,411,
53716,150,151,301,
53717,245,156,401,
53720,30,15,45,
53721,228,164,392,
53722,202,155,357,
53725,198,176,374,
53726,206,167,373,
53727,209,185,394,
53730,233,152,385,
53732,19,18,37,
53734,206,167,373,
53735,214,168,382,
53736,174,151,325,
53737,215,147,362,
53739,31,18,49,
53740,189,148,337,
53741,11,8,19,
53742,200,151,351,
53743,12,13,25,
53745,12,7,19,
53746,1,2,3,
53748,234,157,391,
53749,205,170,375,
53750,203,174,377,
53751,196,163,359,
53753,208,160,368,
53755,201,149,350,
53756,199,175,374,
53757,194,141,335,
53759,217,173,390,
53760,188,204,392,
53761,29,23,52,
53763,231,190,421,
53764,30,17,47,
53766,207,174,381,
53767,204,171,375,
53768,190,154,344,
53770,188,156,344,
53771,245,175,420,
53772,204,169,373,
53774,213,185,398,
53775,212,153,365,
53777,244,138,382,
53778,213,149,362,
53779,181,169,350,
53780,213,177,390,
53781,232,169,401,
53782,215,173,388,
53784,216,182,398,
53785,200,157,357,
53786,230,139,369,
53787,203,134,337,
53788,232,153,385,
53790,193,134,327,
53793,229,173,402,
53797,196,160,356,
53799,228,158,386,
53800,228,171,399,
53801,202,172,374,
53804,220,182,402,
53806,188,138,326,
53807,204,183,387,
53809,218,163,381,
53812,258,150,408,
53813,210,170,380,
53818,211,156,367,
53821,218,185,403,
53822,220,175,395,
53823,221,160,381,
53826,220,172,392,
53827,194,149,343,
53830,205,173,378,
53832,201,155,356,
53834,149,141,290,
53835,229,154,383,
53836,167,130,297,
53837,212,136,348,
53838,239,165,404,
53839,200,163,363,
53841,205,168,373,
53842,200,174,374,
53843,188,179,367,
53845,216,170,386,
53846,174,173,347,
53847,207,162,369,
53848,151,126,277,
53849,197,172,369,
53850,223,176,399,
53851,215,184,399,
53852,215,158,373,
53853,191,173,364,
53854,214,177,391,
53855,196,169,365,
53856,26,14,40,
53857,190,164,354,
53858,152,107,259,
53859,207,150,357,
53860,22,12,34,
53861,182,167,349,
53862,207,186,393,
53865,211,170,381,
53866,22,21,43,
53868,207,162,369,
53871,218,154,372,
53872,197,140,337,
53873,218,169,387,
53874,225,150,375,
53876,219,170,389,
53877,189,162,351,
53879,209,179,388,
53880,174,167,341,
53882,190,169,359,
53883,233,151,384,
53884,190,148,338,
53885,181,190,371,
53887,214,169,383,
53888,214,150,364,
53890,211,138,349,
53891,29,12,41,
53892,213,166,379,
53893,211,157,368,
53894,194,171,365,
53895,205,171,376,
53896,205,165,370,
53897,211,184,395,
53899,226,169,395,
53900,188,170,358,
53901,250,175,425,
53902,208,177,385,
53905,206,138,344,
53906,186,191,377,
53907,21,21,42,
53908,226,159,385,
53909,225,155,380,
53911,235,169,404,
53912,194,165,359,
53913,185,154,339,
53916,225,163,388,
53917,188,156,344,
53919,227,167,394,
53920,211,131,342,
53921,206,164,370,
53922,117,103,220,
53923,162,159,321,
53924,221,189,410,
53925,201,156,357,
53926,203,168,371,
53928,202,201,403,
53929,206,149,355,
53930,190,148,338,
53931,194,139,333,
53932,144,79,223,
53933,228,185,413,
53934,211,166,377,
53935,185,153,338,
53936,193,125,318,
53937,215,173,388,
53938,199,169,368,
53939,212,162,374,
53941,209,161,370,
53942,191,174,365,
53943,209,189,398,
53944,205,174,379,
53945,174,141,315,
53947,187,151,338,
53951,217,161,378,
53952,212,165,377,
53953,203,157,360,
53955,224,162,386,
53956,184,149,333,
53957,208,173,381,
53958,225,173,398,
53959,221,183,404,
53960,238,173,411,
53961,193,195,388,
53962,208,204,412,
53963,205,157,362,
53964,176,155,331,
53965,218,157,375,
53966,202,189,391,
53967,212,160,372,
53968,229,159,388,
53969,161,114,275,
53971,232,143,375,
53972,243,184,427,
53973,217,173,390,
53974,214,169,383,
53975,214,158,372,
53978,203,162,365,
53979,215,165,380,
53980,192,163,355,
53981,184,146,330,
53982,204,170,374,
53983,219,180,399,
53984,199,157,356,
53986,211,193,404,
53987,214,169,383,
53989,24,20,44,
53990,126,164,290,
53991,31,20,51,
53992,208,169,377,
53993,222,157,379,
53994,209,168,377,
53995,224,163,387,
53997,219,167,386,
53999,189,186,375,
54000,231,178,409,
54001,218,195,413,
54003,202,140,342,
54004,189,179,368,
54005,240,160,400,
54007,198,140,338,
54008,183,186,369,
54009,27,24,51,
54010,194,159,353,
54012,231,171,402,
54014,170,164,334,
54015,229,151,380,
54016,203,173,376,
54018,207,140,347,
54020,218,169,387,
54021,205,170,375,
54022,206,151,357,
54023,129,139,268,
54025,228,180,408,
54026,15,12,27,
54029,238,157,395,
54030,234,154,388,
54031,225,172,397,
54032,188,179,367,
54033,195,161,356,
54034,183,145,328,
54035,210,163,373,
54036,201,180,381,
54037,192,161,353,
54038,196,139,335,
54039,221,175,396,
54041,201,165,366,
54042,19,9,28,
54043,220,167,387,
54045,216,167,383,
54046,202,175,377,
54048,198,150,348,
54049,189,158,347,
54053,207,180,387,
54054,170,165,335,
54055,194,189,383,
54056,208,157,365,
54057,229,172,401,
54059,234,176,410,
54060,207,172,379,
54061,221,164,385,
54062,200,180,380,
54064,201,137,338,
54065,192,155,347,
54066,230,120,350,
54067,189,147,336,
54068,199,151,350,
54069,198,153,351,
54070,179,169,348,
54071,28,21,49,
54072,194,179,373,
54074,236,162,398,
54079,188,176,364,
54080,214,152,366,
54081,188,172,360,
54082,224,160,384,
54083,219,167,386,
54084,222,166,388,
54086,202,167,369,
54087,206,176,382,
54088,232,172,404,
54089,221,145,366,
54090,211,142,353,
54091,223,159,382,
54092,210,184,394,
54093,220,178,398,
54094,189,156,345,
54096,190,151,341,
54097,242,156,398,
54100,212,156,368,
54101,188,165,353,
54104,220,175,395,
54105,197,186,383,
54106,213,170,383,
54107,195,187,382,
54108,216,143,359,
54109,224,160,384,
54110,230,171,401,
54111,224,140,364,
54114,28,27,55,
54115,193,180,373,
54116,202,154,356,
54117,205,172,377,
54119,209,170,379,
54120,195,166,361,
54122,202,144,346,
54123,210,174,384,
54125,181,162,343,
54126,2,2,4,
54128,201,181,382,
54129,194,191,385,
54132,247,167,414,
54134,212,148,360,
54135,221,172,393,
54136,206,160,366,
54137,213,149,362,
54140,236,159,395,
54141,216,185,401,
54142,196,175,371,
54144,206,159,365,
54146,215,167,382,
54148,205,171,376,
54150,213,152,365,
54151,225,176,401,
54152,216,183,399,
54153,225,184,409,
54154,227,175,402,
54155,226,131,357,
54156,213,164,377,
54161,215,183,398,
54163,216,169,385,
54164,215,188,403,
54165,188,149,337,
54166,216,170,386,
54167,187,153,340,
54168,179,127,306,
54169,210,180,390,
54170,211,148,359,
54171,6,2,8,
54172,48,20,68,
54173,211,167,378,
54174,179,146,325,
54175,207,144,351,
54176,206,152,358,
54177,195,149,344,
54178,217,155,372,
54179,33,17,50,
54180,197,167,364,
54181,237,138,375,
54182,200,156,356,
54183,214,163,377,
54184,211,185,396,
54185,225,151,376,
54186,210,156,366,
54187,26,15,41,
54189,201,132,333,
54190,206,172,378,
54191,192,167,359,
54192,227,152,379,
54193,180,185,365,
54194,206,162,368,
54195,204,155,359,
54196,216,145,361,
54197,198,170,368,
54199,201,163,364,
54200,210,156,366,
54201,216,171,387,
54202,219,169,388,
54203,192,138,330,
54204,191,177,368,
54206,215,149,364,
54209,218,179,397,
54210,211,157,368,
54211,206,152,358,
54212,208,157,365,
54213,201,165,366,
54214,224,169,393,
54215,189,147,336,
54216,190,167,357,
54217,209,147,356,
54218,180,179,359,
54219,213,167,380,
54220,238,175,413,
54223,257,166,423,
54224,213,161,374,
54225,208,155,363,
54226,236,153,389,
54228,229,156,385,
54230,219,176,395,
54231,208,178,386,
54232,205,173,378,
54233,194,175,369,
54234,245,148,393,
54235,220,155,375,
54236,4,5,9,
54237,224,157,381,
54238,217,167,384,
54239,234,173,407,
54240,181,149,330,
54241,213,174,387,
54242,221,182,403,
54243,203,183,386,
54244,218,169,387,
54245,211,165,376,
54246,223,179,402,
54248,204,170,374,
54249,219,159,378,
54250,227,177,404,
54251,202,188,390,
54252,219,200,419,
54253,203,189,392,
54254,216,183,399,
54256,231,177,408,
54257,215,172,387,
54258,182,190,372,
54261,198,161,359,
54262,246,168,414,
54263,199,139,338,
54265,224,168,392,
54267,226,171,397,
54269,206,138,344,
54270,203,143,346,
54271,223,147,370,
54272,194,161,355,
54273,206,155,361,
54274,210,163,373,
54275,191,158,349,
54277,188,160,348,
54278,205,175,380,
54279,208,153,361,
54280,198,146,344,
54281,217,150,367,
54282,223,167,390,
54283,209,174,383,
54284,238,163,401,
54285,215,173,388,
54286,222,170,392,
54287,219,176,395,
54290,193,153,346,
54291,15,12,27,
54292,217,170,387,
54293,189,154,343,
54294,204,182,386,
54296,5,1,6,
54298,204,161,365,
54299,214,181,395,
54300,215,151,366,
54301,193,167,360,
54302,252,140,392,
54304,217,163,380,
54306,239,153,392,
54307,217,158,375,
54309,226,166,392,
54310,213,164,377,
54311,203,194,397,
54313,228,164,392,
54314,233,187,420,
54315,209,192,401,
54316,215,159,374,
54317,201,170,371,
54318,208,169,377,
54319,190,158,348,
54320,221,132,353,
54321,205,160,365,
54322,222,162,384,
54323,200,189,389,
54324,221,161,382,
54325,220,174,394,
54326,226,169,395,
54327,42,25,67,
54328,238,155,393,
54329,211,175,386,
54330,235,179,414,
54331,185,152,337,
54332,210,163,373,
54334,229,173,402,
54335,205,159,364,
54336,206,154,360,
54337,243,156,399,
54338,226,204,430,
54339,215,182,397,
54341,32,34,66,
54343,191,179,370,
54344,204,157,361,
54346,200,166,366,
54347,187,183,370,
54348,209,156,365,
54349,192,174,366,
54350,210,157,367,
54351,194,174,368,
54352,208,170,378,
54353,214,162,376,
54354,225,164,389,
54356,205,167,372,
54357,225,159,384,
54358,179,144,323,
54359,227,176,403,
54360,218,157,375,
54361,192,162,354,
54362,221,157,378,
54363,203,168,371,
54365,212,156,368,
54367,192,161,353,
54368,227,156,383,
54369,203,161,364,
54370,209,156,365,
54373,217,186,403,
54374,196,166,362,
54375,29,15,44,
54376,180,163,343,
54377,210,197,407,
54378,219,190,409,
54379,219,145,364,
54381,219,150,369,
54382,183,176,359,
54383,195,152,347,
54384,226,174,400,
54386,196,160,356,
54388,196,158,354,
54389,201,188,389,
54390,204,144,348,
54391,216,182,398,
54392,217,194,411,
54393,211,168,379,
54394,229,173,402,
54395,162,130,292,
54396,223,157,380,
54397,219,171,390,
54398,224,161,385,
54399,209,157,366,
54400,220,169,389,
54401,212,155,367,
54403,203,179,382,
54405,196,170,366,
54406,185,171,356,
54407,199,184,383,
54408,212,149,361,
54409,192,174,366,
54411,193,181,374,
54412,197,167,364,
54413,228,167,395,
54415,195,175,370,
54416,2,3,5,
54417,203,165,368,
54418,6,7,13,
54419,202,156,358,
54420,207,153,360,
54421,217,170,387,
54422,215,170,385,
54423,212,165,377,
54424,220,149,369,
54425,203,172,375,
54426,172,113,285,
54429,217,162,379,
54430,210,167,377,
54431,219,162,381,
54432,236,156,392,
54433,188,154,342,
54434,207,168,375,
54435,172,112,284,
54436,215,161,376,
54438,196,141,337,
54439,171,178,349,
54440,203,145,348,
54442,220,177,397,
54444,210,174,384,
54447,203,172,375,
54448,221,169,390,
54449,33,25,58,
54450,201,143,344,
54451,225,150,375,
54452,200,168,368,
54453,218,163,381,
54455,214,157,371,
54457,195,159,354,
54458,203,183,386,
54461,230,163,393,
54463,177,177,354,
54465,176,177,353,
54466,192,157,349,
54468,210,153,363,
54469,240,184,424,
54470,208,147,355,
54471,194,174,368,
54472,14,5,19,
54473,190,163,353,
54475,199,167,366,
54476,219,189,408,
54478,202,155,357,
54479,219,166,385,
54480,204,154,358,
54481,198,165,363,
54482,241,155,396,
54483,186,187,373,
54484,212,140,352,
54485,191,148,339,
54486,202,179,381,
54487,270,153,423,
54488,207,175,382,
54489,227,167,394,
54490,156,127,283,
54491,240,152,392,
54494,197,154,351,
54495,44,27,71,
54496,227,173,400,
54498,206,168,374,
54499,221,179,400,
54500,206,172,378,
54501,204,167,371,
54502,206,165,371,
54503,193,173,366,
54504,230,157,387,
54505,211,181,392,
54506,214,164,378,
54507,224,167,391,
54508,212,148,360,
54509,238,161,399,
54510,225,154,379,
54511,182,174,356,
54512,185,145,330,
54513,198,157,355,
54514,236,159,395,
54515,201,158,359,
54516,199,167,366,
54517,236,153,389,
54518,214,164,378,
54519,199,165,364,
54520,155,156,311,
54521,213,176,389,
54522,197,183,380,
54523,217,166,383,
54525,192,188,380,
54526,192,169,361,
54528,239,164,403,
54529,216,175,391,
54530,220,169,389,
54531,243,162,405,
54532,230,168,398,
54533,219,180,399,
54534,220,169,389,
54535,182,180,362,
54536,206,179,385,
54537,228,174,402,
54538,207,144,351,
54539,216,169,385,
54540,216,168,384,
54542,62,45,107,
54544,203,155,358,
54545,192,163,355,
54547,199,163,362,
54548,201,151,352,
54549,193,137,330,
54550,33,11,44,
54552,210,173,383,
54553,219,153,372,
54554,207,156,363,
54555,204,155,359,
54556,208,162,370,
54560,223,174,397,
54561,230,154,384,
54563,238,182,420,
54564,215,160,375,
54565,214,150,364,
54567,219,133,352,
54568,204,164,368,
54569,188,154,342,
54570,205,169,374,
54571,227,145,372,
54572,41,30,71,
54573,216,177,393,
54575,176,168,344,
54577,217,160,377,
54578,217,171,388,
54579,234,173,407,
54582,182,171,353,
54583,197,173,370,
54585,216,159,375,
54586,32,26,58,
54587,195,136,331,
54588,194,183,377,
54589,213,150,363,
54591,220,172,392,
54593,200,162,362,
54594,221,174,395,
54595,206,151,357,
54596,222,151,373,
54597,205,139,344,
54598,187,146,333,
54599,203,151,354,
54602,218,184,402,
54603,247,164,411,
54605,210,150,360,
54606,211,165,376,
54607,202,181,383,
54608,197,185,382,
54609,223,167,390,
54610,198,156,354,
54612,234,157,391,
54614,212,176,388,
54615,193,161,354,
54616,20,11,31,
54618,209,167,376,
54619,169,211,380,
54621,219,145,364,
54622,233,176,409,
54623,224,192,416,
54626,194,163,357,
54627,183,155,338,
54629,205,173,378,
54630,194,158,352,
54633,178,154,332,
54634,215,210,425,
54635,215,162,377,
54636,215,161,376,
54637,207,150,357,
54638,219,165,384,
54639,211,151,362,
54641,231,167,398,
54642,219,153,372,
54643,184,147,331,
54644,213,135,348,
54645,14,14,28,
54646,195,141,336,
54647,206,151,357,
54648,215,154,369,
54649,216,160,376,
54650,175,144,319,
54651,205,146,351,
54652,31,44,75,
54653,200,141,341,
54655,201,187,388,
54656,209,153,362,
54657,195,191,386,
54658,202,168,370,
54659,189,168,357,
54660,191,188,379,
54661,206,167,373,
54662,200,134,334,
54663,203,170,373,
54665,219,168,387,
54666,211,163,374,
54667,233,162,395,
54669,191,174,365,
54670,221,164,385,
54672,192,176,368,
54673,172,102,274,
54674,195,166,361,
54677,162,126,288,
54679,40,27,67,
54681,211,127,338,
54684,217,169,386,
54685,182,143,325,
54686,190,141,331,
54687,157,138,295,
54688,191,163,354,
54690,228,168,396,
54691,188,179,367,
54692,203,163,366,
54693,213,159,372,
54694,218,166,384,
54695,229,174,403,
54697,214,166,380,
54699,209,156,365,
54700,243,160,403,
54702,216,174,390,
54703,189,157,346,
54704,206,178,384,
54705,198,167,365,
54706,223,167,390,
54707,207,141,348,
54708,231,149,380,
54709,219,151,370,
54710,213,160,373,
54711,205,163,368,
54712,216,174,390,
54713,193,169,362,
54714,161,133,294,
54715,218,151,369,
54717,202,159,361,
54718,213,179,392,
54719,218,160,378,
54721,210,180,390,
54722,210,158,368,
54723,238,153,391,
54726,218,170,388,
54727,215,145,360,
54728,233,157,390,
54729,232,155,387,
54731,212,158,370,
54732,210,166,376,
54735,208,141,349,
54736,242,175,417,
54737,217,169,386,
54738,199,161,360,
54739,226,146,372,
54740,200,162,362,
54743,232,151,383,
54744,231,154,385,
54746,213,155,368,
54747,208,179,387,
54748,214,161,375,
54750,202,156,358,
54751,221,181,402,
54753,210,168,378,
54754,202,160,362,
54756,217,170,387,
54757,223,160,383,
54759,209,155,364,
54760,198,144,342,
54762,32,23,55,
54766,200,151,351,
54767,216,162,378,
54768,197,174,371,
54769,212,168,380,
54770,205,163,368,
54772,247,145,392,
54773,212,145,357,
54774,207,188,395,
54776,227,184,411,
54777,224,169,393,
54779,204,150,354,
54780,201,175,376,
54783,213,167,380,
54784,190,168,358,
54787,186,180,366,
54789,220,152,372,
54790,214,134,348,
54791,193,169,362,
54792,200,171,371,
54794,204,159,363,
54795,226,153,379,
54796,194,157,351,
54798,204,149,353,
54800,208,155,363,
54801,192,155,347,
54802,251,136,387,
54803,188,164,352,
54805,216,145,361,
54807,174,139,313,
54808,212,150,362,
54809,201,148,349,
54811,213,202,415,
54813,203,170,373,
54814,198,166,364,
54815,188,184,372,
54816,215,154,369,
54817,202,152,354,
54818,215,150,365,
54819,187,154,341,
54820,229,168,397,
54821,228,160,388,
54822,202,145,347,
54823,200,166,366,
54824,175,151,326,
54825,181,130,311,
54826,213,135,348,
54827,188,183,371,
54829,225,175,400,
54830,209,162,371,
54831,200,148,348,
54832,209,159,368,
54834,198,156,354,
54835,219,172,391,
54839,236,186,422,
54841,237,164,401,
54842,219,164,383,
54843,200,155,355,
54844,209,151,360,
54845,218,150,368,
54847,210,152,362,
54848,225,173,398,
54849,194,154,348,
54850,199,177,376,
54851,224,157,381,
54853,213,179,392,
54854,203,161,364,
54855,190,159,349,
54856,196,179,375,
54857,215,160,375,
54860,197,163,360,
54861,240,172,412,
54862,189,158,347,
54863,207,193,400,
54864,176,162,338,
54865,241,186,427,
54866,205,153,358,
54870,240,162,402,
54871,238,171,409,
54872,199,174,373,
54873,200,171,371,
54874,224,172,396,
54875,6,5,11,
54876,214,162,376,
54877,203,156,359,
54879,228,164,392,
54880,152,134,286,
54881,191,202,393,
54882,224,157,381,
54883,221,159,380,
54884,237,170,407,
54886,202,160,362,
54887,31,30,61,
54888,206,166,372,
54891,239,168,407,
54892,206,171,377,
54894,216,165,381,
54895,222,174,396,
54896,204,151,355,
54897,217,172,389,
54898,142,137,279,
54899,197,183,380,
54900,216,165,381,
54901,29,33,62,
54903,167,171,338,
54904,220,179,399,
54905,179,210,389,
54906,200,168,368,
54907,212,187,399,
54909,166,175,341,
54910,243,161,404,
54911,206,165,371,
54912,199,128,327,
54913,201,146,347,
54914,176,151,327,
54916,185,135,320,
54919,153,143,296,
54920,200,164,364,
54921,207,157,364,
54923,211,175,386,
54926,197,165,362,
54927,35,20,55,
54930,208,162,370,
54931,192,179,371,
54932,221,150,371,
54933,224,169,393,
54934,222,146,368,
54935,182,151,333,
54938,222,168,390,
54940,182,175,357,
54941,198,162,360,
54943,214,189,403,
54944,190,149,339,
54945,239,169,408,
54946,234,172,406,
54948,223,164,387,
54950,203,183,386,
54951,189,176,365,
54952,169,166,335,
54953,28,18,46,
54954,230,168,398,
54955,220,159,379,
54956,211,196,407,
54957,230,171,401,
54958,203,182,385,
54959,198,176,374,
54960,222,167,389,
54962,228,156,384,
54963,177,165,342,
54964,139,95,234,
54965,203,183,386,
54966,47,25,72,
54967,192,164,356,
54968,219,156,375,
54969,182,171,353,
54970,248,171,419,
54971,217,181,398,
54972,199,174,373,
54973,234,155,389,
54974,212,181,393,
54975,225,145,370,
54976,211,153,364,
54977,221,180,401,
54978,232,169,401,
54980,197,197,394,
54981,240,171,411,
54982,195,151,346,
54983,196,146,342,
54984,231,164,395,
54985,177,167,344,
54987,211,163,374,
54988,191,172,363,
54989,220,159,379,
54990,214,140,354,
54992,189,169,358,
54993,18,24,42,
54994,35,22,57,
54995,231,187,418,
54996,219,164,383,
54997,231,182,413,
54998,199,168,367,
55001,199,145,344,
55004,199,170,369,
55006,197,163,360,
55008,204,140,344,
55009,236,153,389,
55010,215,175,390,
55012,203,164,367,
55013,214,151,365,
55014,217,155,372,
55015,231,167,398,
55016,218,153,371,
55017,182,151,333,
55018,231,169,400,
55019,228,190,418,
55020,214,151,365,
55021,175,184,359,
55022,211,157,368,
55023,222,131,353,
55024,206,168,374,
55026,224,158,382,
55027,201,194,395,
55028,225,167,392,
55029,222,166,388,
55030,229,153,382,
55031,214,150,364,
55032,226,161,387,
55033,19,14,33,
55034,230,157,387,
55036,228,154,382,
55037,217,168,385,
55039,210,149,359,
55040,153,133,286,
55042,209,182,391,
55043,182,152,334,
55045,239,162,401,
55047,225,155,380,
55048,222,166,388,
55050,215,175,390,
55051,223,152,375,
55052,223,163,386,
55053,200,169,369,
55054,206,172,378,
55055,190,136,326,
55056,171,158,329,
55057,194,154,348,
55058,190,156,346,
55059,221,148,369,
55060,212,177,389,
55061,224,146,370,
55063,208,168,376,
55065,198,172,370,
55066,189,154,343,
55067,222,188,410,
55068,206,145,351,
55069,34,29,63,
55070,216,163,379,
55071,195,177,372,
55075,241,155,396,
55076,188,127,315,
55077,181,155,336,
55078,203,149,352,
55079,214,147,361,
55080,209,140,349,
55081,188,158,346,
55083,225,144,369,
55085,233,141,374,
55086,208,150,358,
55087,191,167,358,
55088,213,171,384,
55089,192,164,356,
55090,193,192,385,
55091,222,141,363,
55092,233,191,424,
55093,153,118,271,
55095,202,214,416,
55097,175,151,326,
55100,234,148,382,
55101,38,33,71,
55102,233,191,424,
55103,203,187,390,
55104,218,164,382,
55105,193,162,355,
55106,220,148,368,
55107,180,159,339,
55108,227,164,391,
55109,202,167,369,
55110,191,180,371,
55111,213,172,385,
55112,164,124,288,
55113,207,168,375,
55114,206,166,372,
55116,221,161,382,
55117,222,176,398,
55120,206,185,391,
55121,232,171,403,
55122,208,164,372,
55123,201,162,363,
55124,33,23,56,
55127,224,163,387,
55129,217,178,395,
55130,239,166,405,
55131,193,153,346,
55132,203,155,358,
55133,202,169,371,
55134,196,161,357,
55137,220,161,381,
55138,202,177,379,
55141,202,176,378,
55142,200,150,350,
55144,207,155,362,
55145,230,141,371,
55148,202,169,371,
55149,199,150,349,
55150,215,162,377,
55151,205,150,355,
55152,218,165,383,
55153,198,168,366,
55154,235,183,418,
55155,223,168,391,
55156,229,164,393,
55157,201,184,385,
55159,208,169,377,
55162,258,154,412,
55163,175,144,319,
55164,220,169,389,
55165,237,151,388,
55166,225,158,383,
55168,221,162,383,
55169,42,17,59,
55170,208,151,359,
55172,195,176,371,
55173,207,166,373,
55174,226,155,381,
55175,199,146,345,
55177,226,140,366,
55178,191,151,342,
55180,172,161,333,
55181,202,178,380,
55182,213,173,386,
55183,211,177,388,
55184,217,167,384,
55185,175,164,339,
55186,187,173,360,
55187,201,170,371,
55190,219,159,378,
55191,197,176,373,
55192,223,199,422,
55193,231,166,397,
55194,148,118,266,
55195,207,155,362,
55196,188,159,347,
55197,189,174,363,
55200,215,177,392,
55201,229,161,390,
55202,203,170,373,
55204,190,186,376,
55205,220,142,362,
55206,207,174,381,
55207,190,147,337,
55208,227,163,390,
55210,225,173,398,
55211,217,154,371,
55212,211,186,397,
55213,227,161,388,
55214,23,23,46,
55215,216,161,377,
55216,212,189,401,
55217,221,162,383,
55218,216,173,389,
55219,227,170,397,
55222,157,118,275,
55223,200,165,365,
55224,227,177,404,
55225,185,188,373,
55226,231,154,385,
55227,206,158,364,
55228,210,180,390,
55229,226,160,386,
55231,221,143,364,
55233,128,118,246,
55234,214,163,377,
55235,199,177,376,
55236,218,178,396,
55237,218,157,375,
55238,198,167,365,
55239,238,174,412,
55240,222,165,387,
55241,204,176,380,
55242,230,154,384,
55244,214,177,391,
55247,208,165,373,
55248,186,178,364,
55250,207,165,372,
55251,211,170,381,
55253,226,156,382,
55254,209,156,365,
55255,226,164,390,
55257,204,170,374,
55258,203,157,360,
55260,188,157,345,
55261,202,155,357,
55262,195,151,346,
55263,241,184,425,
55264,209,174,383,
55265,217,192,409,
55266,212,181,393,
55267,205,182,387,
55268,185,163,348,
55270,200,167,367,
55271,198,139,337,
55272,152,140,292,
55273,193,158,351,
55276,12,5,17,
55277,233,175,408,
55279,191,159,350,
55280,208,166,374,
55281,207,147,354,
55282,138,96,234,
55283,233,139,372,
55284,209,164,373,
55285,203,150,353,
55286,182,160,342,
55287,201,174,375,
55288,200,183,383,
55290,204,185,389,
55292,189,164,353,
55293,206,144,350,
55295,204,165,369,
55297,227,185,412,
55298,220,156,376,
55300,219,169,388,
55302,239,183,422,
55303,188,151,339,
55304,189,164,353,
55305,190,177,367,
55306,194,181,375,
55307,211,166,377,
55308,187,168,355,
55309,198,170,368,
55310,183,174,357,
55311,202,157,359,
55314,211,153,364,
55315,225,186,411,
55317,227,161,388,
55318,209,158,367,
55319,239,178,417,
55320,250,140,390,
55321,227,155,382,
55322,225,175,400,
55323,204,146,350,
55325,200,159,359,
55326,184,145,329,
55327,212,164,376,
55328,225,155,380,
55329,203,155,358,
55330,3,2,5,
55332,225,178,403,
55333,204,180,384,
55334,203,141,344,
55335,210,160,370,
55338,208,145,353,
55339,190,167,357,
55340,189,140,329,
55341,34,26,60,
55343,206,184,390,
55345,198,169,367,
55346,177,181,358,
55348,215,191,406,
55349,211,171,382,
55350,203,172,375,
55352,198,172,370,
55353,211,182,393,
55354,206,166,372,
55355,208,171,379,
55356,198,162,360,
55358,233,174,407,
55359,220,176,396,
55360,197,172,369,
55363,220,166,386,
55365,189,170,359,
55367,189,157,346,
55368,222,185,407,
55370,215,182,397,
55371,219,154,373,
55373,205,169,374,
55374,213,183,396,
55375,219,183,402,
55376,237,163,400,
55379,230,165,395,
55380,213,179,392,
55381,212,171,383,
55382,203,155,358,
55383,221,158,379,
55384,226,169,395,
55386,217,164,381,
55387,225,169,394,
55389,178,180,358,
55390,200,143,343,
55391,219,173,392,
55392,236,190,426,
55393,201,184,385,
55395,216,171,387,
55397,205,148,353,
55398,210,184,394,
55399,224,164,388,
55401,238,150,388,
55402,204,202,406,
55403,209,150,359,
55404,224,176,400,
55405,210,175,385,
55406,218,166,384,
55408,228,177,405,
55411,210,140,350,
55412,221,176,397,
55414,170,157,327,
55415,213,153,366,
55418,183,147,330,
55420,199,163,362,
55421,228,156,384,
55422,207,179,386,
55423,174,172,346,
55424,212,163,375,
55425,194,146,340,
55426,220,181,401,
55427,213,173,386,
55428,227,159,386,
55429,197,172,369,
55430,207,148,355,
55432,205,161,366,
55433,199,175,374,
55434,219,174,393,
55435,214,154,368,
55437,213,173,386,
55438,231,110,341,
55440,221,160,381,
55441,200,169,369,
55442,218,169,387,
55443,17,20,37,
55444,198,159,357,
55445,205,171,376,
55448,31,24,55,
55449,181,167,348,
55450,218,157,375,
55451,212,161,373,
55453,212,166,378,
55454,215,183,398,
55455,254,161,415,
55456,212,176,388,
55457,212,156,368,
55458,193,179,372,
55459,216,189,405,
55460,226,184,410,
55461,213,164,377,
55462,208,172,380,
55464,220,161,381,
55466,204,152,356,
55468,218,162,380,
55469,196,156,352,
55470,231,175,406,
55471,221,183,404,
55473,209,165,374,
55474,179,161,340,
55475,224,185,409,
55476,203,166,369,
55477,204,172,376,
55478,225,163,388,
55479,207,167,374,
55480,211,153,364,
55482,194,158,352,
55483,214,161,375,
55484,215,172,387,
55485,189,158,347,
55486,191,173,364,
55487,207,174,381,
55488,239,168,407,
55489,204,156,360,
55490,225,160,385,
55491,219,196,415,
55492,212,175,387,
55493,159,163,322,
55494,211,121,332,
55495,203,184,387,
55496,228,170,398,
55497,217,152,369,
55499,210,159,369,
55501,225,148,373,
55502,218,138,356,
55503,206,171,377,
55505,205,186,391,
55506,204,136,340,
55507,205,157,362,
55508,186,173,359,
55509,193,160,353,
55510,232,171,403,
55511,5,11,16,
55512,213,170,383,
55517,214,168,382,
55518,236,152,388,
55519,199,146,345,
55520,202,172,374,
55521,218,146,364,
55523,146,127,273,
55524,215,156,371,
55526,213,159,372,
55527,218,178,396,
55529,210,185,395,
55530,203,162,365,
55531,203,153,356,
55532,215,155,370,
55533,214,178,392,
55534,194,166,360,
55535,177,124,301,
55536,198,171,369,
55538,206,185,391,
55540,213,169,382,
55543,190,158,348,
55544,185,131,316,
55545,206,175,381,
55546,167,129,296,
55547,208,164,372,
55551,230,156,386,
55552,182,180,362,
55553,203,168,371,
55554,204,145,349,
55555,208,152,360,
55557,219,170,389,
55559,192,163,355,
55560,221,154,375,
55561,210,143,353,
55562,246,165,411,
55563,205,165,370,
55565,240,137,377,
55567,217,155,372,
55568,96,82,178,
55570,212,163,375,
55571,211,141,352,
55572,43,32,75,
55573,197,157,354,
55574,209,170,379,
55575,218,166,384,
55576,225,184,409,
55577,209,135,344,
55578,217,162,379,
55581,192,154,346,
55582,203,154,357,
55583,221,165,386,
55588,203,165,368,
55590,197,174,371,
55591,203,171,374,
55592,226,171,397,
55594,231,172,403,
55595,219,157,376,
55596,236,153,389,
55597,192,171,363,
55598,191,157,348,
55599,206,147,353,
55602,207,156,363,
55604,212,150,362,
55605,219,168,387,
55606,203,152,355,
55608,27,23,50,
55609,212,141,353,
55611,220,139,359,
55612,213,154,367,
55614,214,161,375,
55615,230,151,381,
55617,217,150,367,
55618,221,158,379,
55619,207,132,339,
55620,202,143,345,
55621,247,170,417,
55622,223,175,398,
55623,218,157,375,
55624,228,205,433,
55625,203,180,383,
55626,206,148,354,
55627,20,16,36,
55628,34,29,63,
55630,228,172,400,
55631,205,163,368,
55632,209,152,361,
55633,203,159,362,
55634,209,143,352,
55636,212,165,377,
55637,207,182,389,
55638,183,170,353,
55640,212,177,389,
55641,193,164,357,
55644,242,138,380,
55645,200,160,360,
55646,193,172,365,
55647,1,3,4,
55648,209,158,367,
55649,200,169,369,
55650,194,170,364,
55651,219,184,403,
55653,212,174,386,
55655,231,172,403,
55656,229,177,406,
55657,217,167,384,
55659,215,154,369,
55660,201,155,356,
55661,235,167,402,
55662,233,184,417,
55664,207,143,350,
55665,210,180,390,
55666,199,161,360,
55667,203,175,378,
55669,205,181,386,
55670,205,147,352,
55671,202,170,372,
55672,216,173,389,
55673,224,184,408,
55674,200,180,380,
55676,47,30,77,
55677,237,177,414,
55678,217,158,375,
55679,184,145,329,
55680,230,169,399,
55681,222,184,406,
55683,209,184,393,
55684,190,155,345,
55685,243,171,414,
55686,168,119,287,
55687,138,102,240,
55688,223,155,378,
55689,225,151,376,
55690,206,147,353,
55691,195,149,344,
55692,258,171,429,
55694,20,11,31,
55695,37,23,60,
55697,166,126,292,
55698,198,185,383,
55699,219,182,401,
55701,223,154,377,
55702,177,134,311,
55704,222,165,387,
55706,225,156,381,
55707,217,184,401,
55709,233,164,397,
55711,233,155,388,
55712,204,184,388,
55713,224,177,401,
55714,42,25,67,
55716,203,153,356,
55717,205,161,366,
55718,5,3,8,
55720,209,156,365,
55722,220,167,387,
55723,192,133,325,
55727,203,170,373,
55728,22,19,41,
55730,176,153,329,
55731,182,155,337,
55732,205,178,383,
55733,197,151,348,
55735,226,171,397,
55737,214,173,387,
55738,195,181,376,
55739,218,169,387,
55740,225,176,401,
55741,185,175,360,
55742,190,152,342,
55743,232,175,407,
55745,214,179,393,
55746,241,176,417,
55747,230,145,375,
55748,43,34,77,
55749,225,172,397,
55750,151,137,288,
55752,204,164,368,
55754,173,168,341,
55755,6,8,14,
55756,201,168,369,
55757,197,169,366,
55758,213,161,374,
55760,218,180,398,
55762,197,199,396,
55763,201,157,358,
55764,182,169,351,
55765,220,168,388,
55766,204,175,379,
55768,195,155,350,
55769,169,173,342,
55770,207,191,398,
55771,197,140,337,
55772,224,151,375,
55774,231,158,389,
55776,213,166,379,
55779,211,171,382,
55781,191,172,363,
55783,183,157,340,
55784,200,179,379,
55785,232,165,397,
55786,220,145,365,
55788,229,157,386,
55789,221,187,408,
55791,192,162,354,
55792,231,158,389,
55793,231,163,394,
55794,224,171,395,
55795,154,164,318,
55797,192,163,355,
55798,188,169,357,
55799,207,156,363,
55800,193,175,368,
55801,219,154,373,
55804,203,170,373,
55805,44,36,80,
55807,221,147,368,
55808,216,157,373,
55809,209,171,380,
55812,192,153,345,
55813,214,157,371,
55814,173,107,280,
55815,188,165,353,
55817,219,174,393,
55819,222,175,397,
55820,220,162,382,
55822,214,186,400,
55825,202,135,337,
55826,225,171,396,
55827,214,185,399,
55828,233,170,403,
55829,215,152,367,
55830,220,171,391,
55831,213,170,383,
55832,204,164,368,
55833,180,134,314,
55834,213,175,388,
55836,233,177,410,
55837,224,152,376,
55839,219,148,367,
55840,173,164,337,
55845,183,175,358,
55846,198,164,362,
55849,214,136,350,
55850,228,170,398,
55852,220,167,387,
55853,210,181,391,
55854,234,151,385,
55856,211,173,384,
55857,219,188,407,
55858,193,160,353,
55859,246,175,421,
55860,180,172,352,
55861,225,140,365,
55862,196,149,345,
55864,1,1,2,
55865,196,181,377,
55866,197,158,355,
55867,226,176,402,
55868,213,159,372,
55869,209,163,372,
55871,238,181,419,
55873,239,164,403,
55874,215,165,380,
55875,206,144,350,
55876,213,174,387,
55877,166,127,293,
55881,212,168,380,
55882,206,148,354,
55884,227,168,395,
55886,203,154,357,
55888,203,149,352,
55889,18,16,34,
55890,174,158,332,
55892,197,203,400,
55894,210,161,371,
55895,14,23,37,
55897,213,169,382,
55898,207,145,352,
55899,191,164,355,
55900,47,35,82,
55901,219,141,360,
55902,227,180,407,
55903,195,156,351,
55904,217,152,369,
55905,225,160,385,
55906,224,185,409,
55908,251,160,411,
55909,210,151,361,
55910,215,163,378,
55911,198,140,338,
55912,197,161,358,
55914,205,173,378,
55915,213,170,383,
55918,213,136,349,
55919,215,147,362,
55921,217,199,416,
55922,194,158,352,
55924,216,167,383,
55925,209,161,370,
55926,218,161,379,
55928,41,41,82,
55930,203,157,360,
55933,181,144,325,
55934,219,163,382,
55935,209,164,373,
55936,185,161,346,
55937,192,155,347,
55939,228,168,396,
55940,223,165,388,
55941,199,156,355,
55942,207,148,355,
55943,209,175,384,
55944,14,9,23,
55945,209,182,391,
55946,107,83,190,
55947,19,27,46,
55948,197,158,355,
55950,212,164,376,
55951,187,149,336,
55952,210,163,373,
55953,218,162,380,
55954,170,103,273,
55955,222,180,402,
55956,192,183,375,
55957,249,133,382,
55958,190,174,364,
55959,202,173,375,
55960,179,164,343,
55961,218,160,378,
55962,214,166,380,
55963,199,153,352,
55965,207,150,357,
55967,191,175,366,
55968,237,155,392,
55969,200,154,354,
55970,189,143,332,
55971,25,27,52,
55972,212,173,385,
55974,207,175,382,
55975,214,162,376,
55976,232,172,404,
55977,219,178,397,
55979,191,139,330,
55980,215,157,372,
55981,241,172,413,
55985,194,147,341,
55986,188,145,333,
55987,194,156,350,
55988,180,164,344,
55990,207,191,398,
55991,207,183,390,
55993,196,146,342,
55994,186,153,339,
55995,229,174,403,
55996,188,154,342,
55997,190,159,349,
55998,234,158,392,
55999,204,178,382,
56001,218,140,358,
56002,225,174,399,
56003,238,146,384,
56005,197,150,347,
56006,239,157,396,
56007,224,171,395,
56008,203,153,356,
56009,207,184,391,
56014,212,155,367,
56015,225,171,396,
56017,211,188,399,
56018,187,151,338,
56019,209,171,380,
56020,212,162,374,
56021,227,161,388,
56023,38,24,62,
56026,194,153,347,
56027,209,161,370,
56030,202,150,352,
56031,197,181,378,
56032,203,159,362,
56033,217,187,404,
56034,187,175,362,
56035,214,137,351,
56036,220,174,394,
56037,188,146,334,
56038,238,165,403,
56039,195,196,391,
56040,202,138,340,
56041,220,152,372,
56042,186,149,335,
56043,223,137,360,
56044,217,152,369,
56045,207,184,391,
56046,199,180,379,
56047,214,158,372,
56048,227,164,391,
56049,210,151,361,
56050,204,157,361,
56051,220,183,403,
56052,218,173,391,
56053,228,178,406,
56054,218,164,382,
56055,249,176,425,
56056,212,169,381,
56060,191,185,376,
56062,205,150,355,
56063,223,182,405,
56064,208,179,387,
56066,214,179,393,
56067,216,186,402,
56069,213,167,380,
56070,216,163,379,
56072,179,148,327,
56074,188,149,337,
56075,196,160,356,
56077,238,167,405,
56078,212,167,379,
56080,202,146,348,
56081,221,182,403,
56082,208,154,362,
56083,159,107,266,
56084,36,25,61,
56085,203,153,356,
56087,233,171,404,
56088,222,191,413,
56089,226,167,393,
56090,193,164,357,
56091,209,159,368,
56092,12,12,24,
56093,47,34,81,
56094,21,22,43,
56095,195,155,350,
56096,225,150,375,
56098,233,163,396,
56099,189,150,339,
56100,237,178,415,
56102,217,157,374,
56104,204,183,387,
56106,196,166,362,
56107,223,166,389,
56108,234,176,410,
56109,198,164,362,
56110,213,171,384,
56111,193,145,338,
56112,218,183,401,
56114,130,123,253,
56115,236,169,405,
56116,210,148,358,
56117,215,165,380,
56118,204,150,354,
56119,192,176,368,
56120,219,158,377,
56121,170,167,337,
56122,182,134,316,
56123,203,149,352,
56124,193,164,357,
56126,223,151,374,
56127,230,125,355,
56128,231,167,398,
56129,202,142,344,
56130,220,178,398,
56131,26,17,43,
56132,207,185,392,
56133,199,155,354,
56134,201,167,368,
56136,188,149,337,
56137,210,180,390,
56138,226,151,377,
56139,217,144,361,
56142,202,151,353,
56147,184,180,364,
56149,218,135,353,
56150,200,148,348,
56151,213,166,379,
56152,229,154,383,
56154,247,172,419,
56155,185,164,349,
56156,216,168,384,
56159,32,20,52,
56160,203,156,359,
56161,231,161,392,
56162,219,158,377,
56163,233,169,402,
56164,223,135,358,
56165,182,137,319,
56166,200,166,366,
56167,194,162,356,
56168,228,170,398,
56169,229,122,351,
56170,244,174,418,
56171,207,153,360,
56172,176,124,300,
56173,198,170,368,
56174,227,172,399,
56175,218,161,379,
56176,206,175,381,
56178,212,186,398,
56180,186,158,344,
56181,229,171,400,
56184,243,168,411,
56185,214,119,333,
56186,233,147,380,
56187,229,174,403,
56189,217,159,376,
56190,198,170,368,
56191,191,154,345,
56193,189,156,345,
56194,203,169,372,
56195,163,132,295,
56198,218,164,382,
56199,203,168,371,
56200,215,154,369,
56201,202,163,365,
56202,194,155,349,
56203,252,169,421,
56204,217,147,364,
56206,212,122,334,
56207,217,179,396,
56209,209,171,380,
56210,177,167,344,
56211,204,146,350,
56212,213,168,381,
56213,198,171,369,
56214,206,164,370,
56215,198,159,357,
56217,210,155,365,
56219,235,168,403,
56222,212,176,388,
56223,195,174,369,
56225,202,194,396,
56226,241,166,407,
56227,249,156,405,
56228,201,158,359,
56229,227,167,394,
56230,213,162,375,
56231,217,145,362,
56232,202,163,365,
56233,225,165,390,
56234,208,177,385,
56236,30,23,53,
56237,222,155,377,
56238,188,190,378,
56240,217,140,357,
56241,218,164,382,
56242,191,164,355,
56243,220,178,398,
56244,36,21,57,
56245,194,108,302,
56246,211,177,388,
56249,220,177,397,
56250,190,192,382,
56251,192,174,366,
56252,212,161,373,
56253,209,175,384,
56254,205,175,380,
56255,207,161,368,
56256,243,173,416,
56257,246,194,440,
56258,137,102,239,
56260,195,167,362,
56261,202,167,369,
56264,222,164,386,
56265,227,148,375,
56267,212,168,380,
56268,224,155,379,
56269,222,166,388,
56270,241,167,408,
56272,197,180,377,
56273,230,183,413,
56274,196,163,359,
56275,189,167,356,
56276,217,165,382,
56277,56,31,87,
56278,194,179,373,
56279,198,142,340,
56280,236,150,386,
56281,206,158,364,
56282,197,177,374,
56283,212,175,387,
56286,211,171,382,
56287,44,31,75,
56288,224,171,395,
56289,217,177,394,
56291,32,23,55,
56292,200,172,372,
56296,217,147,364,
56297,217,175,392,
56298,201,192,393,
56301,238,160,398,
56302,172,163,335,
56305,203,155,358,
56307,185,173,358,
56308,226,175,401,
56309,171,154,325,
56310,214,145,359,
56311,210,163,373,
56312,229,147,376,
56313,198,147,345,
56314,218,175,393,
56315,218,180,398,
56316,206,161,367,
56317,213,156,369,
56319,264,161,425,
56320,195,172,367,
56322,182,170,352,
56323,193,146,339,
56324,210,138,348,
56325,211,145,356,
56326,224,185,409,
56327,227,169,396,
56329,193,170,363,
56330,222,161,383,
56331,201,174,375,
56332,214,161,375,
56334,220,157,377,
56335,208,163,371,
56336,230,208,438,
56337,205,169,374,
56338,211,161,372,
56339,217,165,382,
56340,227,137,364,
56341,216,174,390,
56342,184,155,339,
56343,222,154,376,
56344,227,149,376,
56345,187,151,338,
56347,208,174,382,
56348,219,152,371,
56349,199,185,384,
56350,226,160,386,
56352,214,151,365,
56353,205,201,406,
56355,195,178,373,
56357,212,150,362,
56358,235,161,396,
56359,193,155,348,
56360,13,7,20,
56361,228,157,385,
56363,186,162,348,
56365,226,173,399,
56366,206,149,355,
56367,182,179,361,
56368,173,152,325,
56369,203,155,358,
56372,207,192,399,
56374,47,41,88,
56375,222,168,390,
56377,194,184,378,
56379,36,14,50,
56380,209,150,359,
56381,208,148,356,
56383,235,154,389,
56385,236,175,411,
56386,192,167,359,
56387,222,148,370,
56388,214,161,375,
56389,231,174,405,
56390,221,157,378,
56391,205,182,387,
56392,245,173,418,
56393,230,177,407,
56394,213,140,353,
56395,214,160,374,
56396,190,160,350,
56397,233,158,391,
56400,227,184,411,
56401,195,166,361,
56403,197,172,369,
56408,199,149,348,
56409,214,167,381,
56410,232,156,388,
56411,182,174,356,
56415,187,175,362,
56416,214,163,377,
56417,214,150,364,
56419,219,167,386,
56422,186,175,361,
56423,27,27,54,
56424,220,162,382,
56425,222,170,392,
56426,208,168,376,
56427,204,167,371,
56429,189,161,350,
56430,182,150,332,
56431,206,174,380,
56432,200,153,353,
56434,207,160,367,
56435,212,160,372,
56436,184,154,338,
56437,216,179,395,
56438,228,158,386,
56440,193,172,365,
56441,236,187,423,
56442,171,170,341,
56443,198,145,343,
56444,227,182,409,
56445,45,33,78,
56446,165,163,328,
56447,230,162,392,
56449,197,170,367,
56451,171,120,291,
56453,218,172,390,
56454,228,148,376,
56455,215,185,400,
56457,225,174,399,
56459,6,10,16,
56460,204,160,364,
56462,209,181,390,
56463,203,145,348,
56464,176,156,332,
56466,219,163,382,
56467,189,177,366,
56468,208,155,363,
56469,234,157,391,
56470,205,161,366,
56472,210,145,355,
56474,189,148,337,
56475,203,191,394,
56477,188,155,343,
56478,217,175,392,
56480,215,163,378,
56481,187,166,353,
56484,222,178,400,
56485,211,168,379,
56486,199,165,364,
56487,183,126,309,
56488,208,156,364,
56489,222,198,420,
56491,161,128,289,
56492,149,126,275,
56494,220,201,421,
56496,210,150,360,
56497,242,192,434,
56498,210,196,406,
56499,196,180,376,
56501,15,11,26,
56502,200,169,369,
56503,216,145,361,
56505,212,153,365,
56506,194,168,362,
56507,198,168,366,
56508,206,177,383,
56509,216,170,386,
56510,203,153,356,
56511,228,154,382,
56514,202,158,360,
56515,191,175,366,
56516,205,161,366,
56517,227,181,408,
56518,239,173,412,
56519,224,157,381,
56520,210,174,384,
56522,37,18,55,
56524,220,169,389,
56525,200,152,352,
56526,229,184,413,
56527,209,179,388,
56529,225,178,403,
56530,193,177,370,
56531,221,179,400,
56535,213,162,375,
56536,207,140,347,
56538,253,165,418,
56539,199,164,363,
56540,26,17,43,
56541,207,161,368,
56542,231,164,395,
56544,195,167,362,
56545,217,187,404,
56546,27,18,45,
56547,15,19,34,
56548,178,136,314,
56551,212,175,387,
56552,216,174,390,
56555,191,164,355,
56556,194,169,363,
56558,212,157,369,
56559,216,155,371,
56560,173,168,341,
56562,208,166,374,
56563,201,189,390,
56564,209,167,376,
56565,34,24,58,
56566,225,160,385,
56567,214,166,380,
56568,214,185,399,
56569,208,158,366,
56570,215,138,353,
56571,231,154,385,
56573,218,164,382,
56574,206,176,382,
56575,224,174,398,
56576,198,163,361,
56577,185,141,326,
56578,178,183,361,
56579,212,185,397,
56580,216,157,373,
56581,219,179,398,
56582,201,162,363,
56583,221,159,380,
56584,204,174,378,
56585,214,188,402,
56586,219,167,386,
56587,201,166,367,
56588,26,22,48,
56590,202,166,368,
56591,241,172,413,
56592,215,191,406,
56593,217,183,400,
56596,207,158,365,
56598,224,162,386,
56600,205,163,368,
56602,200,156,356,
56604,32,21,53,
56605,200,157,357,
56607,120,134,254,
56608,200,160,360,
56609,235,211,446,
56611,248,174,422,
56612,217,155,372,
56613,200,147,347,
56614,217,158,375,
56615,196,192,388,
56618,208,185,393,
56619,191,151,342,
56620,227,158,385,
56622,202,154,356,
56623,221,169,390,
56624,231,174,405,
56625,210,157,367,
56626,194,175,369,
56627,234,162,396,
56628,244,169,413,
56629,220,169,389,
56631,226,150,376,
56632,223,153,376,
56633,209,162,371,
56634,209,170,379,
56635,240,175,415,
56637,210,165,375,
56638,144,134,278,
56639,199,160,359,
56640,193,151,344,
56642,186,171,357,
56644,230,167,397,
56645,213,149,362,
56646,223,171,394,
56647,153,153,306,
56648,226,191,417,
56649,214,194,408,
56650,219,163,382,
56652,227,175,402,
56653,197,178,375,
56654,205,147,352,
56655,204,151,355,
56656,197,165,362,
56657,217,184,401,
56658,192,180,372,
56662,253,182,435,
56663,222,166,388,
56664,212,185,397,
56665,219,177,396,
56667,213,179,392,
56669,205,163,368,
56670,214,146,360,
56671,216,172,388,
56672,212,148,360,
56673,198,161,359,
56677,210,144,354,
56678,223,168,391,
56679,214,167,381,
56680,227,165,392,
56681,211,170,381,
56682,205,200,405,
56683,177,186,363,
56686,222,102,324,
56687,219,163,382,
56688,210,166,376,
56689,193,215,408,
56690,225,144,369,
56691,214,147,361,
56692,217,181,398,
56693,190,129,319,
56694,230,193,423,
56695,210,159,369,
56696,213,156,369,
56698,195,167,362,
56700,223,155,378,
56701,188,172,360,
56703,203,164,367,
56704,214,164,378,
56705,208,175,383,
56707,223,155,378,
56709,221,128,349,
56710,18,10,28,
56713,188,168,356,
56714,189,184,373,
56715,212,160,372,
56716,200,170,370,
56718,181,167,348,
56719,196,164,360,
56720,198,171,369,
56721,230,158,388,
56722,232,142,374,
56724,208,155,363,
56725,236,145,381,
56727,228,185,413,
56728,199,199,398,
56729,215,188,403,
56730,228,147,375,
56731,231,169,400,
56732,216,166,382,
56734,34,27,61,
56736,204,155,359,
56739,182,150,332,
56740,200,179,379,
56742,213,168,381,
56743,246,158,404,
56744,196,174,370,
56745,226,144,370,
56746,229,158,387,
56747,196,158,354,
56748,203,163,366,
56750,196,156,352,
56751,166,153,319,
56752,213,143,356,
56753,45,42,87,
56754,178,126,304,
56755,239,130,369,
56757,225,156,381,
56758,197,171,368,
56759,210,126,336,
56760,217,177,394,
56761,208,154,362,
56762,42,34,76,
56763,226,159,385,
56764,211,177,388,
56766,190,150,340,
56769,184,168,352,
56770,204,168,372,
56771,216,186,402,
56773,209,174,383,
56775,205,140,345,
56776,218,173,391,
56777,148,125,273,
56778,192,163,355,
56780,184,167,351,
56781,208,169,377,
56782,194,171,365,
56785,210,174,384,
56786,196,160,356,
56787,221,165,386,
56788,224,167,391,
56789,211,167,378,
56791,219,154,373,
56792,197,162,359,
56794,211,167,378,
56796,227,135,362,
56799,206,172,378,
56800,213,176,389,
56801,206,168,374,
56802,200,161,361,
56803,216,143,359,
56804,224,203,427,
56807,221,177,398,
56808,198,168,366,
56810,227,164,391,
56811,204,175,379,
56812,214,172,386,
56813,222,170,392,
56815,220,182,402,
56816,193,175,368,
56817,196,152,348,
56819,208,153,361,
56820,193,175,368,
56821,196,150,346,
56823,204,158,362,
56824,205,145,350,
56825,222,159,381,
56826,211,176,387,
56827,193,154,347,
56828,219,163,382,
56830,214,130,344,
56831,194,142,336,
56832,230,181,411,
56833,193,175,368,
56834,217,147,364,
56835,193,182,375,
56836,220,166,386,
56839,29,35,64,
56845,205,147,352,
56846,208,156,364,
56847,213,163,376,
56848,222,177,399,
56849,202,167,369,
56850,201,166,367,
56851,201,169,370,
56852,210,147,357,
56853,232,166,398,
56855,22,22,44,
56856,218,191,409,
56858,198,174,372,
56859,185,179,364,
56861,204,157,361,
56863,212,185,397,
56864,207,143,350,
56866,222,156,378,
56867,243,159,402,
56868,211,152,363,
56870,225,167,392,
56871,220,149,369,
56872,203,177,380,
56873,211,150,361,
56874,185,161,346,
56875,200,151,351,
56876,204,167,371,
56877,215,178,393,
56878,219,169,388,
56879,180,176,356,
56880,222,161,383,
56881,208,173,381,
56882,203,169,372,
56884,216,163,379,
56885,189,158,347,
56887,204,162,366,
56888,201,166,367,
56889,189,169,358,
56890,210,143,353,
56891,196,152,348,
56892,187,152,339,
56893,207,157,364,
56895,216,150,366,
56896,210,164,374,
56897,239,163,402,
56899,212,179,391,
56900,200,165,365,
56901,196,201,397,
56902,256,159,415,
56904,221,192,413,
56905,188,159,347,
56906,197,158,355,
56907,233,200,433,
56908,198,168,366,
56909,196,160,356,
56911,199,180,379,
56912,212,169,381,
56913,225,151,376,
56914,41,28,69,
56915,225,167,392,
56916,221,151,372,
56917,227,167,394,
56918,196,146,342,
56919,211,167,378,
56920,217,155,372,
56921,222,162,384,
56922,225,158,383,
56924,232,174,406,
56927,212,163,375,
56928,208,154,362,
56929,198,176,374,
56930,236,149,385,
56931,227,196,423,
56932,203,145,348,
56935,220,162,382,
56936,216,140,356,
56937,217,140,357,
56938,200,176,376,
56939,203,162,365,
56940,184,198,382,
56941,219,174,393,
56942,199,177,376,
56943,157,152,309,
56944,196,171,367,
56945,236,144,380,
56947,224,184,408,
56949,34,33,67,
56951,216,152,368,
56952,235,159,394,
56953,187,168,355,
56954,213,150,363,
56956,41,23,64,
56957,211,179,390,
56958,184,162,346,
56959,191,151,342,
56960,24,14,38,
56961,271,142,413,
56962,195,165,360,
56966,214,167,381,
56968,205,151,356,
56969,44,39,83,
56970,189,172,361,
56972,238,166,404,
56973,30,24,54,
56974,204,137,341,
56975,228,176,404,
56976,212,157,369,
56977,208,188,396,
56978,230,156,386,
56979,193,170,363,
56980,169,114,283,
56981,225,191,416,
56983,178,113,291,
56984,205,169,374,
56985,219,174,393,
56986,15,9,24,
56987,225,174,399,
56989,189,136,325,
56990,162,103,265,
56991,190,152,342,
56992,194,149,343,
56993,205,164,369,
56994,220,157,377,
56995,240,167,407,
56996,243,163,406,
56997,242,170,412,
56998,205,173,378,
56999,229,187,416,
57000,213,210,423,
57003,138,98,236,
57005,215,145,360,
57007,181,181,362,
57009,223,163,386,
57011,211,169,380,
57013,210,161,371,
57014,201,165,366,
57015,222,170,392,
57016,205,179,384,
57017,129,91,220,
57020,216,166,382,
57022,205,158,363,
57025,185,145,330,
57027,212,176,388,
57028,202,171,373,
57029,176,200,376,
57030,220,163,383,
57031,219,179,398,
57033,181,146,327,
57034,203,154,357,
57035,204,183,387,
57036,223,156,379,
57037,188,155,343,
57038,220,185,405,
57039,200,158,358,
57040,202,158,360,
57041,185,141,326,
57042,211,177,388,
57043,202,163,365,
57044,228,164,392,
57045,217,180,397,
57046,260,162,422,
57047,221,163,384,
57050,200,165,365,
57051,225,170,395,
57052,209,190,399,
57056,196,163,359,
57058,224,177,401,
57060,197,162,359,
57061,220,165,385,
57062,224,181,405,
57064,236,184,420,
57065,192,164,356,
57066,224,164,388,
57067,200,168,368,
57069,202,169,371,
57070,218,170,388,
57071,18,18,36,
57072,200,128,328,
57073,188,177,365,
57074,200,129,329,
57075,213,177,390,
57077,210,152,362,
57078,154,202,356,
57079,221,172,393,
57082,210,149,359,
57084,183,172,355,
57085,206,165,371,
57087,209,170,379,
57088,196,152,348,
57089,230,182,412,
57091,140,106,246,
57092,222,175,397,
57094,223,181,404,
57095,235,170,405,
57097,203,169,372,
57098,208,178,386,
57099,212,182,394,
57101,219,163,382,
57102,192,164,356,
57103,203,170,373,
57104,175,158,333,
57105,212,169,381,
57106,226,174,400,
57107,44,29,73,
57108,184,169,353,
57109,44,42,86,
57110,221,168,389,
57111,208,184,392,
57113,220,179,399,
57115,178,183,361,
57116,222,148,370,
57117,216,152,368,
57118,200,167,367,
57120,151,131,282,
57121,230,189,419,
57122,160,129,289,
57123,198,179,377,
57124,235,162,397,
57126,217,158,375,
57127,204,174,378,
57128,205,175,380,
57130,3,2,5,
57132,4,5,9,
57133,231,176,407,
57135,214,166,380,
57136,204,183,387,
57137,212,158,370,
57138,175,159,334,
57140,194,173,367,
57141,211,146,357,
57143,196,171,367,
57145,190,161,351,
57147,204,150,354,
57148,223,179,402,
57151,187,170,357,
57152,219,153,372,
57153,229,192,421,
57154,186,172,358,
57155,222,160,382,
57156,208,191,399,
57157,206,172,378,
57158,213,173,386,
57159,202,151,353,
57160,194,162,356,
57161,160,147,307,
57162,212,170,382,
57163,194,146,340,
57164,207,144,351,
57165,180,151,331,
57168,197,167,364,
57169,201,158,359,
57170,211,143,354,
57171,205,160,365,
57172,232,127,359,
57173,259,160,419,
57174,221,177,398,
57175,197,140,337,
57176,237,163,400,
57177,180,169,349,
57178,222,161,383,
57179,207,165,372,
57180,25,16,41,
57181,212,146,358,
57182,163,152,315,
57183,221,162,383,
57184,205,154,359,
57185,203,180,383,
57186,215,158,373,
57187,229,157,386,
57190,205,156,361,
57191,218,171,389,
57192,205,163,368,
57193,204,145,349,
57194,219,152,371,
57195,209,166,375,
57196,203,159,362,
57197,213,182,395,
57198,198,161,359,
57199,228,167,395,
57200,218,157,375,
57201,162,193,355,
57203,218,155,373,
57204,221,173,394,
57205,236,173,409,
57207,211,148,359,
57209,212,171,383,
57210,232,183,415,
57211,203,161,364,
57212,216,169,385,
57213,219,158,377,
57216,211,166,377,
57218,209,155,364,
57219,207,167,374,
57220,212,150,362,
57222,203,165,368,
57223,190,189,379,
57224,225,187,412,
57225,200,152,352,
57226,243,156,399,
57227,208,160,368,
57228,204,186,390,
57230,190,190,380,
57231,196,161,357,
57232,229,171,400,
57235,195,172,367,
57236,200,160,360,
57239,35,18,53,
57240,201,162,363,
57241,204,176,380,
57242,199,178,377,
57245,207,157,364,
57246,204,159,363,
57247,217,161,378,
57248,107,135,242,
57249,205,169,374,
57251,221,164,385,
57252,235,167,402,
57253,204,200,404,
57254,32,26,58,
57255,199,163,362,
57257,221,168,389,
57258,38,43,81,
57259,212,177,389,
57261,205,155,360,
57262,244,174,418,
57263,209,140,349,
57266,205,133,338,
57267,177,149,326,
57268,225,161,386,
57269,245,156,401,
57270,213,187,400,
57271,220,169,389,
57273,215,176,391,
57274,203,161,364,
57275,208,162,370,
57277,207,155,362,
57278,185,169,354,
57279,219,178,397,
57280,233,175,408,
57281,187,145,332,
57282,229,168,397,
57284,213,167,380,
57285,225,165,390,
57286,198,164,362,
57287,186,175,361,
57288,207,189,396,
57289,237,181,418,
57290,228,179,407,
57291,213,163,376,
57292,227,154,381,
57293,195,184,379,
57294,198,182,380,
57295,191,173,364,
57297,200,193,393,
57298,206,171,377,
57299,193,173,366,
57301,205,200,405,
57302,173,181,354,
57304,202,181,383,
57306,216,159,375,
57308,201,155,356,
57309,213,162,375,
57310,194,145,339,
57311,195,173,368,
57312,236,137,373,
57313,210,168,378,
57314,155,134,289,
57315,216,163,379,
57316,214,156,370,
57318,201,160,361,
57319,181,173,354,
57320,194,180,374,
57321,213,167,380,
57322,199,150,349,
57323,223,170,393,
57326,187,173,360,
57327,208,160,368,
57328,206,157,363,
57329,186,155,341,
57330,194,188,382,
57331,209,146,355,
57332,216,164,380,
57334,209,172,381,
57335,191,181,372,
57336,217,158,375,
57337,228,169,397,
57339,213,156,369,
57340,194,179,373,
57341,198,150,348,
57342,200,173,373,
57343,229,164,393,
57344,201,144,345,
57345,212,137,349,
57346,213,164,377,
57348,196,158,354,
57349,218,158,376,
57350,187,169,356,
57351,164,156,320,
57352,196,186,382,
57354,192,188,380,
57355,188,168,356,
57356,190,178,368,
57358,212,174,386,
57361,35,24,59,
57362,187,178,365,
57364,212,155,367,
57365,202,169,371,
57366,155,148,303,
57368,201,159,360,
57370,197,162,359,
57371,203,165,368,
57372,205,159,364,
57373,206,163,369,
57375,189,124,313,
57376,160,101,261,
57377,213,155,368,
57378,178,172,350,
57379,231,164,395,
57380,202,168,370,
57381,196,148,344,
57384,224,178,402,
57387,205,143,348,
57388,4,4,8,
57389,203,157,360,
57390,208,166,374,
57392,170,155,325,
57393,205,165,370,
57396,209,149,358,
57398,25,9,34,
57399,210,170,380,
57400,221,169,390,
57402,216,152,368,
57404,220,160,380,
57407,227,161,388,
57409,192,151,343,
57410,20,15,35,
57412,209,155,364,
57413,216,168,384,
57414,206,178,384,
57415,194,166,360,
57416,200,156,356,
57417,214,175,389,
57418,224,147,371,
57419,200,168,368,
57420,217,160,377,
57421,198,161,359,
57422,188,162,350,
57423,182,148,330,
57424,225,173,398,
57425,22,16,38,
57426,210,172,382,
57427,177,153,330,
57428,204,154,358,
57430,201,144,345,
57431,227,167,394,
57432,221,160,381,
57433,194,169,363,
57434,214,179,393,
57435,51,39,90,
57436,203,151,354,
57437,214,191,405,
57439,207,157,364,
57440,214,177,391,
57441,228,157,385,
57443,194,178,372,
57444,154,141,295,
57446,211,167,378,
57447,186,171,357,
57448,214,128,342,
57449,215,158,373,
57450,205,172,377,
57452,212,155,367,
57453,216,178,394,
57454,209,164,373,
57455,200,137,337,
57456,212,177,389,
57457,219,169,388,
57458,205,155,360,
57459,204,169,373,
57460,208,180,388,
57462,205,160,365,
57466,202,181,383,
57467,206,168,374,
57468,199,158,357,
57473,235,167,402,
57475,225,161,386,
57476,213,180,393,
57477,229,150,379,
57480,210,154,364,
57482,206,167,373,
57483,179,143,322,
57484,192,182,374,
57486,223,176,399,
57487,195,158,353,
57488,230,147,377,
57489,200,185,385,
57491,247,182,429,
57492,212,160,372,
57493,223,161,384,
57494,28,25,53,
57495,206,144,350,
57496,219,150,369,
57497,208,166,374,
57498,197,170,367,
57500,216,140,356,
57501,210,161,371,
57502,197,149,346,
57503,208,170,378,
57505,217,154,371,
57508,204,172,376,
57509,221,170,391,
57511,222,174,396,
57512,221,190,411,
57513,231,165,396,
57514,220,172,392,
57516,208,186,394,
57517,215,143,358,
57519,199,161,360,
57520,223,173,396,
57521,209,179,388,
57523,227,184,411,
57524,210,171,381,
57526,211,180,391,
57527,190,174,364,
57528,221,164,385,
57529,211,173,384,
57533,195,193,388,
57534,228,151,379,
57535,213,164,377,
57536,215,151,366,
57537,203,166,369,
57538,219,172,391,
57540,24,17,41,
57541,210,158,368,
57542,226,193,419,
57544,223,174,397,
57546,205,176,381,
57547,187,169,356,
57548,240,179,419,
57549,203,165,368,
57550,224,173,397,
57554,206,178,384,
57555,190,164,354,
57557,201,191,392,
57558,207,176,383,
57559,214,159,373,
57560,191,172,363,
57561,200,159,359,
57562,225,157,382,
57563,202,181,383,
57564,198,198,396,
57565,26,12,38,
57566,27,31,58,
57567,218,190,408,
57568,212,146,358,
57569,3,1,4,
57571,195,175,370,
57572,209,153,362,
57573,220,167,387,
57574,210,169,379,
57575,221,171,392,
57577,208,158,366,
57578,204,166,370,
57580,201,159,360,
57581,225,180,405,
57582,188,157,345,
57583,201,166,367,
57584,200,172,372,
57585,215,164,379,
57588,128,98,226,
57590,192,161,353,
57591,236,166,402,
57592,223,168,391,
57593,205,161,366,
57594,202,175,377,
57595,194,188,382,
57596,212,161,373,
57597,189,166,355,
57599,234,168,402,
57601,24,28,52,
57602,182,153,335,
57604,197,171,368,
57605,200,182,382,
57607,220,175,395,
57608,168,126,294,
57609,22,7,29,
57610,151,121,272,
57612,198,174,372,
57614,200,179,379,
57616,211,154,365,
57617,232,182,414,
57618,214,152,366,
57619,199,187,386,
57620,215,144,359,
57622,211,162,373,
57623,204,160,364,
57624,223,176,399,
57625,202,189,391,
57626,199,154,353,
57627,242,144,386,
57628,224,163,387,
57629,222,166,388,
57630,222,177,399,
57633,220,163,383,
57636,197,174,371,
57638,193,146,339,
57640,214,157,371,
57641,179,156,335,
57642,211,170,381,
57644,200,159,359,
57645,212,163,375,
57648,226,155,381,
57649,197,161,358,
57650,229,148,377,
57652,210,181,391,
57653,189,185,374,
57654,209,145,354,
57658,226,155,381,
57659,193,188,381,
57660,169,168,337,
57661,202,164,366,
57662,204,204,408,
57663,215,180,395,
57664,191,184,375,
57665,185,172,357,
57666,230,189,419,
57669,39,24,63,
57670,203,158,361,
57672,191,173,364,
57673,201,168,369,
57674,218,171,389,
57676,200,156,356,
57677,189,159,348,
57678,204,157,361,
57679,212,128,340,
57680,199,175,374,
57681,229,162,391,
57682,212,175,387,
57683,190,143,333,
57684,198,181,379,
57685,177,157,334,
57686,221,140,361,
57687,212,168,380,
57689,206,179,385,
57690,201,185,386,
57692,225,177,402,
57693,215,160,375,
57694,223,142,365,
57696,202,167,369,
57697,196,153,349,
57698,197,154,351,
57699,199,176,375,
57700,210,164,374,
57701,223,146,369,
57702,9,10,19,
57703,197,154,351,
57704,212,169,381,
57709,215,175,390,
57711,213,167,380,
57712,218,156,374,
57713,215,181,396,
57715,32,29,61,
57716,211,173,384,
57717,215,194,409,
57718,227,167,394,
57719,189,205,394,
57720,200,175,375,
57721,221,137,358,
57724,202,152,354,
57725,209,170,379,
57726,227,157,384,
57727,228,169,397,
57728,214,173,387,
57730,237,172,409,
57731,243,137,380,
57732,202,166,368,
57733,157,172,329,
57735,193,162,355,
57736,200,168,368,
57738,213,159,372,
57739,219,165,384,
57740,232,176,408,
57741,206,172,378,
57743,198,135,333,
57744,209,140,349,
57745,218,186,404,
57746,228,178,406,
57753,205,160,365,
57754,10,7,17,
57755,236,186,422,
57756,195,179,374,
57757,235,178,413,
57758,175,170,345,
57759,201,161,362,
57760,219,173,392,
57761,205,162,367,
57762,194,175,369,
57763,203,162,365,
57765,223,141,364,
57766,211,183,394,
57769,192,164,356,
57770,221,176,397,
57772,230,174,404,
57773,215,158,373,
57775,169,144,313,
57776,220,164,384,
57777,21,23,44,
57778,217,167,384,
57780,10,7,17,
57781,210,149,359,
57782,177,178,355,
57783,185,155,340,
57784,222,184,406,
57785,215,153,368,
57788,218,176,394,
57789,29,21,50,
57790,202,165,367,
57791,195,160,355,
57792,207,172,379,
57794,204,169,373,
57795,23,26,49,
57796,26,20,46,
57798,210,147,357,
57799,160,145,305,
57801,208,168,376,
57802,213,168,381,
57804,220,165,385,
57806,33,34,67,
57807,221,140,361,
57809,204,154,358,
57810,193,177,370,
57812,236,163,399,
57813,204,169,373,
57814,184,179,363,
57815,249,173,422,
57817,191,154,345,
57818,193,164,357,
57820,211,159,370,
57821,206,148,354,
57822,209,151,360,
57823,205,167,372,
57824,236,164,400,
57825,205,153,358,
57826,208,173,381,
57827,205,166,371,
57828,207,157,364,
57829,214,159,373,
57830,196,173,369,
57831,197,153,350,
57832,243,185,428,
57833,217,146,363,
57834,214,132,346,
57835,186,163,349,
57836,207,149,356,
57837,202,183,385,
57839,217,160,377,
57840,210,145,355,
57841,203,191,394,
57842,231,168,399,
57843,220,158,378,
57844,227,134,361,
57847,209,162,371,
57848,229,182,411,
57849,218,171,389,
57850,184,159,343,
57851,209,174,383,
57853,197,161,358,
57854,244,146,390,
57855,221,163,384,
57856,218,198,416,
57857,192,157,349,
57858,213,177,390,
57859,188,179,367,
57861,200,154,354,
57862,221,167,388,
57863,194,158,352,
57864,222,166,388,
57865,198,172,370,
57866,204,162,366,
57867,209,182,391,
57869,195,130,325,
57870,197,154,351,
57871,28,28,56,
57872,181,153,334,
57874,221,161,382,
57875,1,5,6,
57876,170,130,300,
57877,185,159,344,
57878,221,162,383,
57879,238,167,405,
57880,206,165,371,
57883,204,176,380,
57884,202,150,352,
57885,189,161,350,
57886,237,180,417,
57887,221,135,356,
57888,127,92,219,
57889,206,159,365,
57894,201,163,364,
57895,200,162,362,
57898,193,150,343,
57900,205,162,367,
57901,200,149,349,
57902,226,165,391,
57905,221,151,372,
57907,199,174,373,
57908,223,160,383,
57909,36,21,57,
57911,224,179,403,
57912,221,174,395,
57914,211,173,384,
57915,198,169,367,
57916,210,168,378,
57917,220,146,366,
57918,214,175,389,
57919,213,162,375,
57920,231,167,398,
57921,220,184,404,
57923,218,193,411,
57924,201,173,374,
57925,210,157,367,
57927,204,199,403,
57928,207,166,373,
57931,199,166,365,
57933,212,178,390,
57935,234,159,393,
57936,194,169,363,
57938,188,158,346,
57941,184,171,355,
57942,214,185,399,
57943,201,183,384,
57944,210,176,386,
57945,190,162,352,
57947,223,152,375,
57950,167,130,297,
57952,242,157,399,
57955,227,174,401,
57956,175,167,342,
57958,214,156,370,
57959,199,167,366,
57960,226,168,394,
57961,229,159,388,
57963,34,37,71,
57966,236,158,394,
57967,210,162,372,
57968,241,150,391,
57969,220,153,373,
57970,212,157,369,
57971,209,167,376,
57972,238,188,426,
57974,37,30,67,
57975,210,153,363,
57977,234,136,370,
57978,193,172,365,
57979,177,165,342,
57980,188,152,340,
57981,139,121,260,
57982,186,134,320,
57983,186,156,342,
57985,199,162,361,
57986,201,146,347,
57987,213,142,355,
57988,220,161,381,
57989,203,154,357,
57990,33,47,80,
57992,210,171,381,
57993,236,166,402,
57994,222,178,400,
57995,228,159,387,
57997,196,195,391,
57999,215,166,381,
58000,206,153,359,
58001,198,154,352,
58002,205,178,383,
58003,213,158,371,
58004,186,187,373,
58007,208,152,360,
58008,237,153,390,
58009,211,180,391,
58010,202,151,353,
58011,185,163,348,
58012,218,161,379,
58013,213,173,386,
58014,207,159,366,
58015,31,33,64,
58016,217,188,405,
58017,178,179,357,
58019,202,166,368,
58021,200,142,342,
58022,214,138,352,
58023,206,164,370,
58027,211,172,383,
58028,182,156,338,
58030,190,163,353,
58032,213,151,364,
58034,216,173,389,
58035,205,166,371,
58037,211,152,363,
58039,210,182,392,
58040,217,179,396,
58041,224,149,373,
58043,214,158,372,
58044,205,179,384,
58046,203,160,363,
58047,220,173,393,
58048,229,163,392,
58052,213,171,384,
58053,207,163,370,
58055,229,158,387,
58058,212,177,389,
58059,216,166,382,
58061,209,163,372,
58062,200,177,377,
58063,198,168,366,
58064,234,163,397,
58066,214,165,379,
58067,199,172,371,
58068,188,150,338,
58069,196,168,364,
58070,220,153,373,
58072,230,160,390,
58073,196,181,377,
58074,228,152,380,
58076,207,175,382,
58077,196,168,364,
58078,180,173,353,
58079,194,151,345,
58080,195,169,364,
58081,231,163,394,
58082,174,180,354,
58084,183,159,342,
58085,181,134,315,
58088,210,161,371,
58089,233,160,393,
58091,209,157,366,
58092,198,174,372,
58093,218,163,381,
58094,235,148,383,
58095,198,161,359,
58096,199,148,347,
58098,181,142,323,
58099,201,145,346,
58100,189,167,356,
58102,181,169,350,
58104,25,21,46,
58105,220,149,369,
58109,199,149,348,
58110,194,173,367,
58111,214,176,390,
58113,227,157,384,
58117,221,138,359,
58121,212,172,384,
58122,204,166,370,
58124,224,189,413,
58125,210,163,373,
58126,233,193,426,
58129,232,147,379,
58132,219,164,383,
58133,207,184,391,
58134,13,13,26,
58135,212,164,376,
58136,208,161,369,
58137,199,166,365,
58138,33,20,53,
58139,219,165,384,
58140,218,155,373,
58141,214,167,381,
58142,202,172,374,
58143,201,165,366,
58144,204,176,380,
58145,221,182,403,
58146,230,153,383,
58147,174,140,314,
58148,209,148,357,
58149,245,167,412,
58150,195,158,353,
58151,211,153,364,
58152,219,166,385,
58153,215,163,378,
58154,209,168,377,
58155,225,165,390,
58156,199,154,353,
58157,215,179,394,
58158,224,171,395,
58159,207,146,353,
58160,225,169,394,
58161,217,151,368,
58162,200,178,378,
58164,216,162,378,
58165,220,151,371,
58166,188,173,361,
58167,208,148,356,
58168,199,150,349,
58169,213,151,364,
58170,215,147,362,
58171,235,166,401,
58172,33,28,61,
58174,186,151,337,
58175,196,165,361,
58176,205,133,338,
58177,201,181,382,
58178,211,171,382,
58179,189,181,370,
58182,252,121,373,
58185,192,178,370,
58186,202,144,346,
58187,235,171,406,
58188,196,180,376,
58190,227,157,384,
58191,190,172,362,
58193,213,163,376,
58195,203,163,366,
58196,222,156,378,
58198,186,146,332,
58199,210,175,385,
58200,212,168,380,
58203,205,179,384,
58204,152,143,295,
58205,215,148,363,
58206,205,167,372,
58209,209,162,371,
58211,218,176,394,
58213,210,169,379,
58214,211,168,379,
58215,211,158,369,
58217,209,192,401,
58218,200,151,351,
58219,202,175,377,
58221,164,173,337,
58222,212,161,373,
58224,204,171,375,
58225,207,178,385,
58226,193,160,353,
58227,185,169,354,
58228,212,161,373,
58229,228,164,392,
58230,229,152,381,
58231,197,178,375,
58232,203,157,360,
58233,199,170,369,
58234,203,152,355,
58236,203,148,351,
58237,191,170,361,
58239,232,156,388,
58241,203,138,341,
58243,14,19,33,
58244,212,182,394,
58245,227,146,373,
58248,235,144,379,
58249,202,136,338,
58250,237,162,399,
58251,219,198,417,
58253,200,173,373,
58254,217,184,401,
58255,223,141,364,
58256,232,169,401,
58257,178,154,332,
58258,205,161,366,
58259,25,29,54,
58261,196,165,361,
58262,209,160,369,
58263,46,31,77,
58265,201,174,375,
58269,210,180,390,
58270,214,162,376,
58271,200,166,366,
58273,195,172,367,
58274,215,165,380,
58276,227,138,365,
58277,196,143,339,
58278,195,141,336,
58280,224,169,393,
58281,243,156,399,
58283,215,160,375,
58285,200,163,363,
58286,182,147,329,
58287,212,150,362,
58288,186,160,346,
58289,230,164,394,
58290,206,165,371,
58291,221,160,381,
58292,203,181,384,
58293,222,156,378,
58294,194,158,352,
58296,210,181,391,
58297,214,139,353,
58299,160,137,297,
58300,212,166,378,
58302,183,171,354,
58303,202,173,375,
58304,183,134,317,
58305,204,169,373,
58306,194,153,347,
58307,205,158,363,
58308,148,142,290,
58309,231,167,398,
58310,212,160,372,
58311,202,162,364,
58312,210,154,364,
58313,219,169,388,
58314,209,150,359,
58315,223,162,385,
58316,9,11,20,
58317,200,182,382,
58319,205,158,363,
58320,194,162,356,
58321,221,157,378,
58322,31,31,62,
58323,218,166,384,
58324,228,160,388,
58325,185,188,373,
58326,193,134,327,
58327,207,157,364,
58328,213,142,355,
58329,208,161,369,
58330,189,164,353,
58331,212,162,374,
58332,210,176,386,
58333,207,171,378,
58334,172,170,342,
58335,31,30,61,
58336,221,174,395,
58341,205,143,348,
58342,208,167,375,
58343,193,160,353,
58344,204,151,355,
58345,231,169,400,
58347,173,124,297,
58348,228,170,398,
58349,204,155,359,
58350,217,151,368,
58351,212,178,390,
58354,198,178,376,
58355,235,153,388,
58356,198,156,354,
58358,200,192,392,
58359,194,156,350,
58361,199,136,335,
58362,212,153,365,
58363,204,154,358,
58364,230,148,378,
58365,218,166,384,
58366,216,163,379,
58368,228,163,391,
58369,237,169,406,
58370,209,190,399,
58371,200,131,331,
58372,176,181,357,
58373,235,171,406,
58376,206,177,383,
58378,209,166,375,
58379,187,159,346,
58380,204,173,377,
58381,204,191,395,
58382,170,178,348,
58383,2,3,5,
58384,210,168,378,
58385,167,185,352,
58387,201,154,355,
58388,225,163,388,
58389,195,162,357,
58390,212,171,383,
58391,220,162,382,
58393,202,160,362,
58394,184,139,323,
58395,232,193,425,
58396,230,172,402,
58397,201,157,358,
58398,224,157,381,
58399,202,163,365,
58400,39,21,60,
58401,196,154,350,
58402,238,175,413,
58403,193,138,331,
58404,238,175,413,
58405,179,144,323,
58406,217,172,389,
58409,229,187,416,
58410,206,182,388,
58411,214,158,372,
58412,207,165,372,
58413,199,155,354,
58414,221,145,366,
58415,199,162,361,
58416,215,145,360,
58417,202,165,367,
58418,205,166,371,
58419,212,176,388,
58420,210,174,384,
58421,218,164,382,
58423,14,11,25,
58424,218,164,382,
58426,215,176,391,
58427,217,157,374,
58428,230,176,406,
58429,187,151,338,
58430,223,158,381,
58431,199,173,372,
58432,207,164,371,
58433,220,167,387,
58434,214,152,366,
58435,228,156,384,
58436,199,166,365,
58437,206,187,393,
58439,234,155,389,
58440,208,165,373,
58441,210,171,381,
58442,203,157,360,
58443,214,170,384,
58444,218,167,385,
58445,212,155,367,
58446,200,176,376,
58447,212,170,382,
58448,221,153,374,
58449,224,178,402,
58450,207,180,387,
58451,222,159,381,
58452,212,190,402,
58454,213,155,368,
58456,199,158,357,
58457,194,178,372,
58458,227,185,412,
58459,208,169,377,
58460,222,160,382,
58461,209,185,394,
58462,196,153,349,
58463,194,152,346,
58464,182,136,318,
58465,205,165,370,
58466,209,161,370,
58467,210,167,377,
58468,186,152,338,
58470,174,126,300,
58471,237,154,391,
58473,194,177,371,
58474,214,154,368,
58475,188,162,350,
58477,220,167,387,
58479,204,168,372,
58481,30,23,53,
58482,215,186,401,
58483,208,189,397,
58484,216,155,371,
58485,204,175,379,
58487,213,154,367,
58488,213,142,355,
58490,204,175,379,
58491,211,156,367,
58493,234,163,397,
58495,232,178,410,
58496,211,144,355,
58497,181,135,316,
58498,211,136,347,
58499,208,152,360,
58500,197,170,367,
58501,204,166,370,
58503,225,173,398,
58504,207,157,364,
58508,226,167,393,
58509,196,170,366,
58510,184,161,345,
58511,227,173,400,
58513,202,149,351,
58514,217,165,382,
58515,190,150,340,
58516,206,112,318,
58517,243,154,397,
58518,184,168,352,
58519,207,169,376,
58521,200,158,358,
58523,228,179,407,
58524,212,155,367,
58525,211,171,382,
58526,235,165,400,
58530,216,192,408,
58531,212,166,378,
58532,212,164,376,
58533,241,167,408,
58534,227,180,407,
58535,184,177,361,
58536,193,185,378,
58537,189,190,379,
58538,178,179,357,
58540,223,172,395,
58543,192,166,358,
58544,212,172,384,
58545,198,165,363,
58547,201,140,341,
58548,222,162,384,
58549,247,160,407,
58551,200,168,368,
58552,227,175,402,
58553,208,166,374,
58554,214,149,363,
58556,27,26,53,
58557,218,168,386,
58558,219,167,386,
58559,194,150,344,
58560,222,173,395,
58561,207,161,368,
58562,220,153,373,
58563,213,165,378,
58564,211,129,340,
58565,233,174,407,
58566,201,139,340,
58568,200,179,379,
58569,230,152,382,
58570,175,187,362,
58571,202,163,365,
58572,216,155,371,
58573,24,24,48,
58574,199,163,362,
58575,230,169,399,
58577,201,172,373,
58578,215,146,361,
58579,238,161,399,
58580,199,168,367,
58581,192,151,343,
58582,196,160,356,
58585,199,151,350,
58586,216,168,384,
58588,237,158,395,
58589,221,165,386,
58590,210,152,362,
58591,216,151,367,
58592,217,166,383,
58593,212,169,381,
58594,191,149,340,
58598,223,165,388,
58599,184,174,358,
58600,225,161,386,
58601,213,194,407,
58604,29,23,52,
58605,198,165,363,
58606,222,153,375,
58608,13,13,26,
58609,206,168,374,
58611,192,178,370,
58612,196,152,348,
58613,198,176,374,
58614,222,166,388,
58615,234,170,404,
58616,206,154,360,
58618,202,157,359,
58620,214,155,369,
58621,203,173,376,
58623,194,159,353,
58626,213,175,388,
58627,222,161,383,
58628,207,157,364,
58629,210,167,377,
58630,218,181,399,
58631,233,141,374,
58632,198,165,363,
58633,203,182,385,
58635,143,143,286,
58636,220,167,387,
58637,202,183,385,
58638,218,171,389,
58639,203,137,340,
58640,222,126,348,
58642,205,165,370,
58643,210,141,351,
58646,229,170,399,
58647,233,147,380,
58648,223,162,385,
58649,178,181,359,
58650,246,159,405,
58651,220,153,373,
58652,198,168,366,
58653,231,170,401,
58655,238,151,389,
58656,16,19,35,
58659,206,155,361,
58660,196,195,391,
58661,197,166,363,
58662,176,179,355,
58663,169,126,295,
58664,238,171,409,
58665,228,181,409,
58666,224,146,370,
58667,194,190,384,
58668,213,157,370,
58669,206,152,358,
58670,190,166,356,
58672,223,148,371,
58674,227,173,400,
58675,220,179,399,
58676,197,161,358,
58677,207,168,375,
58679,217,154,371,
58680,181,182,363,
58683,207,146,353,
58684,224,167,391,
58689,225,169,394,
58690,214,154,368,
58692,217,178,395,
58693,206,157,363,
58694,237,157,394,
58695,207,152,359,
58697,190,139,329,
58698,202,143,345,
58699,173,173,346,
58700,205,170,375,
58701,155,170,325,
58703,203,174,377,
58704,194,163,357,
58705,198,167,365,
58706,205,153,358,
58709,212,190,402,
58710,255,174,429,
58712,176,151,327,
58714,224,171,395,
58715,199,162,361,
58716,220,165,385,
58717,233,183,416,
58718,202,167,369,
58719,228,158,386,
58721,238,167,405,
58722,217,190,407,
58723,211,187,398,
58724,223,157,380,
58725,214,162,376,
58726,219,158,377,
58727,218,164,382,
58728,217,146,363,
58729,208,189,397,
58730,222,177,399,
58731,205,165,370,
58732,188,171,359,
58734,202,149,351,
58735,222,155,377,
58736,174,167,341,
58737,227,162,389,
58738,183,177,360,
58739,206,172,378,
58740,209,183,392,
58741,208,167,375,
58743,221,170,391,
58744,199,160,359,
58746,227,184,411,
58747,195,164,359,
58749,197,168,365,
58750,243,167,410,
58751,211,179,390,
58752,211,160,371,
58755,209,144,353,
58756,206,191,397,
58758,218,148,366,
58759,200,162,362,
58760,182,163,345,
58761,169,109,278,
58762,206,169,375,
58763,166,130,296,
58764,204,162,366,
58765,203,168,371,
58766,214,160,374,
58767,233,168,401,
58768,219,158,377,
58769,195,168,363,
58771,191,154,345,
58772,213,144,357,
58773,193,138,331,
58774,189,162,351,
58776,223,151,374,
58778,202,155,357,
58779,210,167,377,
58780,195,155,350,
58782,189,164,353,
58783,13,12,25,
58784,192,165,357,
58788,216,158,374,
58790,228,168,396,
58791,200,155,355,
58792,229,156,385,
58793,30,24,54,
58794,209,171,380,
58795,200,154,354,
58797,215,168,383,
58798,175,162,337,
58801,219,152,371,
58802,193,144,337,
58803,225,153,378,
58805,236,157,393,
58806,244,165,409,
58807,219,161,380,
58808,204,156,360,
58809,198,173,371,
58810,187,164,351,
58811,212,149,361,
58812,213,179,392,
58815,207,186,393,
58816,234,161,395,
58817,235,155,390,
58818,221,168,389,
58819,207,158,365,
58820,191,142,333,
58821,200,147,347,
58822,233,143,376,
58823,40,37,77,
58826,231,162,393,
58828,200,145,345,
58829,227,182,409,
58832,201,152,353,
58833,212,167,379,
58835,8,6,14,
58836,228,193,421,
58838,202,154,356,
58840,231,193,424,
58841,218,145,363,
58842,198,170,368,
58843,223,170,393,
58844,202,167,369,
58845,195,152,347,
58847,230,167,397,
58848,146,115,261,
58849,196,159,355,
58850,227,167,394,
58851,215,139,354,
58852,191,161,352,
58853,233,147,380,
58854,216,172,388,
58855,215,172,387,
58856,221,165,386,
58858,196,170,366,
58859,188,168,356,
58860,227,159,386,
58862,228,166,394,
58863,250,149,399,
58864,225,163,388,
58865,198,147,345,
58866,205,170,375,
58869,203,181,384,
58870,207,161,368,
58872,226,193,419,
58873,205,169,374,
58874,211,166,377,
58875,166,141,307,
58878,216,190,406,
58880,207,136,343,
58881,200,156,356,
58883,184,177,361,
58885,207,165,372,
58886,211,163,374,
58888,214,201,415,
58889,226,166,392,
58890,204,150,354,
58895,211,186,397,
58896,185,167,352,
58897,215,154,369,
58898,207,172,379,
58899,175,159,334,
58900,199,163,362,
58901,215,147,362,
58903,200,158,358,
58904,215,162,377,
58906,177,141,318,
58907,31,19,50,
58908,25,11,36,
58909,192,169,361,
58910,229,166,395,
58911,232,169,401,
58912,191,141,332,
58913,197,166,363,
58914,211,167,378,
58916,209,182,391,
58917,234,170,404,
58918,219,172,391,
58919,221,163,384,
58922,230,168,398,
58923,208,171,379,
58924,180,160,340,
58926,187,173,360,
58927,212,171,383,
58928,222,145,367,
58929,204,117,321,
58930,197,149,346,
58931,207,161,368,
58932,198,163,361,
58934,233,175,408,
58935,197,152,349,
58936,215,134,349,
58937,138,111,249,
58938,17,20,37,
58939,239,166,405,
58941,191,172,363,
58944,181,179,360,
58945,212,160,372,
58946,188,154,342,
58947,216,152,368,
58948,206,142,348,
58951,151,121,272,
58952,228,146,374,
58953,171,141,312,
58954,221,183,404,
58955,208,154,362,
58956,183,143,326,
58958,202,144,346,
58962,206,166,372,
58963,199,162,361,
58964,214,172,386,
58966,208,147,355,
58967,207,172,379,
58968,203,146,349,
58970,219,165,384,
58971,191,171,362,
58972,215,172,387,
58973,23,31,54,
58974,31,19,50,
58975,202,158,360,
58976,11,5,16,
58977,210,156,366,
58978,240,146,386,
58979,220,171,391,
58980,192,166,358,
58983,205,159,364,
58984,239,157,396,
58985,192,170,362,
58987,38,19,57,
58988,205,160,365,
58989,195,150,345,
58990,238,178,416,
58992,32,25,57,
58993,199,177,376,
58994,199,174,373,
58995,209,154,363,
58996,234,150,384,
58998,189,165,354,
58999,234,178,412,
59000,204,170,374,
59001,235,149,384,
59002,205,153,358,
59003,229,151,380,
59004,201,148,349,
59005,181,170,351,
59007,206,140,346,
59008,187,183,370,
59009,224,164,388,
59011,214,183,397,
59012,215,167,382,
59013,233,179,412,
59014,4,4,8,
59015,216,165,381,
59017,210,143,353,
59018,22,20,42,
59020,211,168,379,
59021,181,154,335,
59022,201,159,360,
59025,216,178,394,
59027,218,163,381,
59028,200,155,355,
59029,198,171,369,
59030,206,189,395,
59033,213,173,386,
59034,235,179,414,
59035,11,13,24,
59036,195,141,336,
59037,238,190,428,
59038,206,168,374,
59039,210,156,366,
59041,212,162,374,
59042,212,170,382,
59043,203,172,375,
59045,200,164,364,
59046,210,165,375,
59047,229,176,405,
59048,215,177,392,
59050,181,172,353,
59052,192,162,354,
59053,202,172,374,
59054,206,163,369,
59055,4,11,15,
59056,209,175,384,
59057,218,131,349,
59058,203,156,359,
59060,206,164,370,
59061,259,171,430,
59062,225,165,390,
59064,198,158,356,
59065,208,173,381,
59067,183,153,336,
59068,190,183,373,
59069,208,163,371,
59070,204,156,360,
59072,215,174,389,
59073,215,202,417,
59074,213,157,370,
59075,237,153,390,
59076,231,162,393,
59078,217,154,371,
59079,205,163,368,
59080,141,135,276,
59081,212,138,350,
59086,207,182,389,
59088,231,149,380,
59090,230,173,403,
59092,212,135,347,
59093,32,11,43,
59094,183,146,329,
59095,196,175,371,
59096,202,159,361,
59097,188,163,351,
59098,238,150,388,
59099,244,155,399,
59100,191,163,354,
59101,207,156,363,
59102,250,170,420,
59103,24,13,37,
59104,14,26,40,
59105,227,188,415,
59106,205,168,373,
59107,242,161,403,
59108,37,22,59,
59111,211,157,368,
59112,190,158,348,
59113,201,178,379,
59114,207,138,345,
59115,210,162,372,
59116,176,154,330,
59117,238,150,388,
59118,200,194,394,
59119,228,156,384,
59121,198,172,370,
59122,219,172,391,
59123,22,14,36,
59124,224,150,374,
59125,218,174,392,
59126,232,146,378,
59128,214,146,360,
59129,214,160,374,
59130,226,146,372,
59131,210,188,398,
59132,200,127,327,
59134,225,158,383,
59136,202,155,357,
59139,196,157,353,
59140,220,158,378,
59141,219,179,398,
59142,203,165,368,
59143,206,172,378,
59144,163,118,281,
59145,222,193,415,
59146,223,181,404,
59147,223,168,391,
59148,204,160,364,
59149,210,169,379,
59150,227,193,420,
59151,189,168,357,
59154,228,181,409,
59155,213,150,363,
59156,242,178,420,
59157,206,184,390,
59158,221,186,407,
59159,211,154,365,
59160,223,171,394,
59161,202,152,354,
59162,222,161,383,
59164,33,31,64,
59165,192,183,375,
59166,3,4,7,
59167,213,183,396,
59168,210,167,377,
59169,210,157,367,
59170,217,156,373,
59173,31,37,68,
59175,142,122,264,
59176,208,170,378,
59177,230,153,383,
59178,114,130,244,
59179,203,157,360,
59180,219,182,401,
59182,217,171,388,
59183,223,144,367,
59184,226,179,405,
59185,223,169,392,
59186,203,165,368,
59187,217,157,374,
59188,229,182,411,
59189,197,175,372,
59191,211,165,376,
59192,204,160,364,
59193,190,161,351,
59194,25,11,36,
59195,186,157,343,
59196,235,171,406,
59197,187,172,359,
59198,208,171,379,
59199,203,175,378,
59201,37,26,63,
59202,207,164,371,
59203,204,169,373,
59204,198,154,352,
59205,223,156,379,
59207,189,173,362,
59208,200,166,366,
59209,29,22,51,
59210,238,157,395,
59211,224,187,411,
59212,220,151,371,
59215,209,159,368,
59216,220,172,392,
59217,225,163,388,
59218,229,157,386,
59219,211,178,389,
59220,216,162,378,
59221,228,152,380,
59222,28,23,51,
59224,222,155,377,
59226,180,165,345,
59227,201,165,366,
59229,250,190,440,
59231,188,183,371,
59232,215,155,370,
59233,207,148,355,
59234,218,171,389,
59235,138,105,243,
59236,214,161,375,
59237,200,176,376,
59238,234,154,388,
59239,236,186,422,
59240,227,181,408,
59241,178,172,350,
59243,202,162,364,
59244,203,180,383,
59245,206,155,361,
59246,200,159,359,
59247,224,157,381,
59249,193,161,354,
59252,191,151,342,
59253,237,174,411,
59254,187,166,353,
59255,189,180,369,
59256,203,155,358,
59257,221,185,406,
59258,7,3,10,
59259,210,183,393,
59260,216,178,394,
59261,195,132,327,
59262,228,148,376,
59263,195,174,369,
59266,180,157,337,
59267,36,32,68,
59268,185,119,304,
59269,231,136,367,
59270,226,176,402,
59271,222,154,376,
59272,193,157,350,
59273,191,141,332,
59274,206,169,375,
59275,181,134,315,
59279,210,158,368,
59280,211,145,356,
59281,182,179,361,
59282,175,122,297,
59283,236,175,411,
59284,197,177,374,
59285,201,148,349,
59286,188,179,367,
59287,226,163,389,
59289,203,162,365,
59290,211,165,376,
59291,207,172,379,
59292,194,180,374,
59293,208,148,356,
59294,195,150,345,
59295,207,171,378,
59297,191,186,377,
59298,238,166,404,
59299,223,163,386,
59301,204,150,354,
59302,229,155,384,
59303,33,21,54,
59304,219,154,373,
59305,213,160,373,
59308,225,170,395,
59309,227,166,393,
59310,214,179,393,
59311,126,83,209,
59313,175,155,330,
59314,197,139,336,
59316,214,168,382,
59317,202,173,375,
59318,226,149,375,
59320,218,167,385,
59322,218,153,371,
59323,211,151,362,
59325,180,162,342,
59328,215,156,371,
59329,222,168,390,
59330,203,177,380,
59331,223,165,388,
59332,227,184,411,
59333,204,171,375,
59334,211,163,374,
59335,225,157,382,
59336,217,170,387,
59337,205,168,373,
59338,34,18,52,
59339,193,158,351,
59340,214,155,369,
59341,228,194,422,
59342,237,176,413,
59343,192,156,348,
59344,220,184,404,
59345,209,148,357,
59346,175,140,315,
59347,189,150,339,
59350,194,172,366,
59351,230,164,394,
59352,220,177,397,
59353,192,153,345,
59354,203,169,372,
59355,196,154,350,
59356,206,179,385,
59358,203,170,373,
59359,178,153,331,
59361,198,155,353,
59363,212,169,381,
59365,223,169,392,
59368,220,183,403,
59369,213,173,386,
59370,224,170,394,
59371,207,175,382,
59372,216,164,380,
59373,220,165,385,
59374,171,174,345,
59375,190,183,373,
59377,225,171,396,
59378,211,136,347,
59379,211,166,377,
59382,212,150,362,
59383,24,19,43,
59385,54,18,72,
59387,221,148,369,
59388,30,19,49,
59389,209,153,362,
59390,200,160,360,
59391,213,162,375,
59392,213,188,401,
59393,207,195,402,
59394,230,179,409,
59395,220,133,353,
59397,195,159,354,
59399,220,155,375,
59400,221,166,387,
59401,208,164,372,
59402,194,157,351,
59403,199,151,350,
59405,207,171,378,
59406,213,159,372,
59408,26,33,59,
59409,220,172,392,
59410,226,154,380,
59411,217,175,392,
59413,258,145,403,
59415,195,177,372,
59416,15,8,23,
59417,205,171,376,
59418,222,160,382,
59419,214,148,362,
59420,201,180,381,
59421,201,152,353,
59422,185,168,353,
59423,213,165,378,
59424,209,161,370,
59425,31,23,54,
59426,203,172,375,
59429,205,165,370,
59430,26,37,63,
59431,226,180,406,
59434,195,167,362,
59435,218,150,368,
59436,216,163,379,
59441,228,177,405,
59442,200,160,360,
59443,30,21,51,
59444,201,174,375,
59445,206,150,356,
59446,214,153,367,
59448,27,29,56,
59449,196,168,364,
59450,38,18,56,
59451,50,33,83,
59452,230,157,387,
59453,209,155,364,
59454,190,176,366,
59456,204,165,369,
59457,207,165,372,
59458,201,159,360,
59461,162,137,299,
59462,205,150,355,
59463,217,147,364,
59464,213,159,372,
59465,211,183,394,
59466,239,155,394,
59467,216,154,370,
59468,8,2,10,
59469,196,148,344,
59470,229,162,391,
59471,206,178,384,
59473,203,145,348,
59474,217,153,370,
59475,199,187,386,
59476,203,169,372,
59477,114,96,210,
59478,198,150,348,
59479,195,125,320,
59480,38,38,76,
59481,211,145,356,
59482,204,142,346,
59483,227,155,382,
59485,227,158,385,
59487,199,182,381,
59488,227,156,383,
59489,202,162,364,
59490,204,180,384,
59491,194,184,378,
59492,205,171,376,
59493,26,16,42,
59494,235,197,432,
59496,216,166,382,
59497,207,152,359,
59498,188,181,369,
59501,218,156,374,
59502,224,169,393,
59503,173,145,318,
59504,186,177,363,
59507,172,147,319,
59508,179,160,339,
59509,176,179,355,
59512,203,197,400,
59514,14,6,20,
59515,230,167,397,
59516,228,160,388,
59517,191,165,356,
59519,207,156,363,
59521,171,148,319,
59522,224,167,391,
59524,213,185,398,
59525,219,160,379,
59526,42,28,70,
59527,230,149,379,
59528,217,167,384,
59529,191,159,350,
59530,225,154,379,
59532,226,178,404,
59533,196,156,352,
59534,211,155,366,
59535,206,165,371,
59536,218,128,346,
59537,183,159,342,
59539,219,183,402,
59540,224,143,367,
59541,197,139,336,
59542,197,145,342,
59543,218,164,382,
59544,205,147,352,
59546,191,169,360,
59547,195,162,357,
59548,191,176,367,
59551,203,167,370,
59553,210,171,381,
59554,186,168,354,
59555,238,153,391,
59556,208,159,367,
59558,231,161,392,
59559,227,164,391,
59560,226,157,383,
59561,187,173,360,
59562,210,175,385,
59563,204,193,397,
59564,231,158,389,
59565,205,140,345,
59566,234,137,371,
59567,199,152,351,
59569,209,167,376,
59570,211,174,385,
59571,189,160,349,
59573,203,138,341,
59574,210,187,397,
59575,222,174,396,
59576,208,152,360,
59577,189,149,338,
59578,203,151,354,
59579,206,162,368,
59580,221,168,389,
59582,215,170,385,
59583,203,144,347,
59584,216,152,368,
59585,167,95,262,
59587,179,174,353,
59588,221,147,368,
59589,222,168,390,
59590,228,151,379,
59593,223,154,377,
59594,224,132,356,
59595,216,170,386,
59596,210,170,380,
59597,189,155,344,
59598,230,174,404,
59601,214,165,379,
59602,236,165,401,
59603,173,150,323,
59604,186,192,378,
59605,158,139,297,
59606,192,158,350,
59607,227,169,396,
59608,207,175,382,
59609,206,177,383,
59610,222,182,404,
59614,211,150,361,
59615,211,168,379,
59616,206,176,382,
59617,191,184,375,
59619,213,179,392,
59620,189,150,339,
59621,225,150,375,
59623,163,110,273,
59624,213,148,361,
59625,194,188,382,
59626,242,159,401,
59627,202,152,354,
59629,225,168,393,
59631,208,167,375,
59632,188,156,344,
59633,229,149,378,
59635,227,114,341,
59636,209,154,363,
59637,195,179,374,
59639,227,172,399,
59641,191,158,349,
59643,191,163,354,
59644,206,146,352,
59645,197,146,343,
59646,210,146,356,
59647,214,163,377,
59648,179,166,345,
59650,180,162,342,
59651,205,163,368,
59652,236,148,384,
59653,226,153,379,
59654,219,186,405,
59656,214,155,369,
59658,202,173,375,
59659,193,162,355,
59660,217,191,408,
59661,208,170,378,
59662,216,180,396,
59665,180,167,347,
59666,212,153,365,
59667,191,183,374,
59669,215,173,388,
59670,198,167,365,
59671,218,169,387,
59672,222,141,363,
59673,240,172,412,
59674,245,152,397,
59676,33,23,56,
59678,228,164,392,
59679,228,173,401,
59680,215,156,371,
59681,120,137,257,
59682,202,156,358,
59683,188,177,365,
59684,187,146,333,
59685,217,195,412,
59686,201,147,348,
59688,214,192,406,
59689,209,152,361,
59690,224,192,416,
59692,211,143,354,
59693,200,140,340,
59695,221,193,414,
59696,231,161,392,
59697,212,160,372,
59698,216,158,374,
59699,222,135,357,
59700,196,156,352,
59701,220,156,376,
59702,211,165,376,
59704,217,192,409,
59706,227,170,397,
59707,211,171,382,
59708,222,191,413,
59710,190,166,356,
59711,213,172,385,
59714,219,156,375,
59715,199,162,361,
59716,189,182,371,
59717,226,180,406,
59718,174,138,312,
59719,209,180,389,
59721,136,108,244,
59722,190,173,363,
59723,256,142,398,
59724,191,175,366,
59725,194,152,346,
59726,168,148,316,
59727,182,165,347,
59728,23,15,38,
59729,1,2,3,
59730,193,157,350,
59732,188,175,363,
59734,206,132,338,
59735,218,143,361,
59736,210,168,378,
59737,203,163,366,
59742,219,159,378,
59743,214,166,380,
59744,227,174,401,
59745,230,165,395,
59746,189,166,355,
59748,211,180,391,
59749,214,146,360,
59750,205,153,358,
59751,197,177,374,
59752,211,144,355,
59755,202,167,369,
59759,189,150,339,
59760,220,147,367,
59761,205,151,356,
59763,208,182,390,
59764,205,158,363,
59765,220,143,363,
59766,225,148,373,
59767,207,170,377,
59768,245,160,405,
59769,215,163,378,
59770,185,163,348,
59772,213,190,403,
59774,225,158,383,
59775,151,135,286,
59776,216,183,399,
59777,191,193,384,
59778,220,167,387,
59779,213,176,389,
59780,157,142,299,
59781,205,182,387,
59782,178,171,349,
59784,257,141,398,
59785,212,172,384,
59786,184,123,307,
59788,197,154,351,
59789,184,173,357,
59790,226,163,389,
59792,15,14,29,
59793,195,164,359,
59794,203,158,361,
59795,49,39,88,
59797,28,24,52,
59798,220,134,354,
59799,198,138,336,
59800,198,160,358,
59802,207,169,376,
59803,228,155,383,
59804,208,170,378,
59806,202,160,362,
59808,222,184,406,
59809,225,157,382,
59810,222,144,366,
59811,226,163,389,
59812,223,172,395,
59813,189,151,340,
59814,204,158,362,
59816,217,156,373,
59818,213,172,385,
59820,42,31,73,
59821,218,183,401,
59824,222,158,380,
59825,203,169,372,
59826,188,156,344,
59827,193,160,353,
59828,216,173,389,
59829,214,163,377,
59832,207,188,395,
59833,193,161,354,
59834,205,169,374,
59835,213,156,369,
59836,44,20,64,
59837,199,172,371,
59839,204,151,355,
59840,212,157,369,
59841,199,151,350,
59842,204,184,388,
59843,211,153,364,
59844,189,168,357,
59845,215,162,377,
59848,31,28,59,
59849,204,170,374,
59850,225,162,387,
59851,185,130,315,
59853,224,165,389,
59855,219,171,390,
59856,215,166,381,
59857,228,163,391,
59858,214,151,365,
59859,215,184,399,
59861,234,172,406,
59863,198,136,334,
59864,213,153,366,
59865,217,181,398,
59866,194,132,326,
59868,221,163,384,
59869,207,168,375,
59870,263,153,416,
59871,189,180,369,
59872,217,176,393,
59874,194,176,370,
59875,200,168,368,
59876,223,160,383,
59877,214,178,392,
59879,205,166,371,
59880,203,133,336,
59881,197,158,355,
59884,190,142,332,
59886,26,20,46,
59888,191,164,355,
59889,231,167,398,
59890,192,166,358,
59891,215,150,365,
59892,25,25,50,
59894,198,162,360,
59896,210,135,345,
59897,240,184,424,
59899,198,160,358,
59900,244,151,395,
59901,203,146,349,
59902,214,170,384,
59903,232,150,382,
59904,199,183,382,
59905,210,163,373,
59906,225,147,372,
59907,181,181,362,
59908,202,151,353,
59910,222,174,396,
59911,190,176,366,
59912,209,155,364,
59913,199,152,351,
59914,192,177,369,
59915,206,182,388,
59917,206,178,384,
59919,227,157,384,
59920,221,153,374,
59921,162,120,282,
59922,215,176,391,
59923,236,165,401,
59924,183,176,359,
59925,230,194,424,
59926,223,162,385,
59927,236,167,403,
59928,201,155,356,
59929,225,144,369,
59931,228,179,407,
59932,239,167,406,
59933,59,42,101,
59935,199,149,348,
59938,219,164,383,
59939,202,161,363,
59940,202,168,370,
59942,231,177,408,
59943,210,163,373,
59944,7,2,9,
59945,220,161,381,
59946,179,150,329,
59947,204,175,379,
59948,229,151,380,
59949,208,164,372,
59951,193,179,372,
59952,200,169,369,
59953,195,153,348,
59954,201,179,380,
59955,224,172,396,
59956,218,160,378,
59957,231,153,384,
59958,199,178,377,
59959,235,164,399,
59960,213,160,373,
59961,185,185,370,
59962,244,164,408,
59963,199,162,361,
59964,174,145,319,
59965,233,165,398,
59966,158,108,266,
59967,203,136,339,
59969,233,150,383,
59970,202,164,366,
59972,234,157,391,
59973,189,164,353,
59975,214,136,350,
59976,227,163,390,
59977,11,6,17,
59978,206,177,383,
59982,191,186,377,
59983,190,152,342,
59984,31,22,53,
59985,216,157,373,
59986,249,167,416,
59988,219,170,389,
59989,203,125,328,
59991,205,158,363,
59992,215,170,385,
59993,19,22,41,
59996,214,141,355,
59997,210,167,377,
59998,184,152,336,
59999,190,157,347,
60001,243,162,405,
60002,220,189,409,
60003,31,22,53,
60004,181,181,362,
60005,161,101,262,
60006,213,153,366,
60007,188,177,365,
60009,214,166,380,
60010,244,172,416,
60012,218,179,397,
60014,181,165,346,
60016,226,143,369,
60017,223,163,386,
60018,211,148,359,
60019,35,28,63,
60020,221,135,356,
60022,195,173,368,
60023,207,157,364,
60024,191,172,363,
60025,201,160,361,
60026,222,167,389,
60027,200,155,355,
60028,203,169,372,
60029,187,178,365,
60030,209,158,367,
60031,218,143,361,
60032,203,184,387,
60033,187,176,363,
60035,204,172,376,
60036,207,169,376,
60037,222,154,376,
60038,38,25,63,
60039,192,168,360,
60040,192,179,371,
60041,209,156,365,
60044,201,178,379,
60046,192,156,348,
60047,211,168,379,
60048,201,174,375,
60049,223,184,407,
60050,238,178,416,
60051,216,167,383,
60052,220,144,364,
60054,223,183,406,
60055,197,157,354,
60057,191,172,363,
60058,186,162,348,
60059,202,156,358,
60062,197,154,351,
60063,217,164,381,
60065,179,133,312,
60066,202,180,382,
60067,182,168,350,
60068,207,146,353,
60069,211,192,403,
60070,209,146,355,
60071,19,22,41,
60072,216,200,416,
60073,226,151,377,
60074,241,146,387,
60076,248,165,413,
60077,203,185,388,
60078,199,171,370,
60079,208,169,377,
60081,121,109,230,
60082,183,175,358,
60083,224,170,394,
60084,193,150,343,
60085,204,172,376,
60087,215,145,360,
60088,25,21,46,
60091,180,120,300,
60092,236,152,388,
60094,207,181,388,
60096,190,175,365,
60097,241,173,414,
60098,206,145,351,
60099,192,164,356,
60100,232,154,386,
60102,205,168,373,
60103,202,162,364,
60104,211,178,389,
60105,198,170,368,
60106,238,177,415,
60107,220,165,385,
60108,230,161,391,
60109,242,156,398,
60110,218,167,385,
60112,217,158,375,
60113,199,144,343,
60114,234,160,394,
60115,193,170,363,
60116,213,161,374,
60117,211,158,369,
60118,220,170,390,
60119,209,165,374,
60120,220,164,384,
60121,201,167,368,
60122,205,158,363,
60125,232,151,383,
60126,213,171,384,
60130,188,153,341,
60132,199,163,362,
60133,216,148,364,
60135,217,166,383,
60136,213,162,375,
60138,221,164,385,
60139,226,158,384,
60141,184,182,366,
60142,208,181,389,
60144,177,198,375,
60145,204,180,384,
60146,202,161,363,
60147,237,152,389,
60148,185,177,362,
60149,232,179,411,
60150,202,164,366,
60153,2,1,3,
60154,198,162,360,
60155,152,85,237,
60156,145,138,283,
60157,220,168,388,
60159,223,166,389,
60160,215,149,364,
60161,218,157,375,
60164,205,170,375,
60165,212,188,400,
60166,182,176,358,
60167,229,176,405,
60168,229,147,376,
60171,224,153,377,
60173,203,159,362,
60174,45,45,90,
60175,243,147,390,
60176,216,163,379,
60177,204,161,365,
60178,201,173,374,
60179,198,189,387,
60181,173,180,353,
60182,199,165,364,
60184,220,179,399,
60185,211,169,380,
60186,190,164,354,
60187,191,155,346,
60188,43,30,73,
60189,224,184,408,
60190,232,154,386,
60192,222,195,417,
60193,3,2,5,
60194,219,166,385,
60195,207,157,364,
60197,214,154,368,
60198,214,166,380,
60199,201,188,389,
60200,218,175,393,
60201,212,159,371,
60202,202,200,402,
60203,220,130,350,
60206,222,162,384,
60207,206,159,365,
60208,231,184,415,
60210,222,165,387,
60211,215,167,382,
60212,193,165,358,
60215,198,159,357,
60216,242,151,393,
60217,152,120,272,
60218,59,33,92,
60219,207,178,385,
60220,231,151,382,
60221,21,8,29,
60222,202,179,381,
60223,192,139,331,
60224,216,180,396,
60225,4,6,10,
60226,205,179,384,
60227,211,164,375,
60229,224,184,408,
60232,229,179,408,
60233,234,147,381,
60234,235,158,393,
60235,218,165,383,
60236,226,156,382,
60237,220,161,381,
60238,195,170,365,
60239,209,149,358,
60240,146,128,274,
60241,223,158,381,
60242,193,152,345,
60243,204,175,379,
60244,207,160,367,
60245,228,145,373,
60247,205,177,382,
60248,228,167,395,
60249,216,184,400,
60250,191,192,383,
60252,42,33,75,
60253,211,141,352,
60254,204,171,375,
60255,208,178,386,
60256,208,185,393,
60257,258,184,442,
60258,216,184,400,
60259,213,159,372,
60261,32,34,66,
60262,218,187,405,
60263,199,161,360,
60265,231,163,394,
60267,214,155,369,
60269,212,142,354,
60270,183,168,351,
60272,199,178,377,
60273,183,166,349,
60275,199,141,340,
60278,199,139,338,
60279,243,150,393,
60280,214,185,399,
60281,206,150,356,
60282,191,170,361,
60283,207,150,357,
60284,190,153,343,
60285,171,150,321,
60288,207,158,365,
60289,219,178,397,
60290,213,155,368,
60292,205,172,377,
60293,211,161,372,
60294,216,175,391,
60295,202,171,373,
60296,207,157,364,
60298,184,173,357,
60299,189,127,316,
60300,199,172,371,
60302,201,157,358,
60303,224,168,392,
60305,206,157,363,
60306,229,158,387,
60307,214,160,374,
60308,198,167,365,
60309,230,184,414,
60310,190,172,362,
60311,218,174,392,
60312,210,185,395,
60313,215,146,361,
60315,233,193,426,
60316,194,151,345,
60317,219,158,377,
60318,35,18,53,
60319,229,166,395,
60320,216,176,392,
60321,212,191,403,
60322,29,23,52,
60324,217,173,390,
60325,233,160,393,
60326,201,168,369,
60327,222,202,424,
60330,198,174,372,
60331,223,164,387,
60332,205,153,358,
60333,201,159,360,
60334,223,190,413,
60336,175,175,350,
60338,206,146,352,
60340,231,158,389,
60341,204,156,360,
60342,228,156,384,
60343,251,157,408,
60345,208,170,378,
60349,211,170,381,
60350,202,173,375,
60351,233,158,391,
60352,211,155,366,
60353,196,177,373,
60355,185,165,350,
60356,138,123,261,
60359,220,169,389,
60361,197,156,353,
60362,208,166,374,
60365,16,16,32,
60367,223,162,385,
60371,200,161,361,
60372,222,162,384,
60374,216,161,377,
60375,225,162,387,
60376,215,184,399,
60377,213,182,395,
60378,224,175,399,
60379,214,147,361,
60381,201,168,369,
60382,199,182,381,
60383,14,11,25,
60385,220,158,378,
60387,183,153,336,
60388,193,161,354,
60389,22,30,52,
60390,204,162,366,
60392,223,173,396,
60394,222,178,400,
60395,210,168,378,
60396,217,178,395,
60397,212,157,369,
60399,211,167,378,
60400,205,175,380,
60401,200,154,354,
60403,220,171,391,
60405,186,132,318,
60407,214,167,381,
60409,218,137,355,
60411,203,157,360,
60412,211,152,363,
60414,224,128,352,
60415,229,184,413,
60416,200,189,389,
60418,218,145,363,
60419,205,160,365,
60420,141,113,254,
60421,9,13,22,
60423,217,158,375,
60424,213,196,409,
60426,189,174,363,
60429,209,159,368,
60432,213,167,380,
60434,224,154,378,
60435,201,156,357,
60436,203,165,368,
60438,190,174,364,
60439,215,147,362,
60440,218,176,394,
60441,16,15,31,
60442,247,162,409,
60444,224,146,370,
60446,218,167,385,
60447,213,173,386,
60450,216,153,369,
60451,40,22,62,
60452,184,156,340,
60453,32,32,64,
60455,195,152,347,
60456,212,174,386,
60457,236,158,394,
60459,211,160,371,
60460,220,152,372,
60461,224,146,370,
60462,214,158,372,
60463,63,49,112,
60464,212,154,366,
60466,239,149,388,
60467,36,36,72,
60468,213,167,380,
60469,198,147,345,
60470,213,140,353,
60472,236,170,406,
60473,203,158,361,
60474,225,137,362,
60475,217,201,418,
60476,202,178,380,
60477,29,15,44,
60478,175,167,342,
60479,215,174,389,
60480,206,166,372,
60482,186,171,357,
60483,196,185,381,
60484,213,183,396,
60485,229,156,385,
60487,182,165,347,
60488,195,157,352,
60489,182,166,348,
60491,209,151,360,
60494,225,150,375,
60495,206,154,360,
60496,182,124,306,
60498,131,123,254,
60499,219,147,366,
60500,201,151,352,
60501,228,164,392,
60503,224,145,369,
60504,210,162,372,
60505,39,22,61,
60506,202,134,336,
60507,197,130,327,
60508,192,152,344,
60509,196,146,342,
60511,187,142,329,
60512,207,153,360,
60513,206,177,383,
60514,187,168,355,
60517,204,176,380,
60518,213,168,381,
60519,182,159,341,
60520,232,194,426,
60521,207,177,384,
60522,222,155,377,
60523,209,157,366,
60524,211,181,392,
60525,212,183,395,
60527,179,168,347,
60529,239,165,404,
60531,212,169,381,
60533,197,152,349,
60534,230,158,388,
60535,35,31,66,
60536,34,23,57,
60537,219,180,399,
60538,186,161,347,
60540,175,150,325,
60542,205,174,379,
60543,229,188,417,
60546,24,25,49,
60547,54,36,90,
60548,133,133,266,
60549,222,177,399,
60550,193,172,365,
60551,48,37,85,
60552,189,163,352,
60555,229,164,393,
60556,214,151,365,
60557,28,24,52,
60558,210,166,376,
60559,204,142,346,
60560,200,152,352,
60561,197,160,357,
60562,212,165,377,
60563,214,169,383,
60564,247,160,407,
60565,231,173,404,
60566,199,160,359,
60567,193,177,370,
60568,209,158,367,
60569,204,163,367,
60570,227,170,397,
60572,206,172,378,
60573,212,162,374,
60574,206,162,368,
60576,186,127,313,
60577,205,166,371,
60578,190,156,346,
60580,200,159,359,
60582,190,156,346,
60583,211,148,359,
60585,28,21,49,
60586,38,33,71,
60587,223,180,403,
60588,228,164,392,
60589,209,151,360,
60590,198,171,369,
60591,233,159,392,
60592,202,146,348,
60594,201,172,373,
60595,206,189,395,
60596,211,182,393,
60597,185,143,328,
60598,222,150,372,
60599,214,149,363,
60600,199,181,380,
60601,189,174,363,
60602,27,22,49,
60604,224,158,382,
60605,224,150,374,
60607,197,153,350,
60608,191,147,338,
60609,242,145,387,
60610,217,167,384,
60612,26,21,47,
60614,216,181,397,
60615,242,176,418,
60616,197,136,333,
60617,209,170,379,
60618,227,131,358,
60621,213,166,379,
60622,204,181,385,
60624,214,164,378,
60625,205,173,378,
60626,200,168,368,
60627,235,166,401,
60628,11,10,21,
60629,192,192,384,
60630,230,177,407,
60631,202,157,359,
60632,211,171,382,
60634,218,165,383,
60635,236,178,414,
60636,192,167,359,
60637,214,159,373,
60638,210,173,383,
60639,187,163,350,
60641,26,21,47,
60642,197,154,351,
60643,226,180,406,
60644,211,184,395,
60645,215,172,387,
60647,202,185,387,
60648,213,174,387,
60649,208,167,375,
60651,212,167,379,
60653,246,173,419,
60655,238,172,410,
60656,219,149,368,
60657,207,152,359,
60659,185,167,352,
60660,204,153,357,
60661,205,170,375,
60664,228,148,376,
60666,199,152,351,
60669,226,162,388,
60671,219,169,388,
60672,227,180,407,
60673,240,190,430,
60675,147,123,270,
60678,193,141,334,
60679,195,153,348,
60680,194,173,367,
60681,197,168,365,
60683,202,171,373,
60684,137,120,257,
60685,211,156,367,
60687,205,188,393,
60688,172,163,335,
60689,185,178,363,
60690,205,184,389,
60692,228,167,395,
60693,230,177,407,
60694,218,165,383,
60695,177,180,357,
60696,211,149,360,
60697,201,149,350,
60698,195,156,351,
60699,221,172,393,
60700,204,179,383,
60701,213,169,382,
60702,226,181,407,
60703,210,150,360,
60706,196,183,379,
60707,198,168,366,
60708,216,157,373,
60709,200,150,350,
60712,223,155,378,
60713,212,164,376,
60714,34,23,57,
60715,217,172,389,
60716,237,188,425,
60718,207,184,391,
60719,228,181,409,
60720,223,161,384,
60721,201,183,384,
60722,221,160,381,
60723,40,33,73,
60724,209,161,370,
60725,151,106,257,
60726,213,153,366,
60727,207,175,382,
60729,235,166,401,
60730,235,165,400,
60731,172,136,308,
60732,187,176,363,
60733,225,174,399,
60734,221,145,366,
60735,190,157,347,
60736,176,160,336,
60737,216,149,365,
60738,214,174,388,
60739,204,171,375,
60740,168,108,276,
60742,187,167,354,
60743,206,161,367,
60744,40,28,68,
60745,218,157,375,
60746,205,162,367,
60747,201,161,362,
60749,224,154,378,
60751,214,173,387,
60752,228,162,390,
60753,231,148,379,
60755,191,166,357,
60756,210,178,388,
60758,226,187,413,
60759,215,175,390,
60760,238,160,398,
60761,234,177,411,
60763,210,146,356,
60764,223,170,393,
60766,186,165,351,
60767,34,24,58,
60769,183,175,358,
60770,216,156,372,
60771,202,181,383,
60772,227,187,414,
60773,228,165,393,
60774,217,153,370,
60775,211,159,370,
60777,211,155,366,
60778,214,166,380,
60780,220,166,386,
60781,183,173,356,
60782,217,151,368,
60783,216,138,354,
60784,212,157,369,
60785,204,150,354,
60786,217,169,386,
60789,215,164,379,
60792,200,190,390,
60794,192,174,366,
60795,237,170,407,
60796,195,171,366,
60797,191,164,355,
60798,227,187,414,
60800,39,24,63,
60801,209,164,373,
60802,193,150,343,
60804,218,167,385,
60806,215,149,364,
60807,222,164,386,
60808,226,160,386,
60809,219,146,365,
60810,211,159,370,
60813,221,156,377,
60814,182,154,336,
60815,218,146,364,
60816,219,173,392,
60817,228,159,387,
60818,190,167,357,
60819,197,168,365,
60821,230,176,406,
60822,217,177,394,
60823,190,180,370,
60825,205,170,375,
60826,188,175,363,
60827,229,151,380,
60828,215,160,375,
60829,191,152,343,
60831,202,176,378,
60832,211,142,353,
60833,219,173,392,
60834,240,159,399,
60836,202,173,375,
60837,229,193,422,
60838,206,171,377,
60839,227,151,378,
60840,216,151,367,
60841,242,156,398,
60842,199,155,354,
60843,215,155,370,
60844,198,167,365,
60845,192,163,355,
60846,199,156,355,
60849,185,165,350,
60852,148,173,321,
60853,221,168,389,
60855,200,162,362,
60856,138,111,249,
60858,191,181,372,
60859,209,148,357,
60860,213,146,359,
60861,216,179,395,
60862,187,172,359,
60864,234,137,371,
60865,203,160,363,
60866,201,175,376,
60867,210,180,390,
60871,204,183,387,
60872,205,151,356,
60873,215,158,373,
60874,222,169,391,
60875,191,165,356,
60876,197,166,363,
60877,191,179,370,
60878,222,154,376,
60881,204,202,406,
60883,189,157,346,
60884,195,167,362,
60886,219,141,360,
60887,217,172,389,
60890,41,26,67,
60891,219,149,368,
60892,202,154,356,
60893,205,182,387,
60894,229,163,392,
60897,172,163,335,
60898,199,172,371,
60899,222,157,379,
60900,211,176,387,
60903,212,167,379,
60904,218,132,350,
60905,198,181,379,
60906,210,155,365,
60907,201,144,345,
60908,190,152,342,
60909,237,156,393,
60910,204,153,357,
60912,213,171,384,
60913,213,147,360,
60914,211,177,388,
60915,189,175,364,
60917,194,155,349,
60918,237,160,397,
60919,218,163,381,
60921,189,149,338,
60923,217,149,366,
60924,218,160,378,
60925,200,167,367,
60927,215,182,397,
60928,210,180,390,
60929,215,164,379,
60930,221,145,366,
60931,209,138,347,
60932,190,148,338,
60933,226,169,395,
60934,202,165,367,
60936,209,173,382,
60937,167,153,320,
60938,227,158,385,
60939,206,173,379,
60940,213,166,379,
60941,204,167,371,
60945,151,118,269,
60946,217,167,384,
60948,237,154,391,
60949,197,138,335,
60950,195,186,381,
60952,203,148,351,
60953,205,166,371,
60954,207,166,373,
60955,228,149,377,
60956,218,158,376,
60957,226,158,384,
60958,239,164,403,
60959,199,148,347,
60960,221,181,402,
60964,221,153,374,
60965,227,186,413,
60966,199,159,358,
60967,196,167,363,
60968,183,172,355,
60969,207,189,396,
60970,202,160,362,
60973,205,146,351,
60974,210,175,385,
60975,209,149,358,
60976,183,179,362,
60978,222,173,395,
60979,210,138,348,
60980,219,166,385,
60981,191,134,325,
60982,181,158,339,
60983,214,163,377,
60984,208,171,379,
60986,231,159,390,
60987,206,175,381,
60988,219,160,379,
60989,224,179,403,
60990,235,179,414,
60994,210,164,374,
60995,188,161,349,
60996,49,36,85,
60997,218,188,406,
60998,213,182,395,
60999,243,144,387,
61000,202,163,365,
61001,205,148,353,
61002,178,170,348,
61003,198,178,376,
61004,247,169,416,
61007,208,174,382,
61008,58,46,104,
61009,193,175,368,
61011,217,148,365,
61012,205,169,374,
61013,26,23,49,
61014,212,170,382,
61015,199,147,346,
61016,29,23,52,
61017,234,174,408,
61018,209,137,346,
61019,192,160,352,
61021,190,167,357,
61025,229,159,388,
61027,209,168,377,
61028,212,193,405,
61029,208,153,361,
61030,188,169,357,
61031,208,178,386,
61033,200,176,376,
61035,200,158,358,
61036,223,171,394,
61038,211,159,370,
61039,203,187,390,
61040,218,182,400,
61041,215,169,384,
61042,186,165,351,
61043,182,165,347,
61044,220,161,381,
61045,183,152,335,
61046,212,163,375,
61048,226,167,393,
61049,215,161,376,
61050,197,176,373,
61051,198,172,370,
61052,205,169,374,
61053,207,147,354,
61054,166,135,301,
61055,219,152,371,
61056,226,164,390,
61057,208,183,391,
61058,215,168,383,
61059,192,168,360,
61060,198,155,353,
61061,217,168,385,
61062,187,166,353,
61063,193,176,369,
61064,225,188,413,
61065,196,163,359,
61066,214,157,371,
61067,208,132,340,
61068,224,139,363,
61069,218,166,384,
61070,198,168,366,
61071,198,165,363,
61072,220,166,386,
61075,199,186,385,
61076,53,35,88,
61079,235,163,398,
61080,243,164,407,
61081,195,177,372,
61082,189,188,377,
61083,205,160,365,
61086,181,123,304,
61087,225,177,402,
61088,222,160,382,
61089,138,123,261,
61091,219,152,371,
61093,204,151,355,
61094,235,174,409,
61096,203,172,375,
61097,174,156,330,
61098,206,179,385,
61099,206,163,369,
61100,205,192,397,
61101,215,156,371,
61103,217,178,395,
61105,220,180,400,
61106,184,148,332,
61107,213,163,376,
61109,18,22,40,
61110,196,164,360,
61111,204,157,361,
61112,211,159,370,
61113,204,175,379,
61114,220,162,382,
61115,213,170,383,
61116,228,184,412,
61118,208,142,350,
61120,196,165,361,
61121,194,184,378,
61122,206,158,364,
61124,226,174,400,
61125,209,166,375,
61127,209,170,379,
61128,199,167,366,
61130,211,140,351,
61132,199,165,364,
61134,221,159,380,
61135,187,160,347,
61136,238,163,401,
61137,185,146,331,
61138,206,145,351,
61139,209,155,364,
61140,210,162,372,
61141,216,164,380,
61142,226,151,377,
61143,239,188,427,
61145,221,161,382,
61147,223,184,407,
61149,163,163,326,
61150,222,152,374,
61151,196,154,350,
61153,204,178,382,
61156,174,182,356,
61157,189,168,357,
61159,224,180,404,
61160,11,7,18,
61161,230,168,398,
61163,239,144,383,
61164,210,177,387,
61165,196,137,333,
61166,222,172,394,
61167,216,179,395,
61168,204,175,379,
61169,206,182,388,
61170,190,167,357,
61171,226,157,383,
61173,207,198,405,
61174,188,133,321,
61176,220,148,368,
61178,200,177,377,
61179,217,160,377,
61180,234,151,385,
61181,221,163,384,
61183,207,157,364,
61184,232,142,374,
61185,176,154,330,
61186,215,170,385,
61187,202,175,377,
61190,185,141,326,
61191,219,160,379,
61192,171,117,288,
61193,187,163,350,
61194,207,165,372,
61195,207,154,361,
61196,212,163,375,
61197,203,185,388,
61198,210,172,382,
61199,211,170,381,
61201,243,180,423,
61202,154,113,267,
61203,214,167,381,
61205,219,173,392,
61206,234,175,409,
61207,197,172,369,
61208,226,160,386,
61209,236,168,404,
61212,197,159,356,
61214,204,164,368,
61215,221,170,391,
61217,217,176,393,
61218,229,176,405,
61219,212,202,414,
61220,217,145,362,
61221,213,179,392,
61222,206,154,360,
61223,244,170,414,
61224,228,179,407,
61225,243,160,403,
61226,237,172,409,
61227,214,147,361,
61228,207,149,356,
61229,227,156,383,
61230,201,178,379,
61231,207,148,355,
61233,182,177,359,
61234,6,7,13,
61236,229,169,398,
61237,220,165,385,
61239,218,154,372,
61240,208,151,359,
61241,223,163,386,
61247,229,168,397,
61248,188,146,334,
61249,19,19,38,
61251,212,136,348,
61252,196,170,366,
61253,209,180,389,
61254,225,154,379,
61255,191,163,354,
61256,215,167,382,
61258,209,173,382,
61259,198,164,362,
61260,183,157,340,
61261,213,147,360,
61262,226,142,368,
61263,203,178,381,
61264,214,172,386,
61265,171,108,279,
61266,219,148,367,
61267,192,176,368,
61268,205,189,394,
61269,213,152,365,
61270,209,167,376,
61271,218,177,395,
61272,193,152,345,
61273,180,173,353,
61274,201,175,376,
61275,218,168,386,
61276,218,158,376,
61278,207,154,361,
61279,26,16,42,
61280,117,118,235,
61282,198,148,346,
61283,206,163,369,
61284,228,165,393,
61285,176,164,340,
61286,194,173,367,
61287,184,152,336,
61288,178,159,337,
61290,209,159,368,
61291,218,184,402,
61292,231,172,403,
61293,233,137,370,
61294,250,153,403,
61295,197,181,378,
61296,222,161,383,
61297,205,165,370,
61298,199,161,360,
61300,231,169,400,
61302,185,144,329,
61304,222,173,395,
61305,229,140,369,
61307,202,143,345,
61308,225,159,384,
61309,202,164,366,
61311,189,157,346,
61312,206,152,358,
61314,208,168,376,
61315,222,181,403,
61316,198,172,370,
61317,212,167,379,
61321,199,160,359,
61322,208,162,370,
61323,235,165,400,
61324,206,169,375,
61325,212,164,376,
61326,223,185,408,
61327,205,163,368,
61328,197,157,354,
61329,235,147,382,
61330,215,172,387,
61331,222,198,420,
61332,230,191,421,
61334,184,182,366,
61335,206,157,363,
61336,223,179,402,
61337,241,160,401,
61338,197,145,342,
61339,186,155,341,
61341,225,162,387,
61343,227,180,407,
61345,244,150,394,
61347,194,170,364,
61348,184,156,340,
61349,206,187,393,
61350,191,157,348,
61352,217,169,386,
61353,220,162,382,
61354,192,154,346,
61355,194,170,364,
61356,54,24,78,
61358,193,161,354,
61359,134,111,245,
61360,205,168,373,
61362,219,144,363,
61363,208,190,398,
61364,204,160,364,
61365,217,190,407,
61366,212,150,362,
61368,212,145,357,
61371,212,176,388,
61372,192,156,348,
61373,220,153,373,
61374,240,181,421,
61376,200,174,374,
61380,193,150,343,
61381,197,171,368,
61383,206,152,358,
61387,243,188,431,
61388,212,163,375,
61389,225,160,385,
61390,234,167,401,
61391,226,169,395,
61392,38,31,69,
61393,198,158,356,
61395,161,178,339,
61396,235,162,397,
61398,29,24,53,
61399,191,140,331,
61400,213,182,395,
61401,231,137,368,
61402,205,178,383,
61403,217,162,379,
61404,199,187,386,
61405,218,133,351,
61406,185,163,348,
61407,215,176,391,
61408,36,26,62,
61409,195,166,361,
61410,199,177,376,
61412,217,170,387,
61413,202,188,390,
61414,177,128,305,
61415,185,127,312,
61416,223,167,390,
61417,192,171,363,
61418,231,167,398,
61420,198,154,352,
61421,227,154,381,
61422,206,174,380,
61423,192,183,375,
61426,210,160,370,
61427,219,178,397,
61428,198,174,372,
61429,202,170,372,
61430,32,19,51,
61431,175,124,299,
61432,204,127,331,
61433,144,119,263,
61434,195,152,347,
61435,215,174,389,
61436,205,164,369,
61437,207,182,389,
61438,232,184,416,
61439,197,196,393,
61440,228,162,390,
61441,195,163,358,
61443,199,154,353,
61444,221,163,384,
61446,225,173,398,
61447,217,188,405,
61449,208,160,368,
61450,212,157,369,
61451,32,30,62,
61453,205,172,377,
61454,203,165,368,
61455,210,163,373,
61456,222,169,391,
61458,212,170,382,
61459,19,27,46,
61460,226,183,409,
61461,206,167,373,
61462,232,174,406,
61464,201,180,381,
61465,199,143,342,
61467,27,18,45,
61468,145,114,259,
61469,223,161,384,
61470,217,161,378,
61471,194,186,380,
61472,245,143,388,
61473,224,167,391,
61474,189,135,324,
61476,200,178,378,
61477,198,193,391,
61478,221,159,380,
61480,217,175,392,
61481,225,164,389,
61483,219,163,382,
61484,234,163,397,
61485,207,170,377,
61487,213,164,377,
61488,207,160,367,
61489,223,165,388,
61490,217,162,379,
61491,207,191,398,
61492,203,163,366,
61493,227,155,382,
61494,176,163,339,
61495,34,27,61,
61496,208,174,382,
61497,204,132,336,
61498,184,173,357,
61499,215,161,376,
61501,234,156,390,
61502,177,184,361,
61503,195,180,375,
61504,202,166,368,
61505,205,177,382,
61506,199,166,365,
61507,209,171,380,
61508,204,165,369,
61509,4,1,5,
61511,210,146,356,
61512,211,156,367,
61513,212,161,373,
61514,215,167,382,
61518,213,161,374,
61519,217,169,386,
61520,235,169,404,
61522,197,164,361,
61523,224,177,401,
61524,193,149,342,
61525,216,177,393,
61526,180,168,348,
61528,214,152,366,
61532,196,165,361,
61534,234,151,385,
61535,171,151,322,
61536,206,149,355,
61537,181,127,308,
61538,197,159,356,
61539,213,157,370,
61540,206,158,364,
61541,202,152,354,
61542,192,177,369,
61544,229,150,379,
61547,237,168,405,
61549,211,184,395,
61551,209,158,367,
61552,168,106,274,
61553,214,152,366,
61554,207,158,365,
61555,210,170,380,
61556,206,154,360,
61557,200,157,357,
61558,205,152,357,
61559,210,141,351,
61560,200,146,346,
61561,193,160,353,
61562,210,165,375,
61563,203,172,375,
61564,209,167,376,
61565,240,158,398,
61567,236,165,401,
61569,38,28,66,
61570,210,172,382,
61572,205,130,335,
61573,24,24,48,
61574,212,157,369,
61575,206,159,365,
61576,219,158,377,
61577,201,154,355,
61581,229,170,399,
61582,246,152,398,
61583,201,158,359,
61584,203,185,388,
61585,218,141,359,
61587,42,37,79,
61588,217,152,369,
61589,220,186,406,
61590,127,101,228,
61591,219,151,370,
61593,187,174,361,
61594,207,149,356,
61598,210,156,366,
61599,205,171,376,
61602,174,145,319,
61604,212,182,394,
61605,200,171,371,
61607,212,166,378,
61608,20,14,34,
61609,220,185,405,
61610,218,191,409,
61612,209,179,388,
61613,233,145,378,
61614,216,154,370,
61615,231,143,374,
61616,208,173,381,
61617,205,170,375,
61618,211,187,398,
61619,215,130,345,
61620,211,167,378,
61621,218,170,388,
61622,198,173,371,
61623,211,137,348,
61624,210,167,377,
61625,213,143,356,
61626,192,175,367,
61629,212,155,367,
61630,222,177,399,
61631,202,171,373,
61632,198,179,377,
61633,195,171,366,
61634,184,145,329,
61635,214,161,375,
61636,208,166,374,
61637,214,169,383,
61638,233,178,411,
61639,202,167,369,
61640,204,154,358,
61641,206,165,371,
61644,281,148,429,
61645,213,169,382,
61646,182,180,362,
61647,191,167,358,
61648,196,162,358,
61649,221,167,388,
61651,196,167,363,
61654,223,164,387,
61657,210,176,386,
61658,193,181,374,
61659,194,170,364,
61660,218,157,375,
61661,207,166,373,
61662,227,155,382,
61664,168,152,320,
61665,214,150,364,
61666,209,168,377,
61667,206,158,364,
61668,190,142,332,
61669,50,26,76,
61671,215,161,376,
61672,210,156,366,
61674,198,142,340,
61675,194,156,350,
61676,190,171,361,
61678,178,179,357,
61679,207,190,397,
61680,216,172,388,
61681,198,171,369,
61682,196,140,336,
61683,204,150,354,
61684,218,186,404,
61687,169,124,293,
61689,229,161,390,
61690,213,164,377,
61692,215,161,376,
61693,226,180,406,
61694,226,164,390,
61695,214,178,392,
61697,206,162,368,
61698,224,157,381,
61699,197,180,377,
61700,217,163,380,
61702,215,189,404,
61703,211,167,378,
61704,235,158,393,
61705,204,174,378,
61706,215,155,370,
61707,223,175,398,
61708,201,166,367,
61709,194,153,347,
61710,227,162,389,
61712,210,154,364,
61713,222,183,405,
61714,213,170,383,
61715,196,163,359,
61716,199,151,350,
61717,251,173,424,
61718,189,177,366,
61719,236,151,387,
61721,187,138,325,
61722,235,159,394,
61724,198,165,363,
61725,191,171,362,
61726,210,158,368,
61727,210,171,381,
61728,233,183,416,
61729,224,131,355,
61733,214,175,389,
61735,212,143,355,
61736,230,174,404,
61737,211,184,395,
61738,219,182,401,
61739,208,162,370,
61740,197,197,394,
61742,199,176,375,
61743,138,119,257,
61744,223,189,412,
61745,229,166,395,
61746,241,177,418,
61748,194,120,314,
61749,189,153,342,
61750,178,175,353,
61751,217,147,364,
61752,202,159,361,
61753,219,155,374,
61754,37,30,67,
61756,40,25,65,
61757,202,161,363,
61758,203,165,368,
61760,195,178,373,
61762,248,157,405,
61763,199,164,363,
61764,192,160,352,
61765,211,171,382,
61767,213,155,368,
61768,216,157,373,
61770,178,145,323,
61771,209,157,366,
61772,202,176,378,
61773,8,2,10,
61776,231,168,399,
61777,183,162,345,
61778,242,148,390,
61779,225,148,373,
61780,22,11,33,
61782,206,165,371,
61783,25,18,43,
61784,207,163,370,
61785,190,151,341,
61786,221,145,366,
61787,231,161,392,
61788,202,159,361,
61793,206,163,369,
61794,38,28,66,
61795,190,139,329,
61796,222,144,366,
61798,211,175,386,
61799,222,144,366,
61801,213,159,372,
61802,212,169,381,
61803,198,188,386,
61804,206,148,354,
61805,231,185,416,
61806,206,168,374,
61807,191,184,375,
61808,236,157,393,
61809,210,148,358,
61810,199,160,359,
61811,16,11,27,
61812,15,4,19,
61813,222,168,390,
61816,206,179,385,
61817,212,166,378,
61818,232,169,401,
61820,216,156,372,
61821,217,155,372,
61822,207,167,374,
61823,189,171,360,
61824,197,135,332,
61825,218,158,376,
61826,183,164,347,
61827,205,167,372,
61828,192,130,322,
61829,205,143,348,
61831,196,166,362,
61832,164,171,335,
61833,53,25,78,
61834,216,153,369,
61837,200,143,343,
61838,202,180,382,
61839,215,180,395,
61840,214,154,368,
61842,236,154,390,
61843,231,173,404,
61845,199,150,349,
61846,216,180,396,
61847,210,160,370,
61848,201,198,399,
61849,181,168,349,
61851,191,173,364,
61852,18,10,28,
61853,203,148,351,
61854,204,141,345,
61856,211,150,361,
61857,192,146,338,
61858,196,159,355,
61860,219,151,370,
61861,207,152,359,
61863,238,151,389,
61864,224,159,383,
61865,195,150,345,
61866,208,178,386,
61867,194,180,374,
61868,210,159,369,
61869,201,172,373,
61870,188,180,368,
61871,198,175,373,
61873,221,153,374,
61874,30,18,48,
61875,195,159,354,
61876,209,156,365,
61877,219,172,391,
61878,190,162,352,
61879,184,164,348,
61880,196,180,376,
61881,196,148,344,
61882,203,168,371,
61883,190,163,353,
61884,174,111,285,
61885,217,155,372,
61886,211,159,370,
61887,204,163,367,
61888,41,41,82,
61893,196,170,366,
61894,207,177,384,
61895,213,148,361,
61896,227,163,390,
61897,239,164,403,
61898,228,152,380,
61900,212,162,374,
61903,228,164,392,
61904,193,183,376,
61907,201,146,347,
61909,204,178,382,
61910,3,4,7,
61912,186,190,376,
61913,231,196,427,
61914,27,18,45,
61916,177,188,365,
61917,26,25,51,
61921,204,168,372,
61923,198,156,354,
61924,207,173,380,
61925,193,182,375,
61926,170,138,308,
61927,199,180,379,
61928,220,193,413,
61929,200,154,354,
61931,193,164,357,
61932,217,165,382,
61933,217,161,378,
61934,222,161,383,
61935,223,134,357,
61936,178,128,306,
61937,211,176,387,
61938,180,156,336,
61939,14,14,28,
61940,204,178,382,
61942,186,206,392,
61943,164,108,272,
61944,208,164,372,
61945,198,153,351,
61946,221,166,387,
61947,200,142,342,
61948,188,167,355,
61949,211,181,392,
61950,201,161,362,
61952,220,149,369,
61953,232,155,387,
61954,228,175,403,
61955,223,157,380,
61958,240,164,404,
61959,198,165,363,
61960,197,176,373,
61961,205,163,368,
61962,222,188,410,
61963,203,157,360,
61964,191,170,361,
61966,215,145,360,
61967,195,159,354,
61968,227,173,400,
61971,216,154,370,
61972,200,172,372,
61973,221,175,396,
61974,216,148,364,
61975,210,151,361,
61978,241,182,423,
61979,227,168,395,
61980,195,160,355,
61981,213,177,390,
61982,223,139,362,
61983,205,155,360,
61984,203,146,349,
61985,210,162,372,
61986,197,163,360,
61987,225,188,413,
61989,219,156,375,
61990,15,14,29,
61991,194,187,381,
61992,204,132,336,
61993,228,179,407,
61994,204,165,369,
61998,226,152,378,
61999,25,22,47,
62000,206,152,358,
62001,203,169,372,
62002,213,178,391,
62003,187,162,349,
62004,205,135,340,
62005,25,14,39,
62006,217,152,369,
62007,178,160,338,
62008,213,149,362,
62012,198,184,382,
62014,188,184,372,
62016,201,151,352,
62017,218,171,389,
62018,234,161,395,
62020,183,172,355,
62021,212,172,384,
62022,210,143,353,
62023,213,174,387,
62025,185,164,349,
62026,197,162,359,
62029,35,18,53,
62031,234,179,413,
62032,156,109,265,
62034,177,162,339,
62035,210,167,377,
62036,213,200,413,
62037,200,176,376,
62039,196,148,344,
62041,229,169,398,
62042,210,142,352,
62043,195,158,353,
62044,216,150,366,
62046,225,166,391,
62047,15,3,18,
62048,211,153,364,
62049,171,166,337,
62050,183,167,350,
62051,30,21,51,
62052,214,160,374,
62053,204,166,370,
62055,228,149,377,
62062,218,142,360,
62064,134,134,268,
62065,38,35,73,
62066,209,150,359,
62067,221,151,372,
62068,191,152,343,
62070,191,171,362,
62072,191,161,352,
62073,203,169,372,
62075,222,178,400,
62077,202,165,367,
62080,224,172,396,
62081,199,160,359,
62082,188,159,347,
62083,199,135,334,
62084,31,26,57,
62087,15,6,21,
62088,222,172,394,
62089,237,185,422,
62091,35,21,56,
62093,182,163,345,
62094,232,162,394,
62095,194,143,337,
62096,195,154,349,
62097,207,167,374,
62098,200,145,345,
62099,198,191,389,
62101,183,156,339,
62103,216,161,377,
62104,222,170,392,
62105,225,195,420,
62107,205,162,367,
62108,204,149,353,
62109,41,20,61,
62112,190,167,357,
62113,210,159,369,
62114,223,153,376,
62115,227,184,411,
62116,24,16,40,
62117,193,161,354,
62118,198,162,360,
62119,217,157,374,
62120,230,135,365,
62121,201,169,370,
62122,193,203,396,
62123,197,167,364,
62124,204,173,377,
62126,206,141,347,
62127,201,175,376,
62128,190,160,350,
62129,204,159,363,
62130,205,115,320,
62131,219,150,369,
62132,209,150,359,
62133,239,169,408,
62135,202,191,393,
62136,226,159,385,
62137,212,164,376,
62138,210,142,352,
62139,188,158,346,
62141,238,177,415,
62143,194,182,376,
62144,199,147,346,
62145,245,165,410,
62146,214,146,360,
62147,221,192,413,
62150,203,181,384,
62151,253,162,415,
62152,197,154,351,
62154,211,175,386,
62156,215,178,393,
62157,210,185,395,
62159,215,161,376,
62160,204,154,358,
62161,214,176,390,
62162,202,172,374,
62164,237,165,402,
62167,236,146,382,
62169,233,160,393,
62170,208,173,381,
62171,202,172,374,
62172,207,181,388,
62173,234,171,405,
62174,236,154,390,
62176,180,166,346,
62180,183,149,332,
62181,210,194,404,
62182,198,169,367,
62184,231,198,429,
62186,281,161,442,
62187,216,163,379,
62188,192,167,359,
62189,201,156,357,
62190,185,167,352,
62192,191,149,340,
62194,232,142,374,
62195,200,152,352,
62196,153,134,287,
62198,204,142,346,
62200,209,151,360,
62201,210,151,361,
62202,210,163,373,
62203,203,148,351,
62205,202,151,353,
62206,24,20,44,
62207,203,176,379,
62208,206,174,380,
62209,32,19,51,
62211,237,163,400,
62212,213,162,375,
62213,206,161,367,
62214,202,173,375,
62215,193,152,345,
62216,182,131,313,
62217,204,184,388,
62218,216,177,393,
62219,214,141,355,
62221,196,148,344,
62222,224,163,387,
62223,202,155,357,
62226,213,165,378,
62230,222,155,377,
62231,197,146,343,
62233,214,147,361,
62234,188,192,380,
62235,178,171,349,
62236,240,168,408,
62241,217,179,396,
62244,198,133,331,
62245,225,174,399,
62246,217,152,369,
62247,207,136,343,
62249,249,150,399,
62250,212,147,359,
62251,241,152,393,
62252,211,141,352,
62253,202,167,369,
62254,208,166,374,
62255,208,136,344,
62258,234,164,398,
62259,222,160,382,
62260,217,172,389,
62262,235,169,404,
62263,217,182,399,
62264,214,164,378,
62265,21,28,49,
62266,221,185,406,
62267,195,166,361,
62270,214,180,394,
62271,228,164,392,
62272,194,166,360,
62274,190,144,334,
62275,213,138,351,
62276,229,146,375,
62277,196,157,353,
62278,177,148,325,
62279,227,166,393,
62280,184,181,365,
62282,204,159,363,
62285,240,164,404,
62287,209,182,391,
62288,208,172,380,
62289,216,162,378,
62291,187,156,343,
62292,42,33,75,
62293,215,159,374,
62294,221,158,379,
62295,216,162,378,
62300,214,171,385,
62301,196,149,345,
62302,204,144,348,
62303,214,186,400,
62304,220,173,393,
62306,192,166,358,
62308,223,176,399,
62309,150,153,303,
62310,225,133,358,
62311,212,162,374,
62312,207,157,364,
62313,198,147,345,
62314,221,168,389,
62315,203,174,377,
62316,214,182,396,
62317,208,159,367,
62318,231,181,412,
62319,221,169,390,
62320,201,168,369,
62322,214,154,368,
62323,206,184,390,
62324,210,162,372,
62325,183,147,330,
62326,214,172,386,
62327,193,149,342,
62328,178,144,322,
62329,204,171,375,
62332,193,171,364,
62333,26,10,36,
62334,188,154,342,
62335,208,122,330,
62336,215,155,370,
62338,18,27,45,
62339,213,150,363,
62340,200,147,347,
62341,167,135,302,
62342,214,189,403,
62343,217,177,394,
62344,27,15,42,
62347,201,161,362,
62349,224,180,404,
62351,215,153,368,
62352,220,170,390,
62353,205,194,399,
62354,218,172,390,
62355,226,174,400,
62356,203,141,344,
62357,223,169,392,
62358,220,195,415,
62360,219,169,388,
62361,208,173,381,
62362,221,177,398,
62363,241,165,406,
62364,223,162,385,
62365,219,179,398,
62366,227,166,393,
62367,214,156,370,
62368,231,194,425,
62369,213,167,380,
62370,216,176,392,
62371,199,175,374,
62372,216,146,362,
62373,201,148,349,
62374,216,137,353,
62375,182,155,337,
62376,177,167,344,
62377,199,166,365,
62378,216,173,389,
62379,206,162,368,
62382,223,200,423,
62383,203,156,359,
62384,6,9,15,
62385,230,150,380,
62386,218,155,373,
62388,246,145,391,
62389,203,161,364,
62390,227,139,366,
62391,208,141,349,
62392,210,176,386,
62393,134,149,283,
62394,189,158,347,
62396,231,158,389,
62397,201,163,364,
62398,198,169,367,
62399,204,167,371,
62400,220,159,379,
62401,221,178,399,
62402,220,182,402,
62403,201,192,393,
62405,30,29,59,
62406,208,190,398,
62407,219,150,369,
62408,206,150,356,
62409,206,152,358,
62410,115,107,222,
62411,228,179,407,
62412,229,155,384,
62413,189,139,328,
62414,211,194,405,
62417,62,39,101,
62418,226,160,386,
62419,197,185,382,
62420,201,125,326,
62422,215,166,381,
62424,176,160,336,
62425,202,156,358,
62428,235,160,395,
62429,194,174,368,
62430,206,167,373,
62432,217,183,400,
62434,221,168,389,
62435,201,167,368,
62437,225,160,385,
62438,206,164,370,
62439,206,191,397,
62441,205,162,367,
62442,206,178,384,
62445,27,25,52,
62446,157,106,263,
62447,216,153,369,
62451,211,183,394,
62452,199,132,331,
62453,217,180,397,
62455,213,164,377,
62456,215,170,385,
62457,14,21,35,
62458,212,174,386,
62459,216,166,382,
62461,231,184,415,
62462,217,168,385,
62463,221,157,378,
62465,211,164,375,
62466,244,161,405,
62467,219,155,374,
62468,202,152,354,
62470,222,119,341,
62472,200,144,344,
62473,219,175,394,
62474,187,166,353,
62475,216,139,355,
62476,204,183,387,
62478,208,162,370,
62479,214,173,387,
62480,213,179,392,
62482,194,160,354,
62487,207,166,373,
62490,220,181,401,
62491,208,170,378,
62492,200,160,360,
62493,217,170,387,
62494,200,155,355,
62495,208,161,369,
62496,78,54,132,
62497,213,151,364,
62498,207,162,369,
62499,199,185,384,
62500,218,139,357,
62501,168,166,334,
62502,220,141,361,
62503,197,153,350,
62505,223,165,388,
62506,204,170,374,
62508,197,189,386,
62509,226,164,390,
62510,190,174,364,
62512,212,167,379,
62514,211,132,343,
62515,234,141,375,
62516,203,176,379,
62517,18,10,28,
62520,207,183,390,
62521,197,157,354,
62523,188,174,362,
62524,185,169,354,
62526,205,171,376,
62527,232,174,406,
62528,202,158,360,
62529,223,155,378,
62530,243,174,417,
62531,232,175,407,
62533,193,161,354,
62534,199,148,347,
62535,202,154,356,
62536,224,151,375,
62538,46,30,76,
62540,196,153,349,
62541,200,147,347,
62542,193,171,364,
62543,221,168,389,
62544,222,188,410,
62545,218,187,405,
62546,185,166,351,
62547,165,136,301,
62549,230,150,380,
62551,187,161,348,
62553,201,137,338,
62554,213,195,408,
62555,223,165,388,
62556,215,175,390,
62557,22,15,37,
62558,210,137,347,
62559,228,168,396,
62560,191,180,371,
62561,215,168,383,
62563,221,146,367,
62565,203,172,375,
62567,220,182,402,
62569,199,157,356,
62570,218,167,385,
62571,190,147,337,
62573,228,161,389,
62574,225,180,405,
62575,222,173,395,
62576,201,157,358,
62577,218,164,382,
62578,218,152,370,
62580,201,164,365,
62581,182,143,325,
62582,232,146,378,
62583,229,168,397,
62584,210,174,384,
62585,216,150,366,
62586,208,186,394,
62589,189,161,350,
62590,212,175,387,
62591,234,164,398,
62593,195,156,351,
62594,210,168,378,
62595,224,165,389,
62596,187,156,343,
62597,205,155,360,
62598,225,159,384,
62599,210,164,374,
62600,215,160,375,
62601,43,26,69,
62602,233,177,410,
62603,223,172,395,
62605,210,158,368,
62606,221,171,392,
62607,199,182,381,
62610,233,165,398,
62611,189,175,364,
62612,220,171,391,
62613,186,150,336,
62614,197,160,357,
62615,201,173,374,
62616,189,169,358,
62618,203,178,381,
62619,195,164,359,
62620,243,181,424,
62621,203,138,341,
62622,235,166,401,
62623,30,18,48,
62626,225,169,394,
62627,216,147,363,
62628,217,176,393,
62630,226,174,400,
62631,193,184,377,
62632,208,151,359,
62633,196,138,334,
62634,178,169,347,
62637,230,165,395,
62639,199,153,352,
62640,247,156,403,
62641,170,152,322,
62642,218,163,381,
62643,203,166,369,
62645,197,137,334,
62646,222,169,391,
62647,191,178,369,
62650,215,158,373,
62651,194,152,346,
62652,195,145,340,
62653,202,160,362,
62656,235,173,408,
62657,203,165,368,
62658,213,153,366,
62659,222,161,383,
62660,208,162,370,
62663,193,178,371,
62664,206,158,364,
62665,194,155,349,
62666,207,190,397,
62667,223,149,372,
62668,202,171,373,
62669,205,178,383,
62670,226,146,372,
62671,196,160,356,
62672,203,156,359,
62674,217,166,383,
62675,217,167,384,
62676,22,23,45,
62679,216,139,355,
62680,229,146,375,
62683,239,164,403,
62686,219,195,414,
62687,232,152,384,
62688,228,170,398,
62690,175,162,337,
62694,212,165,377,
62695,214,163,377,
62696,43,30,73,
62697,218,155,373,
62698,221,143,364,
62699,209,171,380,
62700,246,147,393,
62701,230,158,388,
62703,204,172,376,
62704,219,178,397,
62705,196,180,376,
62706,206,174,380,
62707,196,152,348,
62708,205,198,403,
62709,213,156,369,
62710,200,194,394,
62711,197,176,373,
62712,29,31,60,
62713,215,177,392,
62716,198,164,362,
62717,218,177,395,
62718,192,184,376,
62719,233,147,380,
62722,207,164,371,
62724,221,165,386,
62725,207,156,363,
62726,204,177,381,
62727,189,156,345,
62728,224,162,386,
62729,225,148,373,
62730,201,169,370,
62731,162,121,283,
62732,200,161,361,
62733,202,162,364,
62734,217,130,347,
62735,221,161,382,
62736,182,155,337,
62737,242,182,424,
62738,159,169,328,
62739,202,159,361,
62740,235,161,396,
62741,224,172,396,
62742,184,176,360,
62745,209,157,366,
62746,201,172,373,
62747,220,140,360,
62748,207,169,376,
62749,190,144,334,
62750,224,167,391,
62751,211,174,385,
62752,218,184,402,
62753,208,156,364,
62754,215,152,367,
62755,198,178,376,
62757,203,157,360,
62758,28,19,47,
62759,192,139,331,
62761,232,184,416,
62762,209,157,366,
62763,148,132,280,
62764,220,161,381,
62765,219,168,387,
62766,218,179,397,
62767,189,178,367,
62768,200,145,345,
62769,221,146,367,
62770,207,186,393,
62771,183,190,373,
62772,35,15,50,
62773,195,148,343,
62775,202,168,370,
62776,213,150,363,
62777,230,180,410,
62778,244,166,410,
62779,233,180,413,
62782,208,168,376,
62783,219,182,401,
62784,197,159,356,
62785,195,173,368,
62786,237,177,414,
62787,204,135,339,
62789,230,144,374,
62790,217,163,380,
62791,194,156,350,
62792,214,174,388,
62793,205,155,360,
62795,180,167,347,
62796,154,126,280,
62797,217,138,355,
62798,198,173,371,
62799,222,162,384,
62801,195,145,340,
62802,176,156,332,
62803,214,182,396,
62804,200,153,353,
62805,29,20,49,
62806,216,165,381,
62807,216,158,374,
62808,30,16,46,
62809,221,176,397,
62810,222,168,390,
62811,213,175,388,
62813,196,165,361,
62814,191,179,370,
62816,227,140,367,
62819,219,171,390,
62820,224,159,383,
62821,229,160,389,
62823,190,182,372,
62824,233,135,368,
62825,222,154,376,
62826,183,169,352,
62830,224,160,384,
62831,186,175,361,
62834,225,170,395,
62836,195,185,380,
62837,202,142,344,
62838,212,151,363,
62841,224,191,415,
62843,217,172,389,
62846,208,178,386,
62847,236,165,401,
62848,253,158,411,
62850,217,147,364,
62851,213,159,372,
62852,203,139,342,
62853,41,22,63,
62856,215,152,367,
62857,230,129,359,
62858,208,158,366,
62859,192,137,329,
62860,204,135,339,
62861,205,152,357,
62863,241,188,429,
62865,247,135,382,
62866,190,164,354,
62867,239,142,381,
62869,224,180,404,
62871,238,159,397,
62872,200,179,379,
62874,206,161,367,
62875,219,169,388,
62876,198,166,364,
62877,220,173,393,
62878,204,169,373,
62879,226,167,393,
62880,185,195,380,
62881,231,168,399,
62882,208,184,392,
62883,206,192,398,
62884,219,162,381,
62885,201,150,351,
62886,208,149,357,
62887,243,163,406,
62888,218,177,395,
62890,195,151,346,
62893,169,172,341,
62895,203,173,376,
62896,212,165,377,
62897,230,146,376,
62898,237,155,392,
62899,212,167,379,
62900,184,162,346,
62901,190,171,361,
62902,220,166,386,
62906,38,36,74,
62907,224,195,419,
62908,14,21,35,
62909,205,160,365,
62910,200,183,383,
62911,233,166,399,
62912,225,160,385,
62913,210,171,381,
62914,229,170,399,
62916,227,169,396,
62917,108,107,215,
62918,199,148,347,
62920,214,164,378,
62921,208,160,368,
62922,220,164,384,
62924,227,164,391,
62925,197,166,363,
62928,225,152,377,
62929,200,159,359,
62930,201,181,382,
62931,202,164,366,
62932,197,180,377,
62933,32,26,58,
62934,216,157,373,
62936,198,157,355,
62937,222,150,372,
62939,205,157,362,
62940,227,153,380,
62941,212,167,379,
62942,218,185,403,
62944,211,159,370,
62945,202,170,372,
62947,195,174,369,
62948,189,168,357,
62949,200,171,371,
62950,201,157,358,
62951,194,155,349,
62952,245,146,391,
62953,190,155,345,
62954,209,177,386,
62955,218,197,415,
62957,240,171,411,
62958,207,161,368,
62959,221,165,386,
62960,194,161,355,
62962,210,189,399,
62963,181,197,378,
62965,185,157,342,
62969,221,171,392,
62970,189,160,349,
62971,205,152,357,
62972,224,171,395,
62973,204,148,352,
62974,213,148,361,
62975,192,148,340,
62976,239,157,396,
62977,198,150,348,
62978,219,152,371,
62979,194,139,333,
62980,231,175,406,
62981,201,189,390,
62983,206,141,347,
62984,224,178,402,
62985,203,199,402,
62987,221,209,430,
62988,174,157,331,
62989,191,144,335,
62990,218,173,391,
62991,201,172,373,
62992,242,174,416,
62993,201,173,374,
62994,27,24,51,
62998,200,173,373,
62999,213,133,346,
63000,215,164,379,
63001,183,117,300,
63002,242,159,401,
63003,228,171,399,
63004,203,194,397,
63005,234,161,395,
63007,209,171,380,
63008,192,150,342,
63009,216,164,380,
63010,195,172,367,
63013,219,165,384,
63015,216,156,372,
63016,211,157,368,
63017,245,157,402,
63019,221,176,397,
63021,214,170,384,
63023,182,175,357,
63024,203,137,340,
63025,228,144,372,
63026,205,170,375,
63027,225,177,402,
63028,251,162,413,
63029,187,160,347,
63030,197,176,373,
63031,202,186,388,
63033,208,156,364,
63034,203,173,376,
63035,237,173,410,
63036,210,164,374,
63037,223,168,391,
63038,216,156,372,
63039,204,203,407,
63040,271,160,431,
63042,199,171,370,
63043,216,166,382,
63044,229,162,391,
63045,199,166,365,
63046,231,190,421,
63047,198,146,344,
63048,14,11,25,
63049,203,157,360,
63050,213,160,373,
63051,204,179,383,
63052,215,141,356,
63053,212,185,397,
63054,233,164,397,
63055,239,157,396,
63056,219,175,394,
63057,179,166,345,
63058,207,169,376,
63059,221,165,386,
63060,25,25,50,
63061,218,180,398,
63062,200,135,335,
63064,221,176,397,
63065,218,151,369,
63067,229,170,399,
63068,191,162,353,
63069,187,133,320,
63070,204,157,361,
63071,195,163,358,
63073,226,177,403,
63074,217,162,379,
63075,226,144,370,
63076,192,148,340,
63080,203,178,381,
63081,2,3,5,
63082,212,174,386,
63084,218,197,415,
63086,251,165,416,
63088,205,144,349,
63089,240,156,396,
63090,209,174,383,
63091,226,178,404,
63094,190,159,349,
63095,163,132,295,
63097,220,177,397,
63098,232,140,372,
63099,214,141,355,
63100,226,158,384,
63101,222,197,419,
63102,193,138,331,
63103,145,137,282,
63104,172,169,341,
63105,216,169,385,
63106,187,151,338,
63107,7,2,9,
63109,197,154,351,
63110,205,166,371,
63111,54,41,95,
63112,212,184,396,
63113,216,160,376,
63115,208,150,358,
63116,203,155,358,
63118,200,165,365,
63120,201,147,348,
63121,215,140,355,
63123,216,160,376,
63124,205,137,342,
63126,197,199,396,
63127,213,189,402,
63128,202,186,388,
63129,246,151,397,
63131,209,159,368,
63133,204,167,371,
63134,187,181,368,
63135,222,173,395,
63136,208,172,380,
63137,204,190,394,
63138,216,173,389,
63140,207,176,383,
63141,188,176,364,
63142,20,16,36,
63144,205,150,355,
63145,197,156,353,
63146,230,137,367,
63147,196,188,384,
63148,231,166,397,
63150,234,158,392,
63151,218,132,350,
63152,232,170,402,
63153,233,153,386,
63155,238,155,393,
63156,186,165,351,
63157,191,134,325,
63158,207,147,354,
63159,193,181,374,
63160,199,175,374,
63161,211,164,375,
63163,215,162,377,
63164,205,154,359,
63165,205,172,377,
63166,15,15,30,
63167,216,175,391,
63168,207,145,352,
63169,203,168,371,
63171,204,175,379,
63172,239,144,383,
63173,212,160,372,
63174,222,164,386,
63175,185,145,330,
63176,186,177,363,
63178,210,180,390,
63179,201,156,357,
63180,238,153,391,
63181,16,26,42,
63182,210,173,383,
63184,208,140,348,
63185,213,164,377,
63187,218,178,396,
63188,184,150,334,
63189,207,157,364,
63190,35,22,57,
63191,190,156,346,
63192,199,189,388,
63193,193,176,369,
63194,225,149,374,
63195,226,183,409,
63197,189,167,356,
63198,195,175,370,
63199,197,158,355,
63200,228,162,390,
63201,225,160,385,
63202,212,153,365,
63204,195,154,349,
63205,202,159,361,
63206,202,124,326,
63207,195,154,349,
63208,189,154,343,
63209,220,146,366,
63210,198,162,360,
63211,21,11,32,
63212,207,152,359,
63213,224,183,407,
63214,202,182,384,
63215,204,178,382,
63217,213,160,373,
63218,154,160,314,
63220,208,152,360,
63221,239,144,383,
63223,203,140,343,
63224,221,153,374,
63226,206,162,368,
63227,226,181,407,
63228,50,32,82,
63230,219,187,406,
63232,45,40,85,
63233,237,168,405,
63234,207,163,370,
63236,210,175,385,
63237,233,183,416,
63238,194,164,358,
63239,209,174,383,
63240,219,141,360,
63241,208,155,363,
63243,197,151,348,
63244,204,145,349,
63245,222,152,374,
63246,235,171,406,
63247,227,129,356,
63248,212,156,368,
63249,204,142,346,
63251,30,33,63,
63252,226,164,390,
63253,178,165,343,
63254,196,186,382,
63255,21,22,43,
63256,187,146,333,
63257,195,167,362,
63258,189,179,368,
63259,218,158,376,
63260,183,157,340,
63263,198,161,359,
63264,189,153,342,
63265,211,159,370,
63266,153,125,278,
63267,219,161,380,
63268,11,12,23,
63269,220,146,366,
63270,205,155,360,
63271,213,152,365,
63272,217,161,378,
63273,231,163,394,
63274,217,160,377,
63275,160,155,315,
63276,210,180,390,
63278,51,37,88,
63279,220,136,356,
63280,247,137,384,
63281,222,156,378,
63282,213,148,361,
63285,203,190,393,
63286,196,156,352,
63287,40,22,62,
63288,28,34,62,
63292,206,167,373,
63293,155,160,315,
63294,230,175,405,
63295,226,150,376,
63296,3,7,10,
63297,191,134,325,
63298,200,192,392,
63299,213,158,371,
63301,200,151,351,
63302,214,173,387,
63305,172,181,353,
63306,209,176,385,
63307,217,169,386,
63308,217,166,383,
63310,213,186,399,
63312,191,160,351,
63313,217,167,384,
63314,205,151,356,
63316,23,16,39,
63317,241,195,436,
63319,179,132,311,
63320,184,130,314,
63321,198,157,355,
63323,210,191,401,
63324,211,156,367,
63325,211,165,376,
63326,213,144,357,
63327,236,179,415,
63328,34,29,63,
63329,211,156,367,
63330,219,162,381,
63331,180,156,336,
63333,209,170,379,
63334,200,159,359,
63335,186,143,329,
63336,225,164,389,
63337,226,160,386,
63339,216,157,373,
63340,245,174,419,
63341,226,185,411,
63342,200,178,378,
63344,214,169,383,
63345,189,149,338,
63348,167,146,313,
63350,222,165,387,
63351,215,145,360,
63353,199,148,347,
63354,204,180,384,
63355,214,162,376,
63357,202,181,383,
63359,182,167,349,
63361,208,173,381,
63362,201,139,340,
63363,205,162,367,
63364,190,170,360,
63366,227,168,395,
63367,195,146,341,
63368,215,156,371,
63369,221,173,394,
63370,208,183,391,
63371,194,160,354,
63372,241,150,391,
63375,220,154,374,
63376,209,163,372,
63378,212,134,346,
63380,182,158,340,
63381,210,158,368,
63382,171,156,327,
63383,240,167,407,
63384,151,109,260,
63385,224,168,392,
63386,217,150,367,
63387,223,191,414,
63390,204,180,384,
63391,45,29,74,
63392,209,170,379,
63393,229,159,388,
63394,230,167,397,
63395,206,173,379,
63396,202,154,356,
63397,208,169,377,
63398,197,169,366,
63399,230,169,399,
63401,215,181,396,
63402,205,175,380,
63404,198,158,356,
63405,119,114,233,
63406,180,180,360,
63407,215,150,365,
63408,235,159,394,
63409,208,173,381,
63412,217,170,387,
63413,157,109,266,
63414,188,185,373,
63415,177,163,340,
63416,197,166,363,
63417,219,175,394,
63418,216,159,375,
63419,196,147,343,
63420,217,176,393,
63421,195,167,362,
63423,10,10,20,
63424,200,170,370,
63425,195,131,326,
63426,46,30,76,
63428,208,149,357,
63429,206,176,382,
63430,217,163,380,
63431,223,163,386,
63433,180,156,336,
63434,226,168,394,
63435,207,168,375,
63436,218,176,394,
63437,178,169,347,
63438,204,163,367,
63439,216,185,401,
63440,203,143,346,
63441,195,150,345,
63442,198,138,336,
63445,207,175,382,
63446,52,41,93,
63447,210,156,366,
63448,176,165,341,
63449,196,166,362,
63450,225,167,392,
63451,202,158,360,
63452,203,193,396,
63454,237,177,414,
63455,216,144,360,
63457,193,157,350,
63458,217,152,369,
63459,234,160,394,
63460,217,160,377,
63462,192,160,352,
63463,229,139,368,
63464,202,162,364,
63465,230,164,394,
63466,197,171,368,
63469,200,165,365,
63470,195,145,340,
63471,226,160,386,
63473,221,165,386,
63474,209,161,370,
63475,207,145,352,
63476,216,154,370,
63477,228,175,403,
63479,210,150,360,
63480,215,182,397,
63481,225,156,381,
63483,208,188,396,
63484,220,148,368,
63486,216,150,366,
63487,224,176,400,
63488,217,164,381,
63489,218,167,385,
63490,226,139,365,
63492,223,155,378,
63493,22,22,44,
63495,222,165,387,
63496,207,160,367,
63497,169,138,307,
63498,194,144,338,
63499,199,164,363,
63500,205,185,390,
63501,198,165,363,
63503,204,154,358,
63505,210,139,349,
63508,230,154,384,
63510,211,168,379,
63511,206,168,374,
63512,202,167,369,
63513,212,178,390,
63514,186,188,374,
63515,217,145,362,
63516,229,159,388,
63517,204,175,379,
63518,206,159,365,
63520,212,155,367,
63521,183,170,353,
63522,234,153,387,
63524,184,171,355,
63526,205,177,382,
63527,179,138,317,
63529,218,179,397,
63530,190,164,354,
63531,227,155,382,
63532,203,194,397,
63534,213,170,383,
63535,233,162,395,
63536,193,171,364,
63537,207,163,370,
63538,225,157,382,
63539,208,147,355,
63540,205,182,387,
63543,220,166,386,
63544,199,160,359,
63545,37,29,66,
63546,214,183,397,
63547,215,183,398,
63548,214,165,379,
63551,183,165,348,
63552,213,176,389,
63553,232,183,415,
63554,206,187,393,
63556,189,171,360,
63557,190,173,363,
63559,199,169,368,
63560,43,33,76,
63561,228,165,393,
63562,212,158,370,
63563,221,183,404,
63564,197,146,343,
63565,202,178,380,
63566,208,187,395,
63567,221,182,403,
63568,4,7,11,
63569,203,145,348,
63570,194,173,367,
63572,222,149,371,
63573,215,151,366,
63574,193,157,350,
63575,229,169,398,
63576,209,139,348,
63579,220,184,404,
63580,219,166,385,
63581,213,169,382,
63582,235,174,409,
63584,224,162,386,
63585,181,171,352,
63586,203,178,381,
63587,226,148,374,
63588,209,170,379,
63591,200,157,357,
63592,215,136,351,
63593,212,173,385,
63595,208,164,372,
63596,190,180,370,
63597,195,183,378,
63599,194,160,354,
63600,169,155,324,
63602,204,172,376,
63604,195,157,352,
63605,230,145,375,
63607,213,163,376,
63608,200,158,358,
63609,9,11,20,
63611,208,153,361,
63612,234,137,371,
63615,224,167,391,
63616,22,28,50,
63617,213,187,400,
63618,15,20,35,
63619,181,161,342,
63620,220,157,377,
63621,157,109,266,
63622,216,162,378,
63623,124,92,216,
63625,184,159,343,
63626,220,159,379,
63628,229,164,393,
63629,194,166,360,
63631,217,153,370,
63632,209,147,356,
63633,25,21,46,
63634,107,102,209,
63635,190,154,344,
63637,235,163,398,
63638,204,187,391,
63639,186,167,353,
63641,196,164,360,
63642,201,158,359,
63643,223,188,411,
63645,220,163,383,
63646,221,156,377,
63648,206,183,389,
63649,190,167,357,
63651,212,177,389,
63652,197,155,352,
63653,207,145,352,
63654,193,168,361,
63656,7,5,12,
63657,169,162,331,
63658,240,193,433,
63659,216,139,355,
63660,217,183,400,
63661,21,28,49,
63662,211,174,385,
63663,208,159,367,
63665,190,138,328,
63666,223,171,394,
63667,224,181,405,
63670,192,155,347,
63671,219,154,373,
63672,205,175,380,
63673,217,151,368,
63674,158,115,273,
63676,195,154,349,
63677,208,167,375,
63678,209,170,379,
63679,226,162,388,
63680,226,158,384,
63681,187,157,344,
63683,231,183,414,
63684,228,156,384,
63685,235,149,384,
63686,217,182,399,
63687,207,171,378,
63688,180,193,373,
63689,184,152,336,
63690,211,166,377,
63692,210,158,368,
63693,204,155,359,
63694,211,168,379,
63695,185,175,360,
63698,206,171,377,
63699,236,174,410,
63700,234,155,389,
63701,31,21,52,
63702,198,150,348,
63703,216,173,389,
63704,178,150,328,
63705,207,175,382,
63706,218,171,389,
63707,231,172,403,
63708,184,148,332,
63709,238,180,418,
63710,231,141,372,
63711,199,156,355,
63712,221,187,408,
63713,233,149,382,
63714,188,172,360,
63715,179,102,281,
63719,206,155,361,
63720,223,155,378,
63721,199,144,343,
63722,218,169,387,
63724,212,167,379,
63725,206,136,342,
63727,194,168,362,
63728,219,140,359,
63731,204,167,371,
63732,216,138,354,
63733,139,134,273,
63735,254,150,404,
63737,204,170,374,
63740,226,184,410,
63742,225,173,398,
63744,227,151,378,
63748,195,159,354,
63749,195,126,321,
63751,209,171,380,
63752,198,150,348,
63753,220,166,386,
63754,242,146,388,
63755,212,171,383,
63756,206,180,386,
63757,17,17,34,
63758,209,158,367,
63759,238,145,383,
63761,245,161,406,
63763,201,181,382,
63764,221,166,387,
63765,214,161,375,
63766,205,182,387,
63767,207,180,387,
63768,191,164,355,
63769,226,190,416,
63770,193,151,344,
63771,198,157,355,
63772,195,144,339,
63773,218,169,387,
63776,217,148,365,
63777,233,144,377,
63778,194,192,386,
63781,220,172,392,
63784,205,172,377,
63785,218,163,381,
63786,205,171,376,
63787,229,167,396,
63788,224,163,387,
63789,202,159,361,
63790,169,158,327,
63792,208,155,363,
63793,218,146,364,
63794,189,167,356,
63795,29,27,56,
63796,230,158,388,
63798,215,177,392,
63800,19,27,46,
63801,207,155,362,
63802,209,180,389,
63803,221,149,370,
63804,188,157,345,
63805,213,163,376,
63808,52,27,79,
63809,210,179,389,
63810,199,145,344,
63812,190,173,363,
63815,215,160,375,
63816,209,146,355,
63817,211,156,367,
63819,208,130,338,
63820,195,169,364,
63821,24,24,48,
63822,195,158,353,
63823,209,166,375,
63824,225,155,380,
63825,213,172,385,
63826,207,172,379,
63827,191,146,337,
63828,166,149,315,
63829,46,44,90,
63831,220,162,382,
63832,193,150,343,
63833,225,186,411,
63835,217,176,393,
63836,201,183,384,
63837,218,161,379,
63838,204,186,390,
63839,215,153,368,
63841,231,154,385,
63842,211,153,364,
63843,202,170,372,
63844,197,167,364,
63845,208,169,377,
63846,227,159,386,
63848,220,181,401,
63849,198,182,380,
63850,217,188,405,
63851,228,155,383,
63852,220,177,397,
63853,215,193,408,
63854,203,151,354,
63856,178,171,349,
63857,209,155,364,
63858,213,157,370,
63861,218,174,392,
63863,238,157,395,
63864,193,156,349,
63865,177,117,294,
63866,186,137,323,
63867,186,166,352,
63871,186,172,358,
63872,221,173,394,
63873,223,183,406,
63874,215,159,374,
63876,220,195,415,
63877,211,195,406,
63878,199,164,363,
63879,1,2,3,
63881,191,181,372,
63882,250,156,406,
63884,213,154,367,
63885,229,158,387,
63886,215,193,408,
63888,237,145,382,
63889,207,165,372,
63890,202,163,365,
63891,212,161,373,
63892,205,163,368,
63893,38,21,59,
63894,194,174,368,
63895,215,147,362,
63896,220,182,402,
63897,188,173,361,
63898,230,155,385,
63899,39,25,64,
63900,165,166,331,
63901,208,161,369,
63902,177,126,303,
63903,26,32,58,
63904,210,152,362,
63905,193,161,354,
63906,228,143,371,
63907,196,164,360,
63908,191,161,352,
63909,208,166,374,
63910,225,178,403,
63911,206,157,363,
63916,233,144,377,
63917,200,181,381,
63918,230,175,405,
63919,197,152,349,
63920,213,161,374,
63922,158,157,315,
63923,223,157,380,
63925,236,126,362,
63926,214,146,360,
63928,210,161,371,
63929,153,135,288,
63930,198,163,361,
63931,179,170,349,
63932,210,175,385,
63935,225,163,388,
63936,226,180,406,
63938,205,185,390,
63939,216,177,393,
63941,9,9,18,
63942,220,162,382,
63943,211,140,351,
63944,211,164,375,
63945,180,169,349,
63946,204,175,379,
63947,211,209,420,
63949,216,194,410,
63950,181,171,352,
63951,206,190,396,
63952,203,169,372,
63953,211,166,377,
63954,211,155,366,
63955,215,141,356,
63956,198,165,363,
63958,177,153,330,
63959,191,151,342,
63960,204,194,398,
63962,195,175,370,
63963,198,185,383,
63964,36,24,60,
63965,210,166,376,
63966,194,144,338,
63968,217,168,385,
63969,221,170,391,
63970,205,161,366,
63971,194,143,337,
63972,191,181,372,
63973,173,166,339,
63974,203,187,390,
63975,203,159,362,
63977,208,175,383,
63978,206,157,363,
63979,206,166,372,
63981,213,151,364,
63982,213,167,380,
63983,189,167,356,
63984,224,183,407,
63985,181,181,362,
63986,202,165,367,
63987,157,125,282,
63988,227,126,353,
63990,192,153,345,
63992,195,167,362,
63993,217,167,384,
63994,203,179,382,
63995,233,153,386,
63996,200,189,389,
63997,35,10,45,
63998,34,21,55,
63999,224,154,378,
64000,187,168,355,
64001,232,178,410,
64002,218,171,389,
64003,206,171,377,
64005,211,139,350,
64007,231,161,392,
64008,208,175,383,
64009,220,179,399,
64010,208,166,374,
64011,29,23,52,
64012,216,165,381,
64014,189,173,362,
64015,218,185,403,
64016,210,158,368,
64017,191,165,356,
64019,26,20,46,
64020,228,147,375,
64021,7,5,12,
64024,217,170,387,
64025,213,169,382,
64026,188,171,359,
64027,220,163,383,
64028,218,158,376,
64029,214,165,379,
64031,201,169,370,
64033,214,169,383,
64034,199,162,361,
64035,206,170,376,
64036,201,188,389,
64037,195,158,353,
64038,200,163,363,
64040,200,157,357,
64041,209,160,369,
64042,219,139,358,
64043,190,167,357,
64044,201,137,338,
64046,229,166,395,
64048,219,158,377,
64049,214,163,377,
64050,175,165,340,
64051,210,141,351,
64052,38,15,53,
64053,215,169,384,
64054,27,27,54,
64055,218,157,375,
64056,218,173,391,
64057,207,174,381,
64058,42,20,62,
64059,257,175,432,
64061,201,172,373,
64062,233,142,375,
64063,218,168,386,
64064,193,171,364,
64065,244,134,378,
64066,215,180,395,
64067,223,164,387,
64068,230,144,374,
64072,197,146,343,
64073,199,178,377,
64074,216,176,392,
64075,212,161,373,
64076,195,158,353,
64077,225,136,361,
64078,235,183,418,
64080,181,143,324,
64081,199,177,376,
64083,214,168,382,
64084,189,143,332,
64085,226,137,363,
64086,214,149,363,
64087,18,23,41,
64090,214,186,400,
64092,208,178,386,
64095,213,165,378,
64096,195,154,349,
64097,188,175,363,
64098,216,168,384,
64099,213,162,375,
64100,230,155,385,
64101,197,174,371,
64102,210,155,365,
64103,212,158,370,
64105,208,173,381,
64107,42,21,63,
64109,223,149,372,
64111,229,195,424,
64112,225,165,390,
64113,197,178,375,
64114,218,165,383,
64115,212,174,386,
64116,217,160,377,
64117,138,132,270,
64118,186,163,349,
64119,210,172,382,
64120,195,155,350,
64122,36,32,68,
64123,203,130,333,
64124,226,178,404,
64125,200,157,357,
64127,201,159,360,
64128,214,148,362,
64129,174,167,341,
64130,180,158,338,
64131,203,159,362,
64132,208,144,352,
64133,199,173,372,
64134,211,180,391,
64135,181,137,318,
64136,239,161,400,
64137,223,155,378,
64138,214,174,388,
64141,220,175,395,
64143,210,149,359,
64144,207,170,377,
64145,196,179,375,
64146,198,156,354,
64147,141,106,247,
64148,235,162,397,
64149,198,151,349,
64150,221,186,407,
64151,181,175,356,
64152,214,175,389,
64153,219,166,385,
64154,200,157,357,
64155,207,156,363,
64157,196,163,359,
64158,200,172,372,
64159,197,185,382,
64160,229,177,406,
64161,211,167,378,
64162,212,165,377,
64163,221,177,398,
64164,206,155,361,
64165,222,148,370,
64168,228,174,402,
64169,162,122,284,
64170,198,181,379,
64171,202,184,386,
64172,201,179,380,
64174,206,143,349,
64175,210,163,373,
64176,194,161,355,
64177,204,183,387,
64179,244,161,405,
64180,233,181,414,
64181,225,193,418,
64182,217,171,388,
64184,238,151,389,
64185,212,178,390,
64186,207,154,361,
64188,208,175,383,
64189,9,15,24,
64190,208,153,361,
64191,194,158,352,
64192,215,190,405,
64193,203,169,372,
64194,203,164,367,
64196,220,165,385,
64199,238,159,397,
64200,230,168,398,
64201,219,170,389,
64202,224,168,392,
64204,216,175,391,
64205,219,148,367,
64206,37,26,63,
64207,216,167,383,
64209,203,158,361,
64210,208,194,402,
64212,23,24,47,
64213,230,178,408,
64214,201,195,396,
64215,208,159,367,
64217,218,179,397,
64218,206,177,383,
64220,231,157,388,
64221,213,157,370,
64222,220,162,382,
64223,208,161,369,
64224,223,173,396,
64225,211,158,369,
64229,209,149,358,
64230,170,138,308,
64231,194,156,350,
64233,193,173,366,
64234,161,165,326,
64235,139,126,265,
64236,208,154,362,
64237,232,168,400,
64238,191,173,364,
64239,182,147,329,
64240,251,154,405,
64241,191,155,346,
64243,221,140,361,
64244,202,158,360,
64245,225,198,423,
64247,189,166,355,
64248,219,152,371,
64250,243,172,415,
64251,206,140,346,
64252,188,183,371,
64253,205,152,357,
64255,197,151,348,
64256,52,23,75,
64257,208,164,372,
64258,202,192,394,
64259,196,167,363,
64260,143,133,276,
64263,173,171,344,
64264,202,157,359,
64265,221,174,395,
64266,210,180,390,
64268,213,158,371,
64270,197,173,370,
64271,208,152,360,
64272,158,115,273,
64273,219,172,391,
64274,200,163,363,
64275,221,173,394,
64276,223,161,384,
64277,219,181,400,
64278,21,19,40,
64279,157,123,280,
64280,194,146,340,
64281,247,182,429,
64282,209,150,359,
64283,231,166,397,
64284,178,137,315,
64285,200,156,356,
64286,215,162,377,
64287,200,184,384,
64289,223,156,379,
64292,217,160,377,
64295,218,161,379,
64296,211,154,365,
64298,181,176,357,
64299,168,179,347,
64301,205,160,365,
64303,232,153,385,
64304,192,155,347,
64305,201,155,356,
64306,200,163,363,
64307,195,161,356,
64308,189,152,341,
64309,160,142,302,
64310,203,165,368,
64311,18,19,37,
64312,204,168,372,
64314,221,156,377,
64315,202,160,362,
64316,210,172,382,
64317,211,206,417,
64319,211,162,373,
64322,196,170,366,
64323,213,184,397,
64324,202,124,326,
64325,206,165,371,
64326,200,151,351,
64327,191,159,350,
64328,18,17,35,
64329,217,149,366,
64330,233,170,403,
64332,200,165,365,
64333,215,173,388,
64334,180,136,316,
64335,17,20,37,
64336,208,173,381,
64337,213,187,400,
64338,36,48,84,
64339,219,180,399,
64340,34,24,58,
64341,204,172,376,
64343,201,163,364,
64345,219,160,379,
64346,189,158,347,
64347,167,148,315,
64349,208,147,355,
64350,230,163,393,
64351,202,150,352,
64353,220,159,379,
64354,217,151,368,
64355,185,157,342,
64356,202,157,359,
64358,212,171,383,
64361,230,164,394,
64362,225,189,414,
64363,3,6,9,
64364,201,177,378,
64365,208,193,401,
64366,209,143,352,
64367,209,173,382,
64368,184,165,349,
64369,219,186,405,
64371,224,168,392,
64372,219,185,404,
64373,20,22,42,
64375,199,174,373,
64376,174,158,332,
64377,230,168,398,
64378,224,151,375,
64379,205,180,385,
64380,222,170,392,
64382,213,168,381,
64384,211,166,377,
64385,18,15,33,
64386,199,146,345,
64388,222,160,382,
64390,202,186,388,
64393,211,177,388,
64394,26,20,46,
64395,151,171,322,
64396,195,182,377,
64398,194,170,364,
64401,179,154,333,
64402,205,174,379,
64403,198,184,382,
64404,222,177,399,
64405,213,148,361,
64406,220,170,390,
64407,195,144,339,
64408,227,153,380,
64409,215,168,383,
64410,194,146,340,
64411,44,24,68,
64412,207,168,375,
64413,231,200,431,
64414,218,152,370,
64415,232,166,398,
64417,203,141,344,
64418,220,179,399,
64420,201,163,364,
64421,205,148,353,
64423,218,177,395,
64424,206,163,369,
64425,198,163,361,
64429,215,157,372,
64431,199,165,364,
64432,200,154,354,
64433,222,150,372,
64435,27,25,52,
64436,237,168,405,
64437,205,157,362,
64438,39,31,70,
64439,218,162,380,
64440,200,145,345,
64441,241,167,408,
64443,220,159,379,
64444,210,145,355,
64445,202,169,371,
64446,197,159,356,
64447,213,147,360,
64448,225,145,370,
64449,195,165,360,
64450,18,15,33,
64451,214,162,376,
64452,199,176,375,
64453,201,163,364,
64454,215,154,369,
64456,197,181,378,
64457,192,150,342,
64459,206,158,364,
64460,200,174,374,
64461,211,158,369,
64462,214,155,369,
64463,224,174,398,
64465,194,162,356,
64466,43,28,71,
64467,230,161,391,
64468,206,162,368,
64469,219,163,382,
64470,205,153,358,
64471,192,185,377,
64472,207,162,369,
64473,208,168,376,
64474,182,170,352,
64475,211,166,377,
64476,215,167,382,
64478,165,136,301,
64479,201,167,368,
64480,257,135,392,
64481,33,23,56,
64482,195,151,346,
64484,205,169,374,
64486,214,160,374,
64487,221,167,388,
64489,230,158,388,
64490,242,182,424,
64491,185,185,370,
64494,34,21,55,
64495,219,185,404,
64496,197,140,337,
64497,197,146,343,
64499,185,133,318,
64500,201,157,358,
64501,150,117,267,
64504,177,155,332,
64505,206,184,390,
64506,200,167,367,
64508,179,164,343,
64509,194,154,348,
64510,221,169,390,
64511,185,152,337,
64512,197,174,371,
64514,198,174,372,
64515,221,183,404,
64518,217,149,366,
64519,234,159,393,
64521,190,173,363,
64522,197,170,367,
64523,188,190,378,
64524,203,166,369,
64525,224,166,390,
64527,225,173,398,
64530,202,140,342,
64531,221,168,389,
64532,207,170,377,
64534,223,181,404,
64535,198,159,357,
64536,205,169,374,
64537,212,175,387,
64538,173,134,307,
64539,214,171,385,
64540,182,194,376,
64541,198,194,392,
64542,204,207,411,
64543,219,177,396,
64544,233,167,400,
64545,194,170,364,
64546,213,166,379,
64547,232,174,406,
64549,206,150,356,
64550,185,179,364,
64551,202,159,361,
64552,170,165,335,
64553,192,180,372,
64554,170,120,290,
64555,29,14,43,
64556,199,170,369,
64557,220,119,339,
64558,21,11,32,
64559,217,146,363,
64560,216,175,391,
64561,224,200,424,
64562,202,188,390,
64563,210,181,391,
64565,202,134,336,
64566,196,176,372,
64568,216,178,394,
64569,181,154,335,
64571,232,199,431,
64572,230,163,393,
64573,207,193,400,
64575,210,172,382,
64576,140,119,259,
64578,228,188,416,
64581,228,170,398,
64582,247,159,406,
64583,200,168,368,
64584,231,166,397,
64585,47,28,75,
64586,202,166,368,
64587,183,140,323,
64588,11,6,17,
64589,208,190,398,
64590,217,175,392,
64592,209,168,377,
64594,180,158,338,
64595,231,169,400,
64596,194,153,347,
64597,194,186,380,
64598,209,161,370,
64600,237,149,386,
64601,198,166,364,
64602,212,171,383,
64603,200,143,343,
64604,214,136,350,
64607,224,193,417,
64608,202,159,361,
64609,220,175,395,
64611,32,15,47,
64612,229,179,408,
64613,216,148,364,
64615,234,176,410,
64617,205,159,364,
64618,213,177,390,
64619,28,16,44,
64620,217,148,365,
64621,225,188,413,
64622,188,181,369,
64623,1,4,5,
64624,32,17,49,
64626,213,143,356,
64627,209,173,382,
64628,222,185,407,
64629,214,157,371,
64630,208,161,369,
64634,186,159,345,
64635,222,181,403,
64636,233,160,393,
64637,227,144,371,
64638,25,23,48,
64639,4,2,6,
64641,219,181,400,
64643,178,164,342,
64647,198,152,350,
64648,210,175,385,
64649,221,152,373,
64650,212,172,384,
64651,204,180,384,
64652,203,159,362,
64653,203,164,367,
64654,225,152,377,
64657,202,169,371,
64658,213,182,395,
64661,244,148,392,
64663,199,145,344,
64664,221,156,377,
64665,212,169,381,
64666,211,164,375,
64667,211,158,369,
64668,208,176,384,
64669,211,184,395,
64671,199,151,350,
64672,227,136,363,
64675,219,150,369,
64678,4,3,7,
64682,203,168,371,
64683,226,155,381,
64685,230,157,387,
64687,219,152,371,
64689,218,181,399,
64690,204,156,360,
64691,204,165,369,
64692,228,178,406,
64693,169,124,293,
64694,54,49,103,
64695,200,156,356,
64697,194,169,363,
64700,219,147,366,
64701,221,149,370,
64702,191,181,372,
64703,206,151,357,
64704,217,162,379,
64705,206,147,353,
64706,184,146,330,
64707,210,139,349,
64708,207,177,384,
64709,206,152,358,
64710,201,167,368,
64711,138,125,263,
64712,231,171,402,
64713,194,158,352,
64714,227,165,392,
64715,228,145,373,
64716,209,145,354,
64717,226,198,424,
64719,203,173,376,
64720,237,160,397,
64721,208,165,373,
64722,217,179,396,
64723,186,151,337,
64724,214,178,392,
64725,211,160,371,
64726,201,164,365,
64727,201,145,346,
64729,222,160,382,
64730,210,171,381,
64733,188,163,351,
64735,211,163,374,
64736,214,177,391,
64737,191,137,328,
64738,216,172,388,
64739,214,144,358,
64740,217,163,380,
64741,206,143,349,
64742,202,164,366,
64743,203,157,360,
64746,16,14,30,
64747,210,182,392,
64748,233,184,417,
64749,175,171,346,
64750,200,190,390,
64751,203,196,399,
64752,212,170,382,
64753,211,172,383,
64755,116,122,238,
64756,199,148,347,
64757,224,164,388,
64758,228,166,394,
64759,37,28,65,
64760,184,161,345,
64762,203,169,372,
64763,187,165,352,
64765,228,165,393,
64766,222,176,398,
64767,204,142,346,
64769,220,171,391,
64770,206,167,373,
64772,216,156,372,
64774,199,127,326,
64776,134,121,255,
64777,211,195,406,
64778,193,154,347,
64780,214,190,404,
64783,197,175,372,
64785,229,154,383,
64786,202,161,363,
64787,210,193,403,
64788,201,141,342,
64789,206,176,382,
64790,196,171,367,
64791,224,164,388,
64793,226,146,372,
64794,204,165,369,
64796,180,149,329,
64797,231,164,395,
64798,234,146,380,
64799,218,145,363,
64800,191,147,338,
64801,161,101,262,
64802,180,158,338,
64803,214,166,380,
64804,216,152,368,
64805,200,159,359,
64807,216,171,387,
64808,231,170,401,
64809,186,165,351,
64810,200,174,374,
64811,207,152,359,
64812,244,144,388,
64813,183,165,348,
64814,201,178,379,
64815,119,121,240,
64817,211,165,376,
64818,203,172,375,
64819,228,178,406,
64820,210,159,369,
64821,29,15,44,
64823,242,178,420,
64824,202,143,345,
64825,215,181,396,
64826,185,154,339,
64827,194,156,350,
64828,195,153,348,
64829,219,153,372,
64830,211,186,397,
64831,215,156,371,
64832,193,151,344,
64833,199,177,376,
64834,207,156,363,
64835,223,165,388,
64840,196,165,361,
64842,215,167,382,
64846,184,172,356,
64847,218,162,380,
64848,192,166,358,
64849,223,157,380,
64850,193,182,375,
64852,193,147,340,
64853,211,153,364,
64856,231,152,383,
64858,205,139,344,
64860,203,168,371,
64861,213,171,384,
64862,194,153,347,
64863,213,170,383,
64864,217,176,393,
64865,191,180,371,
64866,215,161,376,
64869,213,174,387,
64870,226,169,395,
64871,202,180,382,
64872,182,152,334,
64873,207,157,364,
64874,195,166,361,
64875,201,147,348,
64876,39,20,59,
64877,207,160,367,
64878,209,179,388,
64879,206,140,346,
64880,226,176,402,
64881,215,153,368,
64882,223,181,404,
64883,182,166,348,
64885,187,144,331,
64887,207,182,389,
64888,192,176,368,
64889,172,129,301,
64890,235,166,401,
64891,226,178,404,
64892,212,172,384,
64894,199,175,374,
64896,234,168,402,
64897,209,159,368,
64898,216,178,394,
64899,217,177,394,
64901,196,126,322,
64902,221,169,390,
64903,210,163,373,
64904,224,164,388,
64905,248,173,421,
64906,196,186,382,
64907,210,179,389,
64910,233,161,394,
64912,172,160,332,
64913,232,157,389,
64916,210,182,392,
64918,227,170,397,
64919,199,157,356,
64920,224,127,351,
64922,198,146,344,
64923,198,180,378,
64924,235,169,404,
64927,217,158,375,
64928,202,177,379,
64929,205,161,366,
64930,230,165,395,
64931,176,174,350,
64933,208,155,363,
64934,185,172,357,
64935,211,162,373,
64936,217,153,370,
64937,205,150,355,
64938,216,169,385,
64939,210,150,360,
64940,204,173,377,
64941,196,188,384,
64943,211,166,377,
64944,213,164,377,
64945,198,164,362,
64946,231,178,409,
64947,207,147,354,
64948,222,161,383,
64949,21,15,36,
64950,191,159,350,
64951,17,19,36,
64952,215,200,415,
64954,200,160,360,
64955,197,167,364,
64956,140,117,257,
64957,182,186,368,
64958,222,178,400,
64959,194,160,354,
64960,167,133,300,
64961,202,162,364,
64962,199,158,357,
64964,217,160,377,
64966,212,158,370,
64967,223,148,371,
64968,219,161,380,
64971,213,186,399,
64974,36,35,71,
64975,225,180,405,
64976,19,14,33,
64977,215,168,383,
64978,202,174,376,
64979,182,164,346,
64980,235,169,404,
64984,204,175,379,
64985,215,156,371,
64986,212,159,371,
64987,222,164,386,
64988,184,162,346,
64989,204,161,365,
64990,204,170,374,
64991,223,172,395,
64992,198,167,365,
64993,211,148,359,
64994,202,155,357,
64995,185,191,376,
64997,205,165,370,
64998,25,25,50,
64999,218,167,385,
65000,214,171,385,
65001,151,124,275,
65002,229,160,389,
65003,36,30,66,
65004,195,148,343,
65005,224,135,359,
65006,210,151,361,
65007,212,162,374,
65008,227,168,395,
65009,201,165,366,
65010,211,167,378,
65012,2,4,6,
65013,218,168,386,
65014,179,170,349,
65015,251,168,419,
65016,210,144,354,
65017,205,171,376,
65018,207,158,365,
65019,235,186,421,
65021,234,137,371,
65023,210,162,372,
65024,193,153,346,
65025,204,137,341,
65026,217,175,392,
65029,194,149,343,
65030,221,190,411,
65031,217,178,395,
65033,223,172,395,
65034,218,143,361,
65035,200,145,345,
65036,28,31,59,
65037,213,186,399,
65038,164,167,331,
65040,209,164,373,
65041,235,157,392,
65043,202,152,354,
65045,183,153,336,
65046,196,172,368,
65048,232,170,402,
65049,221,172,393,
65051,239,153,392,
65053,230,190,420,
65054,195,168,363,
65055,197,146,343,
65056,231,150,381,
65058,209,171,380,
65060,1,6,7,
65062,196,182,378,
65063,216,166,382,
65064,218,163,381,
65065,217,165,382,
65067,205,154,359,
65068,216,163,379,
65070,130,113,243,
65071,16,15,31,
65072,153,127,280,
65073,192,158,350,
65074,208,192,400,
65075,233,169,402,
65076,186,163,349,
65078,219,178,397,
65079,217,195,412,
65080,239,155,394,
65081,23,29,52,
65082,205,177,382,
65083,210,191,401,
65084,213,162,375,
65087,202,176,378,
65088,215,171,386,
65089,194,155,349,
65090,189,181,370,
65091,197,155,352,
65092,222,159,381,
65093,239,162,401,
65094,222,172,394,
65095,205,155,360,
65097,192,183,375,
65099,220,164,384,
65100,200,160,360,
65101,217,188,405,
65102,213,159,372,
65103,199,160,359,
65104,207,176,383,
65105,178,190,368,
65106,204,148,352,
65107,202,163,365,
65108,214,180,394,
65109,207,165,372,
65110,220,185,405,
65111,199,153,352,
65112,235,174,409,
65113,219,165,384,
65114,218,165,383,
65115,216,163,379,
65116,202,155,357,
65117,224,160,384,
65118,221,165,386,
65120,218,168,386,
65122,221,147,368,
65123,211,175,386,
65124,197,173,370,
65127,196,192,388,
65128,214,152,366,
65129,43,33,76,
65130,231,176,407,
65131,214,154,368,
65132,223,179,402,
65133,186,176,362,
65134,228,185,413,
65135,203,155,358,
65136,205,170,375,
65137,209,164,373,
65138,184,168,352,
65140,214,159,373,
65142,235,182,417,
65143,200,174,374,
65144,19,35,54,
65145,220,159,379,
65146,235,175,410,
65147,209,176,385,
65148,216,165,381,
65149,216,170,386,
65150,199,165,364,
65151,191,156,347,
65152,230,121,351,
65153,201,160,361,
65154,212,172,384,
65155,201,169,370,
65156,200,168,368,
65157,224,171,395,
65158,192,158,350,
65159,208,162,370,
65160,209,155,364,
65161,196,150,346,
65162,220,183,403,
65163,212,156,368,
65164,223,153,376,
65165,222,179,401,
65166,193,170,363,
65167,173,174,347,
65168,127,91,218,
65169,216,195,411,
65170,217,158,375,
65171,180,154,334,
65173,37,27,64,
65174,208,163,371,
65176,219,165,384,
65177,199,147,346,
65180,206,170,376,
65181,2,3,5,
65182,188,148,336,
65183,217,159,376,
65184,232,160,392,
65185,39,25,64,
65187,33,28,61,
65190,199,161,360,
65191,144,128,272,
65192,216,182,398,
65194,223,175,398,
65195,223,176,399,
65196,197,133,330,
65199,208,180,388,
65200,182,171,353,
65201,212,169,381,
65202,208,159,367,
65203,228,173,401,
65207,198,127,325,
65209,208,172,380,
65210,258,193,451,
65211,210,166,376,
65212,223,149,372,
65213,212,154,366,
65214,202,147,349,
65215,212,155,367,
65216,30,27,57,
65217,193,196,389,
65218,204,159,363,
65219,217,152,369,
65220,212,198,410,
65221,202,167,369,
65222,214,170,384,
65223,225,155,380,
65227,12,11,23,
65229,198,161,359,
65231,228,146,374,
65232,216,153,369,
65233,210,183,393,
65235,184,152,336,
65237,50,31,81,
65238,188,174,362,
65239,212,172,384,
65241,202,173,375,
65242,218,183,401,
65243,207,190,397,
65244,34,31,65,
65245,218,185,403,
65246,208,160,368,
65247,235,151,386,
65248,194,172,366,
65249,225,146,371,
65250,235,176,411,
65251,216,190,406,
65254,228,147,375,
65255,197,132,329,
65256,206,158,364,
65257,198,139,337,
65259,239,180,419,
65261,210,154,364,
65265,218,165,383,
65266,169,116,285,
65267,189,171,360,
65269,219,159,378,
65270,228,177,405,
65272,165,113,278,
65273,29,25,54,
65274,234,162,396,
65275,202,170,372,
65276,204,159,363,
65277,209,149,358,
65278,193,162,355,
65279,208,169,377,
65281,206,190,396,
65282,198,171,369,
65283,225,136,361,
65285,208,183,391,
65286,187,162,349,
65288,210,162,372,
65289,208,164,372,
65290,23,22,45,
65291,229,176,405,
65292,216,196,412,
65293,217,161,378,
65294,197,158,355,
65295,216,181,397,
65296,184,151,335,
65297,237,139,376,
65298,195,142,337,
65299,169,194,363,
65300,199,176,375,
65301,227,140,367,
65302,210,157,367,
65304,209,167,376,
65305,214,162,376,
65306,219,185,404,
65309,200,161,361,
65310,202,154,356,
65311,210,186,396,
65312,189,181,370,
65314,233,168,401,
65315,205,155,360,
65316,214,171,385,
65318,215,160,375,
65319,219,180,399,
65320,228,158,386,
65322,227,135,362,
65323,215,164,379,
65324,214,174,388,
65326,204,153,357,
65329,185,134,319,
65331,199,161,360,
65332,203,173,376,
65335,33,27,60,
65336,218,179,397,
65337,209,162,371,
65339,223,180,403,
65340,206,154,360,
65341,190,192,382,
65342,211,165,376,
65343,198,174,372,
65344,207,169,376,
65345,197,183,380,
65348,204,133,337,
65349,216,169,385,
65350,196,157,353,
65351,220,157,377,
65353,187,181,368,
65355,208,163,371,
65357,192,156,348,
65360,197,171,368,
65361,200,173,373,
65362,201,154,355,
65363,209,142,351,
65365,153,124,277,
65366,215,151,366,
65367,201,194,395,
65368,166,116,282,
65369,224,151,375,
65371,212,160,372,
65372,235,164,399,
65373,191,166,357,
65374,174,150,324,
65375,210,180,390,
65377,162,118,280,
65378,196,151,347,
65379,206,158,364,
65381,210,171,381,
65382,33,35,68,
65384,230,170,400,
65385,197,158,355,
65386,129,102,231,
65387,136,106,242,
65388,230,169,399,
65389,21,21,42,
65390,208,158,366,
65391,224,152,376,
65392,168,140,308,
65393,160,122,282,
65394,202,152,354,
65395,218,140,358,
65396,210,177,387,
65397,201,173,374,
65398,199,189,388,
65400,212,163,375,
65401,192,183,375,
65402,234,170,404,
65403,209,184,393,
65404,183,149,332,
65405,193,160,353,
65406,219,172,391,
65407,190,148,338,
65408,209,180,389,
65409,191,153,344,
65410,212,163,375,
65412,221,156,377,
65414,214,167,381,
65415,196,155,351,
65417,190,145,335,
65418,179,164,343,
65419,191,173,364,
65420,184,141,325,
65421,205,163,368,
65422,205,136,341,
65423,204,165,369,
65424,220,173,393,
65425,37,19,56,
65426,218,165,383,
65427,250,184,434,
65428,196,175,371,
65429,184,112,296,
65430,202,152,354,
65435,202,166,368,
65437,196,161,357,
65438,208,149,357,
65439,211,153,364,
65440,229,124,353,
65441,189,158,347,
65442,228,158,386,
65443,213,144,357,
65444,200,178,378,
65445,196,156,352,
65446,211,163,374,
65447,223,163,386,
65448,228,159,387,
65449,212,169,381,
65450,199,154,353,
65451,218,171,389,
65453,225,164,389,
65454,37,27,64,
65455,206,160,366,
65456,210,154,364,
65457,213,149,362,
65458,210,164,374,
65459,221,166,387,
65460,222,164,386,
65461,186,150,336,
65462,202,184,386,
65464,200,160,360,
65465,222,190,412,
65466,225,149,374,
65467,22,23,45,
65468,202,194,396,
65469,213,173,386,
65470,183,161,344,
65472,229,169,398,
65473,20,14,34,
65474,206,171,377,
65475,221,161,382,
65476,224,141,365,
65477,205,163,368,
65478,232,170,402,
65479,207,139,346,
65480,220,171,391,
65481,200,186,386,
65482,226,157,383,
65483,191,167,358,
65484,196,179,375,
65485,205,159,364,
65490,215,162,377,
65491,195,153,348,
65492,214,163,377,
65493,224,143,367,
65495,225,177,402,
65498,208,180,388,
65500,229,143,372,
65502,224,167,391,
65503,201,180,381,
65507,207,138,345,
65508,209,152,361,
65510,188,175,363,
65511,209,180,389,
65512,248,157,405,
65513,201,169,370,
65515,221,178,399,
65516,188,203,391,
65518,211,164,375,
65519,206,198,404,
65520,208,172,380,
65521,230,179,409,
65522,208,174,382,
65523,217,175,392,
65524,228,158,386,
65525,206,180,386,
65526,210,165,375,
65527,193,174,367,
65529,212,171,383,
65530,205,162,367,
65531,218,185,403,
65533,47,36,83,
65535,193,163,356,
65536,201,174,375,
65537,201,162,363,
65538,15,8,23,
65539,207,182,389,
65540,204,177,381,
65541,192,161,353,
65542,237,179,416,
65543,235,191,426,
65544,197,156,353,
65545,190,157,347,
65546,193,156,349,
65547,25,12,37,
65548,197,193,390,
65549,178,163,341,
65550,207,179,386,
65551,197,155,352,
65552,200,150,350,
65554,196,163,359,
65555,55,21,76,
65557,233,164,397,
65558,234,180,414,
65561,192,170,362,
65562,175,132,307,
65563,186,151,337,
65565,203,155,358,
65566,199,141,340,
65567,138,114,252,
65568,195,163,358,
65569,222,164,386,
65570,244,172,416,
65571,193,162,355,
65572,235,153,388,
65573,207,172,379,
65574,208,153,361,
65575,224,153,377,
65579,216,168,384,
65580,215,164,379,
65581,200,168,368,
65582,194,157,351,
65583,207,154,361,
65586,206,164,370,
65588,213,178,391,
65590,198,172,370,
65591,194,167,361,
65592,187,157,344,
65593,228,172,400,
65594,220,166,386,
65596,203,152,355,
65597,196,170,366,
65598,211,143,354,
65599,202,123,325,
65600,234,177,411,
65601,190,176,366,
65604,207,162,369,
65606,209,170,379,
65608,219,150,369,
65609,217,140,357,
65612,224,155,379,
65613,215,157,372,
65614,208,172,380,
65615,225,165,390,
65616,190,164,354,
65618,233,145,378,
65620,200,172,372,
65621,211,140,351,
65622,217,139,356,
65624,212,179,391,
65625,183,194,377,
65626,208,158,366,
65627,184,180,364,
65628,205,160,365,
65629,218,166,384,
65631,207,177,384,
65632,204,155,359,
65634,233,161,394,
65636,120,125,245,
65637,195,172,367,
65638,217,160,377,
65640,215,163,378,
65641,209,162,371,
65643,204,152,356,
65644,202,137,339,
65645,216,165,381,
65646,214,160,374,
65648,187,179,366,
65649,234,163,397,
65650,185,183,368,
65651,222,178,400,
65652,194,167,361,
65654,205,169,374,
65655,225,186,411,
65656,145,115,260,
65657,204,180,384,
65658,219,141,360,
65659,190,172,362,
65660,213,152,365,
65661,215,177,392,
65662,234,168,402,
65663,2,1,3,
65665,217,135,352,
65666,211,173,384,
65667,206,168,374,
65668,40,23,63,
65669,220,153,373,
65671,35,26,61,
65672,220,144,364,
65673,218,164,382,
65674,35,20,55,
65675,206,167,373,
65676,199,144,343,
65677,214,161,375,
65678,220,173,393,
65679,232,171,403,
65681,209,151,360,
65686,203,168,371,
65687,214,158,372,
65688,217,155,372,
65689,14,10,24,
65691,218,166,384,
65692,193,158,351,
65693,204,173,377,
65694,221,156,377,
65695,200,189,389,
65696,218,175,393,
65698,231,178,409,
65699,235,182,417,
65700,206,143,349,
65701,148,139,287,
65702,197,158,355,
65703,210,148,358,
65704,209,170,379,
65705,219,160,379,
65706,224,153,377,
65708,41,34,75,
65709,194,167,361,
65710,214,160,374,
65712,214,169,383,
65713,206,166,372,
65714,177,143,320,
65715,206,164,370,
65716,167,145,312,
65717,206,140,346,
65718,208,178,386,
65720,206,167,373,
65721,25,32,57,
65722,205,167,372,
65723,26,30,56,
65724,242,146,388,
65725,204,169,373,
65727,200,180,380,
65728,222,146,368,
65729,204,156,360,
65730,211,168,379,
65731,204,160,364,
65732,200,153,353,
65733,203,160,363,
65734,208,176,384,
65735,214,170,384,
65736,167,153,320,
65738,190,164,354,
65739,193,128,321,
65740,177,151,328,
65743,203,182,385,
65744,224,178,402,
65745,27,35,62,
65746,216,162,378,
65747,218,161,379,
65748,187,173,360,
65749,211,176,387,
65750,244,167,411,
65752,201,160,361,
65753,210,171,381,
65754,212,179,391,
65755,200,143,343,
65756,223,155,378,
65757,190,158,348,
65758,200,165,365,
65759,199,164,363,
65761,137,115,252,
65762,203,171,374,
65763,36,28,64,
65764,254,158,412,
65765,197,177,374,
65766,215,164,379,
65767,21,17,38,
65768,232,181,413,
65769,232,168,400,
65771,212,153,365,
65773,229,162,391,
65774,203,181,384,
65775,211,183,394,
65777,226,156,382,
65778,208,172,380,
65779,203,152,355,
65782,218,153,371,
65783,192,168,360,
65787,176,170,346,
65788,231,184,415,
65789,223,188,411,
65790,211,182,393,
65791,222,164,386,
65792,211,191,402,
65793,223,160,383,
65794,195,158,353,
65795,222,157,379,
65796,10,12,22,
65797,200,171,371,
65798,223,160,383,
65800,204,188,392,
65801,228,158,386,
65802,215,144,359,
65803,223,161,384,
65804,248,184,432,
65806,2,1,3,
65808,127,124,251,
65809,221,143,364,
65810,189,169,358,
65812,194,159,353,
65813,158,136,294,
65814,173,125,298,
65815,214,143,357,
65816,212,162,374,
65817,220,185,405,
65819,239,170,409,
65821,219,176,395,
65822,199,181,380,
65823,224,178,402,
65824,213,176,389,
65826,220,177,397,
65827,216,150,366,
65828,218,147,365,
65829,189,163,352,
65830,211,166,377,
65831,205,144,349,
65832,192,149,341,
65833,224,158,382,
65834,202,168,370,
65837,240,193,433,
65839,40,27,67,
65840,204,187,391,
65841,189,161,350,
65842,196,185,381,
65843,218,160,378,
65844,190,167,357,
65845,193,140,333,
65846,219,157,376,
65847,246,178,424,
65848,212,172,384,
65849,187,156,343,
65850,195,175,370,
65851,198,166,364,
65852,238,160,398,
65853,227,153,380,
65854,225,179,404,
65856,202,183,385,
65857,202,172,374,
65858,218,176,394,
65859,210,176,386,
65860,203,169,372,
65862,210,183,393,
65863,194,152,346,
65866,187,189,376,
65867,54,30,84,
65870,238,156,394,
65871,210,169,379,
65872,14,15,29,
65873,213,177,390,
65874,213,171,384,
65875,234,166,400,
65878,189,151,340,
65879,223,176,399,
65880,198,177,375,
65881,226,149,375,
65882,214,168,382,
65883,209,154,363,
65884,203,170,373,
65885,198,151,349,
65886,246,183,429,
65887,233,171,404,
65888,211,162,373,
65889,238,168,406,
65890,223,137,360,
65891,209,190,399,
65892,173,158,331,
65893,145,126,271,
65895,232,163,395,
65897,193,192,385,
65898,215,174,389,
65899,220,195,415,
65901,200,133,333,
65903,195,152,347,
65904,216,174,390,
65905,207,169,376,
65906,196,179,375,
65907,177,157,334,
65909,225,144,369,
65911,201,152,353,
65912,216,167,383,
65915,196,123,319,
65916,195,160,355,
65920,223,159,382,
65921,173,122,295,
65922,176,170,346,
65923,205,159,364,
65924,136,90,226,
65925,187,180,367,
65927,214,147,361,
65928,13,9,22,
65929,206,171,377,
65931,214,179,393,
65932,152,123,275,
65933,210,184,394,
65935,142,104,246,
65937,209,173,382,
65938,242,160,402,
65939,219,148,367,
65941,227,171,398,
65942,220,180,400,
65944,150,111,261,
65946,244,186,430,
65947,210,170,380,
65948,204,142,346,
65949,167,205,372,
65950,207,168,375,
65951,188,164,352,
65953,192,172,364,
65954,190,154,344,
65955,209,177,386,
65956,186,135,321,
65957,207,151,358,
65958,211,200,411,
65960,192,172,364,
65961,43,31,74,
65962,211,173,384,
65963,230,149,379,
65966,232,181,413,
65967,212,169,381,
65970,240,158,398,
65971,247,160,407,
65972,220,164,384,
65973,217,174,391,
65974,224,182,406,
65976,218,157,375,
65977,218,181,399,
65978,218,162,380,
65979,187,170,357,
65980,207,171,378,
65981,215,172,387,
65982,203,138,341,
65985,217,155,372,
65986,191,182,373,
65987,195,172,367,
65989,212,154,366,
65990,188,173,361,
65991,210,162,372,
65992,241,154,395,
65993,184,162,346,
65994,215,185,400,
65995,221,166,387,
65996,210,145,355,
65997,14,8,22,
65998,232,177,409,
65999,236,150,386,
66000,119,96,215,
66002,232,184,416,
66003,208,192,400,
66005,190,189,379,
66008,192,182,374,
66009,204,144,348,
66010,220,175,395,
66011,185,159,344,
66012,160,134,294,
66013,217,150,367,
66014,220,164,384,
66015,219,168,387,
66018,218,168,386,
66020,203,142,345,
66021,204,178,382,
66023,192,164,356,
66024,207,155,362,
66025,193,151,344,
66026,199,172,371,
66027,209,167,376,
66028,198,168,366,
66029,209,143,352,
66031,219,163,382,
66033,224,159,383,
66034,206,168,374,
66035,214,170,384,
66036,216,176,392,
66038,231,177,408,
66040,196,164,360,
66041,204,184,388,
66042,223,162,385,
66043,230,159,389,
66044,171,150,321,
66045,194,147,341,
66048,211,169,380,
66049,214,172,386,
66050,224,159,383,
66051,200,159,359,
66052,195,188,383,
66053,182,165,347,
66054,191,145,336,
66055,117,80,197,
66056,26,18,44,
66057,218,154,372,
66058,215,156,371,
66059,171,118,289,
66061,198,177,375,
66062,27,32,59,
66063,182,170,352,
66066,34,29,63,
66067,198,171,369,
66068,182,177,359,
66069,194,155,349,
66070,208,154,362,
66071,203,163,366,
66077,192,182,374,
66078,226,169,395,
66079,187,185,372,
66083,234,167,401,
66084,135,103,238,
66086,211,171,382,
66089,208,170,378,
66090,197,158,355,
66091,198,193,391,
66092,218,169,387,
66096,213,139,352,
66099,231,164,395,
66100,146,103,249,
66101,213,144,357,
66102,180,166,346,
66104,186,133,319,
66105,234,156,390,
66106,213,181,394,
66107,187,181,368,
66108,198,160,358,
66110,214,164,378,
66111,44,32,76,
66112,182,136,318,
66113,56,39,95,
66114,215,161,376,
66117,216,161,377,
66118,27,16,43,
66119,219,155,374,
66121,204,175,379,
66122,218,168,386,
66123,237,148,385,
66124,241,185,426,
66126,186,136,322,
66128,204,162,366,
66129,33,17,50,
66130,187,146,333,
66131,230,155,385,
66134,241,180,421,
66135,211,166,377,
66137,201,174,375,
66138,5,7,12,
66139,236,179,415,
66140,218,175,393,
66141,237,177,414,
66142,204,124,328,
66143,180,139,319,
66144,209,181,390,
66145,221,189,410,
66146,181,145,326,
66148,198,144,342,
66149,215,179,394,
66150,175,165,340,
66151,189,151,340,
66152,187,183,370,
66154,224,170,394,
66156,193,172,365,
66158,191,166,357,
66159,153,108,261,
66160,216,170,386,
66161,194,149,343,
66162,214,152,366,
66165,218,156,374,
66167,209,192,401,
66168,224,177,401,
66169,205,155,360,
66170,13,13,26,
66171,196,150,346,
66172,193,172,365,
66173,222,168,390,
66174,200,189,389,
66175,226,186,412,
66176,48,23,71,
66177,187,162,349,
66178,214,162,376,
66179,195,144,339,
66181,215,176,391,
66182,185,150,335,
66183,207,175,382,
66185,209,174,383,
66187,238,175,413,
66188,225,168,393,
66189,227,163,390,
66191,187,194,381,
66192,214,147,361,
66196,197,146,343,
66197,204,162,366,
66198,209,188,397,
66199,205,132,337,
66200,237,159,396,
66201,208,166,374,
66202,216,177,393,
66203,220,167,387,
66204,193,173,366,
66205,199,179,378,
66206,211,154,365,
66208,205,154,359,
66211,208,166,374,
66212,33,29,62,
66213,32,29,61,
66215,247,165,412,
66216,201,161,362,
66217,210,181,391,
66218,214,158,372,
66219,192,133,325,
66221,218,155,373,
66222,208,168,376,
66223,204,154,358,
66224,223,174,397,
66229,206,175,381,
66230,46,32,78,
66232,200,189,389,
66233,192,164,356,
66234,210,173,383,
66235,230,158,388,
66236,223,167,390,
66237,204,159,363,
66238,188,134,322,
66241,206,138,344,
66242,227,182,409,
66243,187,163,350,
66244,205,174,379,
66245,220,171,391,
66246,234,162,396,
66247,47,19,66,
66248,212,169,381,
66250,208,124,332,
66251,191,143,334,
66252,211,162,373,
66253,207,159,366,
66254,203,152,355,
66255,201,167,368,
66257,210,182,392,
66259,194,153,347,
66260,225,161,386,
66262,204,155,359,
66263,204,153,357,
66264,198,168,366,
66266,205,178,383,
66267,185,165,350,
66269,201,174,375,
66270,196,173,369,
66272,199,156,355,
66273,214,169,383,
66274,205,168,373,
66275,189,162,351,
66276,238,144,382,
66277,204,143,347,
66279,226,189,415,
66280,190,197,387,
66281,205,159,364,
66282,204,184,388,
66283,202,159,361,
66284,230,163,393,
66285,212,174,386,
66286,39,28,67,
66287,201,168,369,
66288,244,181,425,
66290,197,160,357,
66291,236,155,391,
66292,193,161,354,
66294,205,189,394,
66296,214,189,403,
66299,223,183,406,
66300,202,139,341,
66301,208,164,372,
66302,204,167,371,
66303,40,24,64,
66304,220,166,386,
66305,199,170,369,
66306,212,167,379,
66309,221,163,384,
66310,201,149,350,
66311,197,174,371,
66312,208,153,361,
66313,212,166,378,
66315,25,21,46,
66316,214,162,376,
66317,186,179,365,
66318,205,171,376,
66319,197,172,369,
66320,227,171,398,
66321,202,186,388,
66322,209,187,396,
66323,198,143,341,
66324,210,154,364,
66325,204,158,362,
66326,235,159,394,
66327,197,152,349,
66328,221,174,395,
66330,207,162,369,
66331,186,170,356,
66332,217,164,381,
66333,205,181,386,
66334,205,173,378,
66335,209,181,390,
66337,234,173,407,
66338,248,194,442,
66339,231,156,387,
66341,200,147,347,
66344,209,162,371,
66345,208,185,393,
66346,210,170,380,
66347,208,162,370,
66348,230,151,381,
66349,24,24,48,
66350,238,158,396,
66351,197,165,362,
66352,207,169,376,
66353,211,170,381,
66354,215,167,382,
66355,189,184,373,
66356,195,152,347,
66357,232,177,409,
66358,190,146,336,
66359,184,161,345,
66360,55,32,87,
66361,228,179,407,
66362,198,159,357,
66363,221,140,361,
66364,227,170,397,
66366,205,150,355,
66368,228,160,388,
66369,222,158,380,
66370,201,164,365,
66372,216,169,385,
66374,133,120,253,
66375,212,177,389,
66376,198,161,359,
66377,205,168,373,
66380,219,163,382,
66381,191,183,374,
66382,211,155,366,
66383,229,159,388,
66384,174,157,331,
66385,189,155,344,
66386,247,153,400,
66387,221,183,404,
66388,209,171,380,
66389,174,160,334,
66390,227,166,393,
66391,11,7,18,
66392,209,165,374,
66393,232,196,428,
66395,213,160,373,
66396,216,160,376,
66397,226,171,397,
66398,201,192,393,
66399,192,172,364,
66400,240,148,388,
66402,208,157,365,
66404,205,159,364,
66405,215,171,386,
66406,163,155,318,
66407,207,135,342,
66408,190,144,334,
66409,210,163,373,
66410,218,168,386,
66411,186,171,357,
66412,214,152,366,
66413,207,168,375,
66414,201,149,350,
66415,201,155,356,
66416,255,152,407,
66417,235,161,396,
66418,199,149,348,
66419,215,185,400,
66420,200,164,364,
66421,194,170,364,
66422,220,162,382,
66424,226,163,389,
66426,201,181,382,
66427,238,186,424,
66430,229,153,382,
66431,176,128,304,
66433,179,178,357,
66434,212,192,404,
66436,206,164,370,
66437,213,171,384,
66438,233,157,390,
66439,216,175,391,
66440,215,148,363,
66441,198,163,361,
66442,230,149,379,
66443,222,159,381,
66444,206,181,387,
66445,217,168,385,
66446,214,155,369,
66447,192,142,334,
66450,238,160,398,
66451,197,158,355,
66454,211,155,366,
66455,207,175,382,
66456,221,158,379,
66459,207,160,367,
66460,221,167,388,
66462,195,150,345,
66464,235,179,414,
66465,221,136,357,
66466,184,147,331,
66468,205,142,347,
66469,197,185,382,
66471,200,149,349,
66472,221,146,367,
66473,223,154,377,
66474,204,188,392,
66475,220,166,386,
66476,207,155,362,
66477,203,157,360,
66478,206,147,353,
66482,207,209,416,
66483,211,174,385,
66485,220,153,373,
66486,203,169,372,
66487,208,142,350,
66488,184,182,366,
66489,224,185,409,
66490,199,148,347,
66492,204,178,382,
66493,171,131,302,
66494,204,166,370,
66495,192,184,376,
66497,191,154,345,
66498,213,165,378,
66499,217,181,398,
66500,201,177,378,
66501,203,148,351,
66502,195,143,338,
66504,194,170,364,
66505,200,167,367,
66506,207,165,372,
66508,210,167,377,
66509,208,162,370,
66510,228,160,388,
66512,228,191,419,
66513,217,180,397,
66517,200,167,367,
66519,206,159,365,
66520,201,158,359,
66521,221,159,380,
66522,213,154,367,
66523,205,153,358,
66525,196,165,361,
66527,198,134,332,
66528,212,158,370,
66529,193,162,355,
66530,210,145,355,
66531,200,167,367,
66532,198,173,371,
66533,196,179,375,
66534,220,155,375,
66535,207,186,393,
66538,224,173,397,
66539,196,143,339,
66541,226,169,395,
66542,242,171,413,
66543,202,162,364,
66544,193,157,350,
66545,213,168,381,
66546,202,185,387,
66548,207,151,358,
66549,204,170,374,
66552,216,171,387,
66557,206,152,358,
66558,209,177,386,
66559,191,187,378,
66561,196,164,360,
66562,207,179,386,
66563,202,150,352,
66564,204,147,351,
66565,204,158,362,
66566,190,167,357,
66567,212,142,354,
66568,215,173,388,
66569,210,187,397,
66570,214,160,374,
66571,245,152,397,
66573,184,155,339,
66574,204,170,374,
66575,197,182,379,
66576,222,159,381,
66577,222,193,415,
66578,200,158,358,
66579,210,151,361,
66580,229,208,437,
66581,219,179,398,
66585,121,104,225,
66586,217,186,403,
66587,211,170,381,
66588,213,167,380,
66594,203,159,362,
66595,200,173,373,
66598,228,159,387,
66599,234,169,403,
66600,44,28,72,
66602,207,147,354,
66605,218,166,384,
66606,212,161,373,
66607,228,166,394,
66608,212,175,387,
66609,193,146,339,
66610,199,149,348,
66612,206,169,375,
66613,168,158,326,
66614,210,179,389,
66615,221,162,383,
66616,206,158,364,
66618,186,149,335,
66619,192,168,360,
66620,222,166,388,
66621,242,169,411,
66622,27,37,64,
66623,216,154,370,
66624,192,171,363,
66625,208,153,361,
66626,4,7,11,
66628,208,135,343,
66629,210,161,371,
66630,208,171,379,
66631,205,199,404,
66634,230,132,362,
66635,193,167,360,
66637,230,160,390,
66638,194,161,355,
66640,236,185,421,
66642,207,178,385,
66643,195,172,367,
66646,212,171,383,
66648,214,161,375,
66650,195,152,347,
66651,211,151,362,
66653,224,176,400,
66654,205,170,375,
66655,24,22,46,
66656,210,204,414,
66659,235,169,404,
66660,210,170,380,
66662,232,165,397,
66663,218,178,396,
66665,226,153,379,
66666,222,183,405,
66667,234,181,415,
66668,193,163,356,
66669,205,156,361,
66670,196,169,365,
66673,211,167,378,
66674,221,161,382,
66675,216,178,394,
66677,208,167,375,
66678,192,177,369,
66679,205,146,351,
66681,218,157,375,
66682,231,180,411,
66683,162,152,314,
66684,195,160,355,
66685,230,189,419,
66686,197,159,356,
66687,204,162,366,
66690,213,178,391,
66691,224,174,398,
66692,233,156,389,
66694,214,151,365,
66695,163,143,306,
66696,185,120,305,
66697,207,163,370,
66698,220,174,394,
66699,198,197,395,
66700,225,148,373,
66702,216,178,394,
66703,213,160,373,
66704,227,179,406,
66705,211,179,390,
66707,211,159,370,
66708,223,150,373,
66710,229,163,392,
66712,17,20,37,
66713,210,164,374,
66714,205,178,383,
66715,209,151,360,
66717,196,142,338,
66718,225,149,374,
66720,230,185,415,
66721,164,159,323,
66722,194,183,377,
66723,202,178,380,
66724,232,166,398,
66725,198,162,360,
66726,197,159,356,
66727,217,156,373,
66728,214,151,365,
66729,217,166,383,
66730,203,169,372,
66731,195,161,356,
66732,223,175,398,
66733,235,176,411,
66734,23,17,40,
66735,211,161,372,
66736,177,163,340,
66738,212,153,365,
66739,222,147,369,
66740,179,174,353,
66741,213,146,359,
66742,201,157,358,
66743,209,179,388,
66744,199,177,376,
66746,196,170,366,
66747,14,16,30,
66748,212,196,408,
66749,206,177,383,
66751,235,158,393,
66752,219,159,378,
66754,188,188,376,
66755,205,174,379,
66756,181,153,334,
66757,218,169,387,
66759,229,149,378,
66761,186,177,363,
66762,227,173,400,
66763,200,166,366,
66764,219,159,378,
66765,199,153,352,
66766,223,190,413,
66769,234,176,410,
66770,218,190,408,
66771,207,187,394,
66772,219,164,383,
66775,35,35,70,
66778,219,161,380,
66779,216,171,387,
66780,208,194,402,
66781,224,179,403,
66782,23,15,38,
66783,193,167,360,
66785,190,151,341,
66786,221,158,379,
66787,208,151,359,
66789,235,173,408,
66790,212,158,370,
66791,199,178,377,
66793,211,175,386,
66795,258,182,440,
66796,31,33,64,
66797,246,176,422,
66798,215,165,380,
66799,225,155,380,
66800,198,167,365,
66801,222,150,372,
66802,197,162,359,
66803,205,160,365,
66805,198,156,354,
66806,187,148,335,
66807,207,168,375,
66808,209,158,367,
66813,207,167,374,
66814,219,144,363,
66815,199,166,365,
66816,205,167,372,
66817,172,187,359,
66818,217,193,410,
66819,22,18,40,
66820,223,176,399,
66821,200,180,380,
66822,216,168,384,
66823,230,171,401,
66824,197,179,376,
66825,186,162,348,
66826,222,168,390,
66827,186,163,349,
66828,187,163,350,
66830,204,173,377,
66832,194,151,345,
66834,222,169,391,
66835,206,165,371,
66836,208,148,356,
66838,214,151,365,
66839,208,149,357,
66841,185,156,341,
66842,184,167,351,
66843,208,153,361,
66844,199,150,349,
66845,194,140,334,
66846,175,164,339,
66847,231,151,382,
66848,235,160,395,
66851,230,144,374,
66852,246,169,415,
66854,37,23,60,
66855,207,148,355,
66856,204,188,392,
66859,210,157,367,
66860,192,172,364,
66861,219,168,387,
66862,226,163,389,
66863,197,174,371,
66864,244,172,416,
66866,217,168,385,
66868,231,147,378,
66869,216,177,393,
66870,213,165,378,
66871,208,158,366,
66872,32,32,64,
66873,180,169,349,
66877,205,167,372,
66879,234,163,397,
66880,231,167,398,
66881,194,149,343,
66882,206,164,370,
66883,203,172,375,
66884,195,167,362,
66886,229,166,395,
66887,213,156,369,
66888,198,165,363,
66889,257,155,412,
66890,241,164,405,
66891,151,141,292,
66892,216,170,386,
66894,194,139,333,
66897,205,169,374,
66898,166,91,257,
66899,195,157,352,
66900,172,175,347,
66901,201,156,357,
66904,207,173,380,
66905,158,127,285,
66906,204,170,374,
66907,217,153,370,
66910,226,166,392,
66914,221,154,375,
66916,21,16,37,
66917,218,158,376,
66918,210,179,389,
66919,206,159,365,
66921,237,172,409,
66922,220,179,399,
66923,213,181,394,
66924,193,159,352,
66925,196,158,354,
66926,186,168,354,
66927,219,163,382,
66929,196,152,348,
66930,211,163,374,
66931,156,121,277,
66933,193,164,357,
66934,203,169,372,
66935,203,157,360,
66936,217,162,379,
66937,216,159,375,
66938,208,154,362,
66939,205,183,388,
66940,18,11,29,
66944,203,173,376,
66945,230,146,376,
66946,227,175,402,
66947,216,149,365,
66948,136,111,247,
66949,203,160,363,
66951,42,22,64,
66952,34,26,60,
66953,208,162,370,
66955,226,166,392,
66960,240,182,422,
66961,193,176,369,
66962,208,166,374,
66963,24,29,53,
66964,191,161,352,
66965,210,167,377,
66967,196,137,333,
66968,231,150,381,
66969,134,122,256,
66970,217,146,363,
66971,18,22,40,
66973,158,154,312,
66976,197,154,351,
66977,221,166,387,
66978,194,200,394,
66980,163,127,290,
66982,226,179,405,
66983,211,169,380,
66986,212,155,367,
66987,221,169,390,
66988,221,153,374,
66989,36,26,62,
66991,183,155,338,
66993,164,133,297,
66994,231,170,401,
66995,225,170,395,
66997,223,141,364,
66998,168,149,317,
66999,203,171,374,
67000,186,162,348,
67001,212,158,370,
67002,218,177,395,
67004,203,153,356,
67005,28,24,52,
67006,209,156,365,
67007,237,155,392,
67008,216,166,382,
67009,211,161,372,
67011,214,171,385,
67012,213,155,368,
67013,205,163,368,
67014,210,148,358,
67017,258,173,431,
67018,180,150,330,
67020,179,180,359,
67021,217,167,384,
67022,197,169,366,
67023,211,174,385,
67024,217,151,368,
67025,212,180,392,
67026,210,164,374,
67027,241,166,407,
67029,227,157,384,
67030,196,168,364,
67031,212,147,359,
67032,203,198,401,
67033,228,148,376,
67034,216,129,345,
67035,212,180,392,
67036,211,167,378,
67037,205,156,361,
67038,231,163,394,
67040,219,163,382,
67041,208,169,377,
67042,222,148,370,
67043,206,207,413,
67044,203,160,363,
67045,203,163,366,
67046,207,168,375,
67047,197,175,372,
67048,195,143,338,
67049,245,165,410,
67050,185,186,371,
67051,196,166,362,
67052,25,33,58,
67053,231,146,377,
67054,206,143,349,
67055,204,145,349,
67056,199,154,353,
67057,222,143,365,
67058,216,161,377,
67059,200,165,365,
67062,197,189,386,
67063,219,180,399,
67064,214,178,392,
67066,182,169,351,
67067,30,20,50,
67070,205,164,369,
67071,192,163,355,
67072,226,184,410,
67073,206,158,364,
67074,184,149,333,
67075,40,22,62,
67077,210,194,404,
67080,246,159,405,
67081,212,157,369,
67083,225,160,385,
67084,202,184,386,
67085,223,161,384,
67086,213,142,355,
67087,218,147,365,
67089,198,162,360,
67090,220,154,374,
67091,201,148,349,
67092,213,158,371,
67093,219,180,399,
67094,23,17,40,
67095,214,153,367,
67096,162,167,329,
67097,210,171,381,
67098,211,163,374,
67100,215,150,365,
67101,204,161,365,
67102,215,159,374,
67103,22,21,43,
67104,209,165,374,
67106,179,162,341,
67107,194,163,357,
67108,207,162,369,
67110,203,168,371,
67111,229,166,395,
67112,225,190,415,
67113,197,153,350,
67116,223,177,400,
67117,227,149,376,
67118,221,163,384,
67120,196,149,345,
67121,199,139,338,
67123,182,131,313,
67124,206,164,370,
67125,226,175,401,
67126,201,163,364,
67127,205,207,412,
67128,207,176,383,
67129,221,182,403,
67130,208,153,361,
67132,19,17,36,
67133,203,169,372,
67134,243,148,391,
67135,198,165,363,
67136,200,159,359,
67137,183,148,331,
67138,202,173,375,
67139,210,173,383,
67141,194,164,358,
67142,247,191,438,
67143,210,181,391,
67144,197,164,361,
67146,208,163,371,
67147,219,163,382,
67148,37,20,57,
67149,224,151,375,
67150,213,168,381,
67151,184,167,351,
67152,142,116,258,
67153,233,201,434,
67154,212,167,379,
67155,223,165,388,
67156,233,139,372,
67157,212,173,385,
67159,221,140,361,
67160,235,163,398,
67161,232,169,401,
67162,209,166,375,
67163,196,169,365,
67166,199,171,370,
67167,222,159,381,
67168,229,176,405,
67170,193,158,351,
67171,193,161,354,
67173,210,151,361,
67174,227,182,409,
67175,223,176,399,
67178,225,164,389,
67179,178,181,359,
67180,189,170,359,
67181,214,175,389,
67182,237,170,407,
67183,212,157,369,
67184,13,11,24,
67185,2,1,3,
67187,202,143,345,
67188,139,120,259,
67189,210,144,354,
67190,202,147,349,
67192,187,158,345,
67193,192,179,371,
67194,196,152,348,
67196,188,160,348,
67197,225,183,408,
67198,220,154,374,
67199,209,148,357,
67200,231,192,423,
67202,222,179,401,
67203,208,165,373,
67204,207,160,367,
67206,218,167,385,
67207,209,183,392,
67209,207,171,378,
67210,224,176,400,
67212,215,182,397,
67213,197,144,341,
67214,212,144,356,
67215,13,4,17,
67216,213,160,373,
67217,184,171,355,
67218,220,170,390,
67219,181,177,358,
67220,207,159,366,
67221,197,184,381,
67222,210,153,363,
67223,222,180,402,
67224,191,154,345,
67226,202,158,360,
67228,212,168,380,
67229,117,120,237,
67230,223,144,367,
67232,226,148,374,
67235,206,148,354,
67236,201,175,376,
67238,203,157,360,
67239,206,162,368,
67240,207,173,380,
67242,164,92,256,
67243,221,153,374,
67244,197,166,363,
67245,215,177,392,
67246,205,160,365,
67247,203,165,368,
67248,203,156,359,
67249,243,159,402,
67250,191,167,358,
67251,210,172,382,
67252,220,192,412,
67253,215,150,365,
67254,210,174,384,
67255,192,163,355,
67257,232,186,418,
67258,183,156,339,
67259,37,30,67,
67260,25,20,45,
67261,212,164,376,
67262,34,29,63,
67263,232,178,410,
67264,200,174,374,
67267,208,160,368,
67268,228,174,402,
67271,175,169,344,
67273,208,163,371,
67274,234,189,423,
67276,172,171,343,
67278,217,149,366,
67279,210,138,348,
67280,231,150,381,
67281,212,189,401,
67282,193,155,348,
67283,220,175,395,
67285,193,158,351,
67286,219,163,382,
67287,203,182,385,
67288,186,151,337,
67291,217,143,360,
67292,225,163,388,
67293,196,157,353,
67294,204,166,370,
67295,213,159,372,
67296,186,181,367,
67297,222,170,392,
67299,212,173,385,
67300,34,26,60,
67301,198,135,333,
67303,159,167,326,
67304,214,161,375,
67305,208,170,378,
67306,181,187,368,
67307,221,176,397,
67308,210,152,362,
67309,221,173,394,
67310,219,166,385,
67311,198,144,342,
67313,197,157,354,
67315,189,154,343,
67316,215,163,378,
67317,222,160,382,
67318,204,175,379,
67319,235,156,391,
67320,25,16,41,
67321,207,147,354,
67322,184,156,340,
67323,239,169,408,
67324,198,171,369,
67326,195,177,372,
67327,214,160,374,
67328,220,154,374,
67329,224,158,382,
67330,218,176,394,
67332,215,164,379,
67333,197,162,359,
67334,240,154,394,
67335,206,153,359,
67337,197,175,372,
67338,196,165,361,
67339,202,162,364,
67340,216,181,397,
67341,224,183,407,
67342,185,175,360,
67344,203,174,377,
67345,201,166,367,
67346,25,26,51,
67347,199,164,363,
67348,208,179,387,
67350,214,189,403,
67351,208,167,375,
67353,232,161,393,
67354,208,179,387,
67356,192,150,342,
67357,216,155,371,
67358,165,146,311,
67360,197,149,346,
67362,190,159,349,
67363,229,164,393,
67364,195,157,352,
67365,227,185,412,
67366,167,187,354,
67367,204,141,345,
67368,203,147,350,
67369,245,170,415,
67370,227,191,418,
67371,204,180,384,
67372,228,159,387,
67373,207,157,364,
67374,214,151,365,
67377,186,159,345,
67379,218,162,380,
67380,227,161,388,
67381,121,116,237,
67382,207,162,369,
67383,196,166,362,
67385,211,168,379,
67387,232,167,399,
67388,211,187,398,
67389,152,124,276,
67390,217,151,368,
67391,199,152,351,
67392,233,175,408,
67393,207,157,364,
67394,180,107,287,
67395,217,170,387,
67396,39,31,70,
67397,221,170,391,
67398,244,165,409,
67401,202,113,315,
67402,200,147,347,
67405,222,143,365,
67407,213,178,391,
67408,209,180,389,
67410,183,147,330,
67412,153,161,314,
67414,218,171,389,
67415,184,158,342,
67416,205,167,372,
67417,230,165,395,
67418,195,142,337,
67419,207,181,388,
67421,34,20,54,
67422,200,149,349,
67423,214,156,370,
67424,195,137,332,
67426,192,161,353,
67427,212,142,354,
67428,15,7,22,
67429,207,171,378,
67430,219,163,382,
67431,162,173,335,
67433,188,157,345,
67434,206,163,369,
67435,198,168,366,
67436,241,138,379,
67437,211,191,402,
67438,190,164,354,
67439,177,149,326,
67440,191,154,345,
67443,200,150,350,
67444,215,170,385,
67445,216,165,381,
67446,211,166,377,
67447,214,185,399,
67449,216,150,366,
67450,216,178,394,
67451,191,143,334,
67455,221,176,397,
67456,201,183,384,
67457,222,177,399,
67458,244,155,399,
67459,34,29,63,
67462,150,126,276,
67463,194,177,371,
67464,190,148,338,
67465,203,139,342,
67466,229,165,394,
67468,223,146,369,
67469,195,162,357,
67471,235,167,402,
67472,230,171,401,
67474,204,163,367,
67475,232,156,388,
67476,195,180,375,
67477,228,164,392,
67478,232,157,389,
67479,218,158,376,
67480,214,186,400,
67481,200,165,365,
67482,211,177,388,
67484,184,183,367,
67485,206,157,363,
67486,244,160,404,
67488,225,175,400,
67489,207,146,353,
67490,226,186,412,
67491,197,159,356,
67492,201,162,363,
67494,209,186,395,
67495,205,163,368,
67496,200,159,359,
67497,219,170,389,
67498,174,187,361,
67499,224,156,380,
67503,193,171,364,
67504,200,158,358,
67505,225,176,401,
67506,235,151,386,
67507,223,157,380,
67508,184,176,360,
67510,211,171,382,
67511,215,166,381,
67512,227,156,383,
67513,214,176,390,
67514,192,169,361,
67515,205,186,391,
67518,141,145,286,
67519,219,152,371,
67521,174,121,295,
67522,193,168,361,
67524,212,169,381,
67525,9,3,12,
67526,192,157,349,
67527,225,165,390,
67528,208,162,370,
67529,207,151,358,
67530,219,170,389,
67531,196,184,380,
67534,232,173,405,
67536,196,178,374,
67537,199,177,376,
67538,207,169,376,
67539,188,162,350,
67540,225,167,392,
67541,178,176,354,
67543,247,154,401,
67545,164,124,288,
67546,198,168,366,
67547,235,180,415,
67548,158,131,289,
67549,220,150,370,
67550,229,173,402,
67551,227,165,392,
67552,194,156,350,
67553,224,184,408,
67555,209,165,374,
67556,232,166,398,
67557,234,147,381,
67562,230,154,384,
67563,188,169,357,
67564,228,175,403,
67565,198,165,363,
67566,39,31,70,
67567,212,147,359,
67568,209,191,400,
67570,214,169,383,
67572,228,187,415,
67573,216,153,369,
67575,190,154,344,
67576,211,155,366,
67577,218,188,406,
67578,214,174,388,
67579,234,150,384,
67581,214,161,375,
67582,221,180,401,
67583,129,131,260,
67584,194,169,363,
67585,203,174,377,
67586,233,155,388,
67587,210,160,370,
67590,194,144,338,
67593,222,138,360,
67595,197,157,354,
67597,223,152,375,
67598,36,47,83,
67601,236,178,414,
67602,184,167,351,
67603,215,167,382,
67604,217,171,388,
67605,181,105,286,
67607,233,168,401,
67608,227,154,381,
67609,208,178,386,
67610,204,160,364,
67611,207,175,382,
67612,209,169,378,
67614,210,175,385,
67615,229,152,381,
67617,210,192,402,
67619,213,157,370,
67621,194,187,381,
67622,210,162,372,
67623,200,172,372,
67624,198,193,391,
67625,217,176,393,
67626,37,36,73,
67627,190,155,345,
67628,207,176,383,
67630,182,151,333,
67633,185,171,356,
67634,208,192,400,
67636,191,149,340,
67637,191,164,355,
67638,135,114,249,
67640,206,148,354,
67641,204,165,369,
67642,204,166,370,
67643,210,156,366,
67644,226,155,381,
67645,199,162,361,
67646,202,160,362,
67647,211,147,358,
67648,210,171,381,
67649,194,147,341,
67651,180,176,356,
67652,184,147,331,
67653,191,159,350,
67654,186,165,351,
67656,235,149,384,
67657,184,134,318,
67658,212,172,384,
67661,217,161,378,
67662,212,179,391,
67663,205,149,354,
67665,217,162,379,
67668,192,163,355,
67669,208,163,371,
67670,202,186,388,
67671,216,171,387,
67672,193,167,360,
67674,208,158,366,
67676,207,181,388,
67678,225,172,397,
67679,198,154,352,
67680,233,163,396,
67682,209,186,395,
67684,163,141,304,
67685,200,160,360,
67686,219,167,386,
67687,191,145,336,
67688,215,167,382,
67689,178,208,386,
67690,213,176,389,
67691,215,176,391,
67692,225,152,377,
67693,200,169,369,
67694,204,155,359,
67696,195,170,365,
67698,19,21,40,
67699,178,157,335,
67702,211,164,375,
67703,198,163,361,
67704,218,165,383,
67705,198,187,385,
67706,197,168,365,
67707,223,153,376,
67708,221,186,407,
67709,229,146,375,
67710,209,176,385,
67711,224,183,407,
67712,183,180,363,
67714,183,174,357,
67716,206,181,387,
67717,211,142,353,
67718,204,179,383,
67719,183,169,352,
67720,201,155,356,
67721,209,161,370,
67722,192,171,363,
67723,34,20,54,
67724,218,173,391,
67725,248,154,402,
67727,240,139,379,
67728,230,171,401,
67729,202,143,345,
67730,25,12,37,
67731,206,173,379,
67732,209,180,389,
67733,20,20,40,
67735,206,186,392,
67736,40,36,76,
67738,212,170,382,
67739,207,150,357,
67740,200,162,362,
67741,200,180,380,
67745,206,171,377,
67746,199,165,364,
67747,205,180,385,
67748,214,172,386,
67749,203,173,376,
67750,196,177,373,
67752,223,189,412,
67753,194,142,336,
67754,206,164,370,
67755,203,171,374,
67756,206,161,367,
67759,208,154,362,
67760,237,172,409,
67762,196,161,357,
67763,207,144,351,
67766,222,171,393,
67767,212,172,384,
67768,219,183,402,
67769,210,184,394,
67770,185,182,367,
67771,206,168,374,
67772,225,166,391,
67773,214,178,392,
67774,187,146,333,
67777,232,170,402,
67778,211,153,364,
67779,170,142,312,
67780,9,3,12,
67785,186,161,347,
67786,235,167,402,
67787,183,155,338,
67789,216,182,398,
67790,179,157,336,
67791,221,152,373,
67792,210,175,385,
67793,219,162,381,
67794,203,167,370,
67795,225,183,408,
67796,227,165,392,
67797,225,176,401,
67798,204,182,386,
67800,214,134,348,
67801,206,168,374,
67802,216,158,374,
67803,204,168,372,
67804,220,153,373,
67805,210,164,374,
67806,200,195,395,
67807,235,182,417,
67809,210,151,361,
67810,202,177,379,
67811,216,154,370,
67812,224,162,386,
67814,204,152,356,
67815,184,162,346,
67816,202,174,376,
67817,196,155,351,
67818,209,167,376,
67819,211,161,372,
67821,187,174,361,
67822,204,170,374,
67823,182,160,342,
67824,201,148,349,
67825,36,22,58,
67826,211,165,376,
67827,10,2,12,
67829,190,194,384,
67833,210,159,369,
67834,209,156,365,
67837,216,158,374,
67838,235,156,391,
67839,208,187,395,
67840,132,104,236,
67841,193,156,349,
67842,213,180,393,
67843,182,172,354,
67844,233,186,419,
67845,199,177,376,
67847,209,178,387,
67848,179,140,319,
67849,189,158,347,
67850,203,142,345,
67851,176,171,347,
67852,226,144,370,
67854,200,138,338,
67855,182,163,345,
67857,221,169,390,
67858,36,26,62,
67859,195,160,355,
67860,188,164,352,
67861,217,167,384,
67862,223,148,371,
67864,178,167,345,
67865,227,171,398,
67866,237,156,393,
67867,227,159,386,
67869,192,157,349,
67871,19,12,31,
67872,220,153,373,
67873,190,156,346,
67875,30,21,51,
67878,215,180,395,
67879,216,176,392,
67880,225,182,407,
67881,209,172,381,
67882,227,163,390,
67883,157,128,285,
67884,212,154,366,
67885,189,159,348,
67886,202,175,377,
67888,191,181,372,
67889,238,172,410,
67890,5,4,9,
67891,203,192,395,
67892,29,16,45,
67893,164,163,327,
67894,215,137,352,
67895,187,127,314,
67896,231,166,397,
67897,208,167,375,
67900,223,166,389,
67901,193,166,359,
67904,225,155,380,
67905,205,152,357,
67906,231,182,413,
67907,210,169,379,
67909,202,172,374,
67911,242,167,409,
67912,203,172,375,
67914,181,182,363,
67916,39,41,80,
67918,237,179,416,
67920,201,157,358,
67921,222,164,386,
67923,212,158,370,
67924,23,9,32,
67925,215,147,362,
67926,229,160,389,
67927,184,140,324,
67928,213,148,361,
67930,8,1,9,
67931,18,8,26,
67932,210,156,366,
67935,227,156,383,
67936,209,147,356,
67937,238,178,416,
67938,209,165,374,
67939,211,155,366,
67940,204,155,359,
67941,205,138,343,
67942,221,150,371,
67944,140,143,283,
67945,186,156,342,
67947,208,149,357,
67948,207,167,374,
67950,220,166,386,
67952,126,106,232,
67953,189,158,347,
67954,205,185,390,
67955,179,184,363,
67956,230,163,393,
67957,231,193,424,
67958,212,162,374,
67959,213,168,381,
67960,197,156,353,
67961,214,152,366,
67962,192,157,349,
67964,233,160,393,
67965,205,160,365,
67966,181,150,331,
67969,202,135,337,
67970,215,151,366,
67971,210,158,368,
67972,204,182,386,
67973,182,195,377,
67974,214,155,369,
67975,216,169,385,
67976,210,186,396,
67977,217,171,388,
67978,29,26,55,
67980,215,179,394,
67981,204,166,370,
67982,216,160,376,
67983,214,172,386,
67984,211,156,367,
67985,216,153,369,
67986,172,160,332,
67987,192,154,346,
67988,212,135,347,
67989,200,154,354,
67991,37,46,83,
67992,209,165,374,
67993,210,184,394,
67994,201,178,379,
67999,197,188,385,
68000,208,162,370,
68001,181,156,337,
68002,199,169,368,
68003,191,156,347,
68004,214,159,373,
68006,201,167,368,
68008,232,182,414,
68010,217,158,375,
68011,232,141,373,
68012,223,176,399,
68013,222,171,393,
68014,208,145,353,
68015,185,174,359,
68016,211,166,377,
68019,213,148,361,
68020,204,160,364,
68023,233,163,396,
68024,210,159,369,
68025,194,180,374,
68026,203,150,353,
68027,227,131,358,
68028,188,167,355,
68029,213,163,376,
68030,201,175,376,
68031,199,162,361,
68032,206,143,349,
68033,201,176,377,
68034,197,170,367,
68035,212,156,368,
68036,213,169,382,
68039,201,150,351,
68041,214,162,376,
68042,224,155,379,
68044,211,158,369,
68046,230,175,405,
68047,188,166,354,
68048,205,146,351,
68049,218,152,370,
68050,194,156,350,
68051,216,128,344,
68053,219,157,376,
68054,33,21,54,
68055,205,137,342,
68056,211,159,370,
68057,216,172,388,
68059,185,176,361,
68060,226,145,371,
68061,229,172,401,
68062,36,44,80,
68064,199,165,364,
68066,223,172,395,
68067,193,187,380,
68068,228,137,365,
68070,205,173,378,
68071,194,181,375,
68072,206,175,381,
68073,209,166,375,
68074,211,148,359,
68076,25,21,46,
68078,211,166,377,
68079,251,174,425,
68080,215,198,413,
68081,233,161,394,
68082,214,173,387,
68083,206,142,348,
68085,213,151,364,
68086,36,20,56,
68087,194,166,360,
68088,201,188,389,
68089,30,17,47,
68090,214,171,385,
68091,220,163,383,
68094,2,3,5,
68095,218,164,382,
68096,214,140,354,
68097,220,154,374,
68098,233,173,406,
68099,198,173,371,
68101,200,159,359,
68104,182,154,336,
68105,181,174,355,
68107,190,168,358,
68108,11,18,29,
68109,204,165,369,
68110,196,172,368,
68111,189,177,366,
68113,193,149,342,
68114,196,181,377,
68116,34,24,58,
68117,179,170,349,
68118,206,153,359,
68122,220,162,382,
68125,211,156,367,
68126,226,144,370,
68127,211,130,341,
68129,243,152,395,
68132,44,39,83,
68134,33,12,45,
68135,194,146,340,
68137,223,165,388,
68138,223,158,381,
68139,212,145,357,
68140,207,154,361,
68141,207,162,369,
68142,207,184,391,
68143,213,163,376,
68144,238,176,414,
68146,220,159,379,
68147,218,176,394,
68148,199,175,374,
68149,180,147,327,
68150,232,144,376,
68151,236,174,410,
68152,240,155,395,
68154,198,140,338,
68155,204,171,375,
68157,220,151,371,
68158,200,143,343,
68160,218,159,377,
68161,192,148,340,
68164,226,159,385,
68165,201,169,370,
68166,207,157,364,
68167,227,144,371,
68168,224,164,388,
68169,218,146,364,
68170,205,168,373,
68173,216,167,383,
68174,202,163,365,
68176,207,191,398,
68177,206,142,348,
68178,217,172,389,
68179,215,146,361,
68180,219,159,378,
68181,219,169,388,
68182,206,174,380,
68183,223,152,375,
68185,192,169,361,
68186,216,167,383,
68187,214,195,409,
68188,226,169,395,
68189,212,172,384,
68190,226,171,397,
68191,186,170,356,
68193,216,156,372,
68194,234,163,397,
68195,190,167,357,
68196,197,161,358,
68197,179,169,348,
68198,222,146,368,
68200,209,127,336,
68203,220,175,395,
68204,212,177,389,
68205,225,152,377,
68206,198,165,363,
68211,169,130,299,
68212,202,178,380,
68213,214,164,378,
68214,204,157,361,
68215,205,176,381,
68216,217,159,376,
68217,204,146,350,
68218,202,166,368,
68219,209,181,390,
68221,190,163,353,
68222,24,15,39,
68223,197,185,382,
68225,195,156,351,
68226,210,159,369,
68228,210,155,365,
68233,209,186,395,
68234,207,153,360,
68235,219,158,377,
68236,219,153,372,
68237,214,175,389,
68238,221,162,383,
68239,188,120,308,
68240,195,192,387,
68241,202,175,377,
68242,220,159,379,
68244,192,163,355,
68245,208,178,386,
68246,192,171,363,
68248,101,67,168,
68249,21,15,36,
68250,219,182,401,
68251,183,174,357,
68252,204,156,360,
68254,198,163,361,
68256,233,149,382,
68257,210,183,393,
68259,216,157,373,
68260,200,174,374,
68262,198,153,351,
68263,22,31,53,
68264,221,164,385,
68265,210,162,372,
68266,223,161,384,
68267,203,172,375,
68268,38,31,69,
68270,34,31,65,
68272,32,30,62,
68273,202,181,383,
68275,18,14,32,
68276,34,29,63,
68277,210,152,362,
68278,214,170,384,
68279,234,185,419,
68281,52,48,100,
68284,190,166,356,
68285,211,153,364,
68286,221,167,388,
68288,204,167,371,
68289,178,150,328,
68290,212,168,380,
68291,216,160,376,
68292,197,166,363,
68293,193,168,361,
68294,218,185,403,
68295,201,160,361,
68296,24,17,41,
68297,192,166,358,
68298,224,161,385,
68300,210,147,357,
68301,209,151,360,
68302,202,159,361,
68303,226,151,377,
68304,231,184,415,
68306,213,175,388,
68307,236,171,407,
68310,196,165,361,
68311,194,148,342,
68313,188,163,351,
68314,201,168,369,
68315,194,167,361,
68316,206,182,388,
68317,199,167,366,
68318,215,166,381,
68319,206,161,367,
68320,8,10,18,
68321,204,159,363,
68323,205,164,369,
68324,14,13,27,
68325,189,176,365,
68326,225,143,368,
68327,228,162,390,
68328,203,175,378,
68329,246,156,402,
68330,210,154,364,
68333,193,166,359,
68334,239,151,390,
68335,230,148,378,
68336,226,153,379,
68337,211,167,378,
68339,204,159,363,
68340,211,176,387,
68342,228,158,386,
68343,202,188,390,
68344,199,155,354,
68347,4,1,5,
68348,195,140,335,
68349,228,171,399,
68350,204,168,372,
68351,186,182,368,
68352,200,168,368,
68354,199,143,342,
68355,168,175,343,
68357,221,169,390,
68358,194,163,357,
68360,222,169,391,
68362,218,178,396,
68364,198,158,356,
68365,212,160,372,
68366,198,161,359,
68367,203,172,375,
68368,157,129,286,
68369,197,159,356,
68371,157,119,276,
68373,226,192,418,
68374,230,133,363,
68375,207,163,370,
68376,203,142,345,
68377,212,182,394,
68379,198,173,371,
68381,16,17,33,
68383,200,150,350,
68385,220,169,389,
68386,223,166,389,
68387,205,147,352,
68388,200,140,340,
68389,203,150,353,
68390,201,192,393,
68391,205,170,375,
68392,186,183,369,
68393,212,154,366,
68395,199,157,356,
68397,231,151,382,
68398,228,184,412,
68399,202,180,382,
68400,13,7,20,
68401,207,181,388,
68402,32,31,63,
68403,219,155,374,
68404,194,168,362,
68405,179,138,317,
68406,212,191,403,
68407,205,158,363,
68409,205,177,382,
68410,231,146,377,
68412,229,178,407,
68413,228,162,390,
68414,196,170,366,
68415,203,150,353,
68416,218,165,383,
68417,194,162,356,
68418,214,144,358,
68419,177,189,366,
68420,54,32,86,
68421,212,142,354,
68422,205,162,367,
68423,201,177,378,
68424,165,139,304,
68426,186,162,348,
68427,36,28,64,
68428,229,155,384,
68429,183,176,359,
68430,228,181,409,
68431,220,192,412,
68432,203,190,393,
68435,58,43,101,
68436,242,193,435,
68437,214,150,364,
68438,195,176,371,
68440,222,172,394,
68441,197,151,348,
68442,226,171,397,
68443,182,155,337,
68444,184,183,367,
68445,198,160,358,
68447,211,146,357,
68448,223,187,410,
68450,30,25,55,
68451,231,161,392,
68452,209,177,386,
68453,197,168,365,
68455,207,166,373,
68456,194,158,352,
68457,205,176,381,
68458,234,201,435,
68459,208,179,387,
68460,224,165,389,
68461,197,188,385,
68462,216,155,371,
68463,212,184,396,
68464,220,173,393,
68465,158,112,270,
68466,204,165,369,
68470,199,150,349,
68471,216,169,385,
68472,226,155,381,
68474,223,162,385,
68475,214,176,390,
68476,210,155,365,
68477,200,161,361,
68479,204,168,372,
68480,220,152,372,
68481,218,147,365,
68482,218,160,378,
68483,195,169,364,
68484,179,154,333,
68485,208,185,393,
68487,190,184,374,
68488,208,177,385,
68489,192,169,361,
68490,28,24,52,
68492,137,113,250,
68493,191,141,332,
68494,216,153,369,
68496,205,168,373,
68497,200,180,380,
68498,196,163,359,
68499,170,142,312,
68501,15,12,27,
68502,214,172,386,
68503,196,156,352,
68504,45,29,74,
68506,213,171,384,
68507,222,150,372,
68509,235,136,371,
68510,219,173,392,
68511,6,4,10,
68513,183,164,347,
68514,187,143,330,
68515,21,8,29,
68516,208,166,374,
68517,234,184,418,
68519,246,146,392,
68520,219,179,398,
68521,199,167,366,
68522,210,170,380,
68524,190,181,371,
68525,208,174,382,
68526,210,191,401,
68527,215,168,383,
68528,186,130,316,
68530,222,163,385,
68532,192,156,348,
68533,206,155,361,
68535,208,178,386,
68536,202,176,378,
68537,198,154,352,
68539,207,144,351,
68541,166,134,300,
68542,192,151,343,
68543,192,179,371,
68544,195,153,348,
68545,217,162,379,
68546,166,119,285,
68547,204,170,374,
68549,220,175,395,
68550,35,23,58,
68551,233,157,390,
68552,205,187,392,
68553,195,158,353,
68554,227,157,384,
68555,202,165,367,
68556,212,169,381,
68557,205,171,376,
68558,204,177,381,
68559,218,174,392,
68560,211,165,376,
68561,220,160,380,
68562,195,168,363,
68563,240,147,387,
68564,222,172,394,
68565,207,183,390,
68566,241,158,399,
68567,224,148,372,
68568,202,140,342,
68569,233,156,389,
68570,224,149,373,
68571,189,181,370,
68572,216,176,392,
68575,196,166,362,
68576,205,147,352,
68577,207,153,360,
68578,218,164,382,
68579,245,148,393,
68581,208,180,388,
68582,217,188,405,
68585,153,135,288,
68586,135,145,280,
68587,192,172,364,
68589,204,169,373,
68590,195,172,367,
68591,195,144,339,
68592,200,164,364,
68593,222,174,396,
68595,211,162,373,
68596,202,171,373,
68597,203,166,369,
68600,199,161,360,
68602,205,155,360,
68603,207,133,340,
68604,197,165,362,
68606,210,163,373,
68607,212,157,369,
68608,184,186,370,
68609,213,159,372,
68610,215,158,373,
68612,205,171,376,
68613,197,172,369,
68615,150,105,255,
68616,144,131,275,
68617,208,150,358,
68618,249,166,415,
68620,199,164,363,
68621,200,168,368,
68622,212,161,373,
68626,226,156,382,
68627,229,148,377,
68628,239,154,393,
68629,184,156,340,
68631,247,162,409,
68632,231,159,390,
68633,231,162,393,
68634,173,156,329,
68635,210,141,351,
68636,208,154,362,
68638,182,140,322,
68639,215,161,376,
68640,222,153,375,
68642,200,167,367,
68644,211,167,378,
68645,222,158,380,
68646,211,149,360,
68648,226,171,397,
68650,221,158,379,
68651,190,181,371,
68652,11,17,28,
68653,192,156,348,
68654,215,151,366,
68655,210,164,374,
68657,221,144,365,
68659,204,153,357,
68660,201,176,377,
68661,197,143,340,
68663,228,201,429,
68664,212,169,381,
68665,205,158,363,
68666,225,155,380,
68667,232,159,391,
68668,188,163,351,
68669,9,5,14,
68670,211,154,365,
68671,209,182,391,
68672,191,189,380,
68675,220,156,376,
68676,202,171,373,
68677,204,152,356,
68679,211,168,379,
68680,183,142,325,
68682,207,172,379,
68683,207,152,359,
68684,18,17,35,
68685,222,153,375,
68686,198,163,361,
68687,212,171,383,
68690,202,182,384,
68691,215,160,375,
68692,185,146,331,
68693,218,162,380,
68694,210,161,371,
68695,229,174,403,
68699,221,161,382,
68700,195,181,376,
68701,209,156,365,
68702,205,159,364,
68703,225,164,389,
68704,190,160,350,
68705,187,164,351,
68707,209,174,383,
68708,213,170,383,
68709,230,146,376,
68710,237,151,388,
68711,205,167,372,
68712,198,179,377,
68714,160,119,279,
68715,218,158,376,
68716,211,175,386,
68717,27,15,42,
68719,197,165,362,
68720,221,173,394,
68721,196,165,361,
68722,198,186,384,
68723,199,159,358,
68724,214,185,399,
68725,196,169,365,
68726,218,181,399,
68727,198,163,361,
68730,215,161,376,
68732,209,149,358,
68733,201,150,351,
68734,204,171,375,
68735,212,158,370,
68736,220,167,387,
68738,235,163,398,
68739,226,171,397,
68741,200,153,353,
68742,199,155,354,
68743,210,186,396,
68744,226,154,380,
68745,208,144,352,
68746,213,162,375,
68747,223,197,420,
68748,232,153,385,
68749,203,171,374,
68750,197,170,367,
68751,202,166,368,
68752,178,171,349,
68756,178,168,346,
68758,214,178,392,
68759,193,167,360,
68761,201,179,380,
68763,218,139,357,
68764,203,188,391,
68766,202,155,357,
68768,219,165,384,
68769,23,25,48,
68771,225,176,401,
68772,194,166,360,
68773,231,165,396,
68775,195,167,362,
68776,216,144,360,
68777,209,167,376,
68778,187,165,352,
68780,204,152,356,
68781,158,103,261,
68782,186,155,341,
68784,187,160,347,
68785,213,172,385,
68786,197,163,360,
68787,150,123,273,
68788,195,163,358,
68791,34,23,57,
68792,194,149,343,
68793,217,155,372,
68794,231,148,379,
68795,220,145,365,
68796,218,141,359,
68797,207,152,359,
68798,212,171,383,
68799,216,165,381,
68800,228,177,405,
68802,221,187,408,
68803,226,179,405,
68804,226,154,380,
68806,197,159,356,
68808,197,158,355,
68809,41,32,73,
68810,203,180,383,
68811,230,172,402,
68812,221,177,398,
68813,19,11,30,
68816,249,170,419,
68817,213,167,380,
68818,191,159,350,
68819,204,157,361,
68822,193,139,332,
68823,193,159,352,
68824,227,156,383,
68827,207,157,364,
68828,183,192,375,
68829,201,160,361,
68831,208,174,382,
68833,210,161,371,
68834,193,190,383,
68835,33,20,53,
68837,215,166,381,
68838,206,175,381,
68839,224,146,370,
68842,202,181,383,
68843,194,141,335,
68844,223,174,397,
68845,161,146,307,
68846,214,163,377,
68847,222,157,379,
68848,164,186,350,
68849,190,149,339,
68850,168,130,298,
68851,208,186,394,
68852,204,163,367,
68853,116,99,215,
68854,199,144,343,
68855,225,163,388,
68856,222,166,388,
68857,201,173,374,
68858,213,170,383,
68859,175,158,333,
68860,223,194,417,
68862,203,153,356,
68863,224,178,402,
68864,192,150,342,
68865,213,155,368,
68866,230,199,429,
68867,202,140,342,
68868,217,145,362,
68870,199,168,367,
68871,221,167,388,
68873,218,179,397,
68874,221,174,395,
68875,228,174,402,
68876,228,148,376,
68878,212,156,368,
68879,220,172,392,
68880,216,181,397,
68881,199,173,372,
68882,200,142,342,
68883,226,189,415,
68884,187,177,364,
68886,208,155,363,
68888,192,158,350,
68889,179,166,345,
68892,203,169,372,
68893,141,137,278,
68895,225,160,385,
68896,202,162,364,
68897,222,159,381,
68899,197,208,405,
68900,23,25,48,
68901,219,156,375,
68902,239,157,396,
68903,201,171,372,
68904,196,176,372,
68905,198,143,341,
68907,197,152,349,
68908,189,164,353,
68909,193,189,382,
68910,189,143,332,
68912,234,159,393,
68914,206,186,392,
68915,235,158,393,
68916,203,168,371,
68917,204,153,357,
68918,218,168,386,
68919,216,149,365,
68920,221,168,389,
68921,192,136,328,
68922,213,176,389,
68923,214,158,372,
68924,193,176,369,
68926,213,198,411,
68928,204,167,371,
68929,224,155,379,
68930,224,181,405,
68931,220,175,395,
68932,212,162,374,
68933,217,170,387,
68934,217,189,406,
68937,209,171,380,
68939,223,169,392,
68940,226,167,393,
68941,12,8,20,
68943,200,165,365,
68946,210,151,361,
68947,28,24,52,
68948,221,171,392,
68949,215,167,382,
68951,213,180,393,
68952,194,145,339,
68953,190,164,354,
68954,255,131,386,
68956,200,191,391,
68958,207,178,385,
68959,198,160,358,
68960,217,167,384,
68961,210,158,368,
68962,226,163,389,
68963,208,175,383,
68964,24,30,54,
68966,219,168,387,
68967,210,175,385,
68968,225,167,392,
68969,200,155,355,
68970,219,162,381,
68971,197,178,375,
68972,210,173,383,
68973,204,157,361,
68974,207,151,358,
68975,246,150,396,
68976,216,174,390,
68977,215,178,393,
68978,196,158,354,
68979,200,178,378,
68981,195,164,359,
68982,221,138,359,
68983,207,137,344,
68984,221,155,376,
68985,185,207,392,
68986,203,175,378,
68987,226,123,349,
68990,216,201,417,
68991,200,165,365,
68993,203,160,363,
68994,210,146,356,
68998,194,176,370,
69001,199,148,347,
69003,199,151,350,
69004,236,145,381,
69006,253,163,416,
69007,217,153,370,
69008,197,142,339,
69009,179,139,318,
69010,198,169,367,
69011,190,145,335,
69012,197,180,377,
69013,208,158,366,
69014,227,178,405,
69015,197,157,354,
69016,227,156,383,
69018,28,31,59,
69019,212,169,381,
69020,206,151,357,
69021,211,164,375,
69022,187,169,356,
69023,209,172,381,
69024,182,151,333,
69025,203,150,353,
69027,230,172,402,
69028,185,171,356,
69029,224,177,401,
69030,216,169,385,
69032,241,196,437,
69033,206,153,359,
69034,199,154,353,
69035,226,172,398,
69036,208,168,376,
69037,214,153,367,
69038,208,154,362,
69039,206,155,361,
69040,207,174,381,
69041,150,156,306,
69042,178,167,345,
69043,190,156,346,
69044,197,174,371,
69046,206,179,385,
69047,223,180,403,
69051,210,169,379,
69052,212,163,375,
69054,202,169,371,
69055,213,185,398,
69056,195,154,349,
69057,219,159,378,
69058,243,194,437,
69060,220,174,394,
69061,193,174,367,
69063,225,128,353,
69064,209,162,371,
69068,233,150,383,
69070,217,159,376,
69072,17,19,36,
69073,205,117,322,
69074,194,157,351,
69077,202,151,353,
69079,192,185,377,
69080,203,188,391,
69081,144,108,252,
69082,223,150,373,
69083,225,160,385,
69085,169,182,351,
69086,231,162,393,
69087,203,183,386,
69088,189,162,351,
69089,208,156,364,
69090,222,154,376,
69091,225,166,391,
69092,214,194,408,
69093,225,163,388,
69095,208,167,375,
69096,35,29,64,
69097,206,152,358,
69100,244,182,426,
69101,206,163,369,
69103,237,146,383,
69104,209,138,347,
69105,220,174,394,
69106,214,172,386,
69108,216,186,402,
69109,199,194,393,
69111,199,148,347,
69112,209,162,371,
69114,210,143,353,
69115,177,131,308,
69116,214,162,376,
69117,204,170,374,
69118,179,146,325,
69119,197,179,376,
69120,213,176,389,
69121,212,150,362,
69124,197,173,370,
69125,22,19,41,
69126,195,167,362,
69127,213,175,388,
69130,239,133,372,
69131,207,162,369,
69132,205,141,346,
69133,217,156,373,
69135,214,175,389,
69136,194,174,368,
69137,214,165,379,
69138,213,164,377,
69139,13,6,19,
69140,192,146,338,
69141,27,21,48,
69143,204,130,334,
69144,196,154,350,
69145,235,183,418,
69146,206,143,349,
69148,28,29,57,
69149,197,136,333,
69150,223,161,384,
69151,216,185,401,
69152,223,142,365,
69153,237,147,384,
69154,223,155,378,
69155,219,166,385,
69156,187,173,360,
69157,234,137,371,
69158,199,167,366,
69159,219,143,362,
69161,236,180,416,
69162,224,148,372,
69163,256,186,442,
69164,216,165,381,
69166,227,158,385,
69167,226,169,395,
69168,200,152,352,
69169,209,167,376,
69170,218,168,386,
69171,220,169,389,
69172,213,162,375,
69173,210,175,385,
69174,201,147,348,
69175,196,161,357,
69176,211,161,372,
69177,202,160,362,
69178,214,191,405,
69179,201,161,362,
69180,244,135,379,
69181,206,164,370,
69182,212,176,388,
69183,215,172,387,
69184,228,188,416,
69185,142,99,241,
69186,234,174,408,
69187,220,207,427,
69188,215,152,367,
69189,211,161,372,
69190,214,164,378,
69191,203,154,357,
69192,230,172,402,
69193,232,148,380,
69194,219,160,379,
69195,211,169,380,
69199,199,154,353,
69200,209,175,384,
69202,200,147,347,
69203,223,161,384,
69204,212,180,392,
69205,206,154,360,
69206,213,136,349,
69207,196,154,350,
69209,41,36,77,
69211,210,170,380,
69212,212,171,383,
69213,226,148,374,
69214,203,144,347,
69215,231,152,383,
69216,197,174,371,
69217,200,140,340,
69219,235,184,419,
69220,222,193,415,
69221,238,153,391,
69222,221,147,368,
69223,193,180,373,
69224,202,157,359,
69225,16,12,28,
69226,220,163,383,
69228,191,175,366,
69229,204,181,385,
69232,183,180,363,
69233,218,163,381,
69234,209,183,392,
69235,207,169,376,
69236,196,145,341,
69238,210,169,379,
69240,37,26,63,
69241,180,167,347,
69243,209,191,400,
69244,59,46,105,
69246,184,150,334,
69247,224,181,405,
69248,220,173,393,
69249,219,183,402,
69250,207,161,368,
69251,204,163,367,
69252,228,176,404,
69253,229,174,403,
69254,219,176,395,
69255,236,170,406,
69256,198,143,341,
69258,29,19,48,
69259,54,28,82,
69260,217,161,378,
69262,187,139,326,
69265,209,177,386,
69267,200,149,349,
69268,226,165,391,
69269,249,150,399,
69272,185,149,334,
69274,240,144,384,
69275,198,159,357,
69276,186,155,341,
69277,225,158,383,
69278,216,163,379,
69279,200,159,359,
69280,214,186,400,
69281,226,153,379,
69282,214,175,389,
69284,194,178,372,
69285,12,9,21,
69286,160,123,283,
69287,188,169,357,
69290,202,161,363,
69291,203,174,377,
69292,209,182,391,
69293,224,153,377,
69294,218,182,400,
69296,215,155,370,
69297,220,162,382,
69298,205,145,350,
69299,199,171,370,
69300,221,166,387,
69301,235,168,403,
69302,210,159,369,
69304,222,160,382,
69305,205,162,367,
69307,207,178,385,
69308,213,143,356,
69309,199,169,368,
69311,163,147,310,
69312,200,158,358,
69313,221,178,399,
69314,206,155,361,
69315,36,24,60,
69316,191,170,361,
69317,189,172,361,
69318,174,158,332,
69319,4,3,7,
69320,224,169,393,
69321,220,159,379,
69322,201,164,365,
69323,145,115,260,
69324,222,177,399,
69325,220,163,383,
69327,195,162,357,
69328,199,167,366,
69329,216,182,398,
69330,239,175,414,
69331,221,171,392,
69332,227,137,364,
69333,230,171,401,
69334,208,156,364,
69336,202,157,359,
69337,163,130,293,
69338,195,163,358,
69340,213,138,351,
69341,213,175,388,
69342,192,187,379,
69344,187,134,321,
69345,237,186,423,
69349,28,11,39,
69350,211,175,386,
69351,202,158,360,
69352,204,171,375,
69353,214,162,376,
69354,211,182,393,
69356,222,145,367,
69357,194,166,360,
69358,204,185,389,
69359,222,153,375,
69360,216,152,368,
69361,203,174,377,
69362,203,169,372,
69363,199,141,340,
69365,227,153,380,
69366,221,180,401,
69367,219,191,410,
69368,217,160,377,
69369,225,172,397,
69370,194,183,377,
69371,196,170,366,
69372,216,146,362,
69373,201,158,359,
69374,218,161,379,
69375,211,169,380,
69378,173,140,313,
69379,164,172,336,
69380,215,153,368,
69381,230,184,414,
69382,173,146,319,
69383,213,144,357,
69384,207,171,378,
69385,222,161,383,
69386,238,168,406,
69389,195,187,382,
69390,225,161,386,
69391,29,11,40,
69392,210,131,341,
69393,211,160,371,
69396,234,168,402,
69398,222,165,387,
69399,212,173,385,
69400,203,174,377,
69401,221,146,367,
69402,203,161,364,
69404,225,166,391,
69405,232,155,387,
69406,221,154,375,
69409,186,154,340,
69410,226,170,396,
69411,212,152,364,
69413,189,167,356,
69415,213,148,361,
69417,234,175,409,
69418,232,187,419,
69420,198,176,374,
69421,19,28,47,
69422,207,164,371,
69423,224,148,372,
69424,214,160,374,
69425,215,169,384,
69427,242,172,414,
69428,214,146,360,
69429,210,172,382,
69430,171,181,352,
69431,200,156,356,
69432,222,159,381,
69433,230,135,365,
69434,220,178,398,
69435,224,179,403,
69436,162,142,304,
69437,206,155,361,
69438,191,193,384,
69439,210,152,362,
69440,219,173,392,
69442,198,163,361,
69443,221,186,407,
69445,203,179,382,
69446,232,156,388,
69447,206,165,371,
69448,227,188,415,
69449,215,168,383,
69451,209,143,352,
69452,213,173,386,
69458,210,195,405,
69459,220,172,392,
69460,211,152,363,
69461,211,165,376,
69462,196,163,359,
69464,232,168,400,
69466,229,162,391,
69467,197,152,349,
69468,217,177,394,
69470,205,147,352,
69471,230,160,390,
69472,185,166,351,
69473,219,174,393,
69476,230,172,402,
69478,188,170,358,
69479,191,187,378,
69481,211,164,375,
69482,207,184,391,
69483,211,117,328,
69484,250,180,430,
69485,206,155,361,
69487,222,181,403,
69488,215,168,383,
69489,211,174,385,
69490,224,188,412,
69491,209,150,359,
69493,205,175,380,
69494,184,168,352,
69495,237,159,396,
69498,48,34,82,
69501,207,160,367,
69502,163,126,289,
69503,34,26,60,
69504,222,153,375,
69505,218,161,379,
69507,207,164,371,
69509,244,183,427,
69510,202,178,380,
69511,200,168,368,
69512,175,147,322,
69513,214,158,372,
69515,178,151,329,
69516,205,175,380,
69517,199,159,358,
69518,215,156,371,
69519,237,169,406,
69520,197,168,365,
69521,193,146,339,
69522,211,162,373,
69524,209,147,356,
69525,219,177,396,
69526,189,159,348,
69527,29,30,59,
69528,216,172,388,
69529,242,155,397,
69530,197,170,367,
69531,188,152,340,
69532,235,152,387,
69533,225,168,393,
69534,40,19,59,
69535,242,152,394,
69536,206,124,330,
69537,200,171,371,
69538,211,161,372,
69539,25,29,54,
69540,219,130,349,
69541,203,148,351,
69542,235,173,408,
69543,217,172,389,
69544,22,22,44,
69546,216,171,387,
69547,181,163,344,
69548,210,144,354,
69549,198,157,355,
69551,205,169,374,
69554,198,186,384,
69555,210,160,370,
69556,204,193,397,
69557,227,151,378,
69558,192,134,326,
69559,232,159,391,
69561,218,159,377,
69563,15,23,38,
69564,209,166,375,
69565,206,176,382,
69566,244,179,423,
69568,211,168,379,
69569,219,149,368,
69570,11,5,16,
69571,212,169,381,
69572,213,183,396,
69574,225,157,382,
69575,25,24,49,
69576,196,144,340,
69577,208,188,396,
69578,211,179,390,
69579,209,162,371,
69580,216,158,374,
69581,226,158,384,
69582,191,158,349,
69583,190,146,336,
69584,50,34,84,
69585,206,172,378,
69586,206,164,370,
69587,208,167,375,
69588,217,166,383,
69589,223,166,389,
69590,185,174,359,
69591,227,145,372,
69592,223,167,390,
69593,202,157,359,
69594,225,175,400,
69595,35,35,70,
69596,193,154,347,
69597,211,181,392,
69598,218,154,372,
69599,196,159,355,
69600,225,172,397,
69602,206,174,380,
69603,183,176,359,
69604,188,163,351,
69606,216,139,355,
69607,199,178,377,
69609,201,169,370,
69610,29,14,43,
69611,216,164,380,
69612,179,182,361,
69613,207,177,384,
69614,225,147,372,
69619,199,185,384,
69620,221,173,394,
69621,230,160,390,
69622,188,159,347,
69623,224,168,392,
69624,224,195,419,
69625,202,168,370,
69626,212,159,371,
69627,186,170,356,
69628,217,167,384,
69629,199,166,365,
69630,212,168,380,
69631,204,151,355,
69632,232,179,411,
69633,204,171,375,
69637,206,150,356,
69638,231,159,390,
69639,213,157,370,
69640,221,174,395,
69641,220,149,369,
69642,205,162,367,
69644,226,183,409,
69646,194,203,397,
69647,196,117,313,
69648,220,139,359,
69649,238,180,418,
69651,185,192,377,
69652,213,163,376,
69653,241,171,412,
69654,203,188,391,
69656,197,167,364,
69657,230,169,399,
69658,215,163,378,
69660,212,168,380,
69663,205,147,352,
69664,208,165,373,
69666,193,148,341,
69667,200,173,373,
69668,160,135,295,
69669,184,188,372,
69670,196,174,370,
69671,185,181,366,
69673,217,167,384,
69674,205,141,346,
69675,222,158,380,
69676,221,177,398,
69678,229,188,417,
69679,226,124,350,
69680,207,154,361,
69681,227,187,414,
69682,205,160,365,
69683,203,168,371,
69686,224,166,390,
69687,25,33,58,
69688,212,158,370,
69689,215,156,371,
69691,223,167,390,
69692,221,172,393,
69695,220,156,376,
69696,179,180,359,
69697,216,166,382,
69698,213,189,402,
69699,202,166,368,
69701,222,148,370,
69702,202,139,341,
69703,224,159,383,
69704,205,172,377,
69705,224,178,402,
69709,224,161,385,
69713,233,159,392,
69715,201,157,358,
69716,205,153,358,
69717,202,158,360,
69718,198,164,362,
69719,220,161,381,
69720,200,178,378,
69721,215,163,378,
69723,223,171,394,
69724,191,166,357,
69725,202,175,377,
69726,229,168,397,
69728,214,161,375,
69729,185,154,339,
69730,214,173,387,
69731,232,166,398,
69732,201,178,379,
69733,206,181,387,
69735,216,162,378,
69736,182,162,344,
69737,212,170,382,
69738,209,151,360,
69739,199,137,336,
69740,223,157,380,
69743,182,127,309,
69744,195,163,358,
69745,213,175,388,
69746,228,193,421,
69749,211,145,356,
69750,216,159,375,
69751,207,189,396,
69752,209,169,378,
69753,209,204,413,
69754,209,144,353,
69755,215,169,384,
69756,214,171,385,
69757,199,185,384,
69758,194,172,366,
69760,218,156,374,
69764,48,39,87,
69766,212,179,391,
69767,176,157,333,
69768,249,130,379,
69769,228,165,393,
69771,218,191,409,
69772,216,153,369,
69773,195,152,347,
69774,12,7,19,
69775,209,156,365,
69776,217,162,379,
69777,220,176,396,
69778,211,156,367,
69779,171,112,283,
69780,231,169,400,
69781,205,164,369,
69783,225,167,392,
69784,197,197,394,
69785,213,167,380,
69787,222,170,392,
69788,192,148,340,
69789,221,167,388,
69790,159,151,310,
69791,222,174,396,
69792,222,173,395,
69793,206,145,351,
69794,202,190,392,
69796,226,192,418,
69797,192,175,367,
69798,205,179,384,
69799,204,163,367,
69800,190,166,356,
69801,207,161,368,
69802,235,171,406,
69803,207,152,359,
69806,199,137,336,
69807,213,170,383,
69808,212,146,358,
69811,187,150,337,
69812,216,174,390,
69813,194,184,378,
69815,219,124,343,
69816,201,134,335,
69817,222,170,392,
69818,197,170,367,
69820,192,174,366,
69821,219,156,375,
69823,202,167,369,
69824,188,136,324,
69825,192,132,324,
69826,233,159,392,
69827,189,171,360,
69828,218,185,403,
69829,195,169,364,
69830,189,190,379,
69832,216,176,392,
69833,235,171,406,
69834,209,185,394,
69835,213,160,373,
69836,195,182,377,
69839,218,198,416,
69840,227,140,367,
69842,225,165,390,
69843,213,157,370,
69844,210,160,370,
69845,222,146,368,
69847,218,134,352,
69848,219,159,378,
69849,222,142,364,
69850,235,173,408,
69851,218,182,400,
69853,226,179,405,
69854,232,188,420,
69855,226,168,394,
69856,6,3,9,
69857,201,156,357,
69858,15,18,33,
69859,194,153,347,
69860,184,184,368,
69861,234,169,403,
69863,221,169,390,
69864,220,151,371,
69865,200,178,378,
69867,229,182,411,
69868,216,179,395,
69869,24,26,50,
69871,203,162,365,
69873,216,181,397,
69874,214,197,411,
69875,204,178,382,
69877,205,219,424,
69878,196,184,380,
69879,193,159,352,
69880,191,194,385,
69881,226,139,365,
69883,219,171,390,
69884,203,155,358,
69885,202,170,372,
69886,190,159,349,
69887,218,160,378,
69888,207,158,365,
69889,187,188,375,
69890,196,144,340,
69891,226,153,379,
69892,39,25,64,
69893,190,165,355,
69894,208,151,359,
69895,178,168,346,
69896,223,135,358,
69897,223,171,394,
69898,182,175,357,
69899,213,169,382,
69900,204,178,382,
69903,204,162,366,
69904,210,156,366,
69905,191,157,348,
69906,209,154,363,
69907,180,178,358,
69908,204,145,349,
69909,184,175,359,
69910,175,154,329,
69911,198,160,358,
69912,214,148,362,
69913,220,172,392,
69914,186,169,355,
69915,182,182,364,
69917,221,171,392,
69919,230,177,407,
69920,204,193,397,
69921,208,168,376,
69922,209,176,385,
69923,192,180,372,
69926,212,197,409,
69930,228,181,409,
69933,243,175,418,
69934,227,146,373,
69935,204,141,345,
69936,197,164,361,
69937,209,168,377,
69938,211,142,353,
69939,185,143,328,
69940,240,165,405,
69941,209,176,385,
69942,235,162,397,
69946,232,177,409,
69947,212,151,363,
69948,211,154,365,
69951,207,162,369,
69952,199,179,378,
69954,196,181,377,
69955,217,149,366,
69956,202,172,374,
69957,215,185,400,
69958,28,27,55,
69960,200,157,357,
69961,195,143,338,
69962,193,159,352,
69963,221,160,381,
69964,238,168,406,
69966,171,124,295,
69967,190,189,379,
69968,203,165,368,
69969,235,162,397,
69970,234,165,399,
69971,209,179,388,
69972,215,178,393,
69973,180,150,330,
69974,193,144,337,
69975,164,138,302,
69976,219,165,384,
69978,233,166,399,
69980,185,176,361,
69981,222,182,404,
69982,191,174,365,
69983,215,162,377,
69985,215,171,386,
69986,41,32,73,
69987,199,174,373,
69989,33,18,51,
69990,193,185,378,
69991,225,173,398,
69993,181,104,285,
69995,194,187,381,
69997,225,183,408,
69998,202,166,368,
69999,212,171,383,
70000,202,157,359,
70003,212,143,355,
70004,245,153,398,
70005,200,156,356,
70006,206,160,366,
70008,208,154,362,
70009,212,154,366,
70010,208,177,385,
70011,193,167,360,
70012,210,158,368,
70013,203,181,384,
70014,206,149,355,
70015,216,172,388,
70016,245,159,404,
70017,181,148,329,
70018,195,175,370,
70019,199,152,351,
70020,206,168,374,
70022,209,166,375,
70024,242,166,408,
70025,203,182,385,
70026,192,154,346,
70027,223,150,373,
70028,218,153,371,
70029,204,172,376,
70030,212,183,395,
70031,217,182,399,
70032,195,162,357,
70033,213,176,389,
70034,238,167,405,
70035,208,187,395,
70036,191,181,372,
70037,228,174,402,
70039,192,162,354,
70040,229,161,390,
70041,193,167,360,
70042,208,166,374,
70043,28,33,61,
70045,212,167,379,
70046,227,177,404,
70047,218,142,360,
70049,213,163,376,
70052,42,18,60,
70054,205,160,365,
70055,201,156,357,
70056,218,136,354,
70057,174,131,305,
70058,205,167,372,
70059,19,15,34,
70061,191,182,373,
70062,209,167,376,
70063,210,174,384,
70065,195,186,381,
70066,169,124,293,
70067,206,186,392,
70068,197,164,361,
70070,225,169,394,
70071,222,160,382,
70073,208,124,332,
70074,184,163,347,
70075,214,157,371,
70077,219,171,390,
70078,225,179,404,
70079,28,20,48,
70081,199,151,350,
70082,232,153,385,
70083,222,155,377,
70084,216,166,382,
70085,196,167,363,
70086,197,142,339,
70089,219,172,391,
70090,183,150,333,
70091,200,183,383,
70092,192,172,364,
70093,204,166,370,
70094,213,138,351,
70095,184,156,340,
70096,25,32,57,
70097,222,163,385,
70098,169,150,319,
70099,208,192,400,
70100,219,160,379,
70103,196,163,359,
70104,212,173,385,
70105,219,169,388,
70106,217,178,395,
70107,235,171,406,
70108,205,174,379,
70109,210,169,379,
70110,193,147,340,
70111,218,197,415,
70112,230,155,385,
70113,222,162,384,
70114,198,160,358,
70115,231,151,382,
70117,180,145,325,
70118,233,158,391,
70123,213,165,378,
70124,197,197,394,
70125,203,171,374,
70126,187,145,332,
70127,191,172,363,
70128,215,157,372,
70131,200,155,355,
70133,202,135,337,
70134,207,188,395,
70136,245,171,416,
70137,203,148,351,
70139,184,152,336,
70140,238,165,403,
70141,224,147,371,
70142,208,167,375,
70144,194,184,378,
70146,181,166,347,
70148,197,165,362,
70149,231,172,403,
70150,197,156,353,
70152,220,151,371,
70154,216,206,422,
70155,228,152,380,
70157,217,171,388,
70159,221,148,369,
70160,213,141,354,
70161,209,161,370,
70162,162,147,309,
70163,198,160,358,
70165,190,166,356,
70166,213,162,375,
70167,201,149,350,
70168,206,176,382,
70169,205,152,357,
70171,205,165,370,
70172,221,174,395,
70174,209,133,342,
70175,212,147,359,
70176,218,143,361,
70177,7,2,9,
70178,232,173,405,
70179,151,149,300,
70181,228,172,400,
70182,203,154,357,
70183,204,179,383,
70184,228,152,380,
70185,212,192,404,
70186,244,147,391,
70189,36,35,71,
70190,222,177,399,
70191,212,170,382,
70192,205,167,372,
70193,217,165,382,
70194,199,148,347,
70198,163,138,301,
70200,207,193,400,
70201,223,177,400,
70203,218,186,404,
70204,237,178,415,
70205,214,171,385,
70206,20,14,34,
70207,14,11,25,
70209,214,141,355,
70210,209,167,376,
70211,221,161,382,
70212,200,139,339,
70214,225,151,376,
70215,190,167,357,
70216,208,163,371,
70219,228,168,396,
70220,220,169,389,
70221,228,137,365,
70222,160,157,317,
70223,188,142,330,
70224,191,188,379,
70225,187,154,341,
70226,208,135,343,
70228,204,161,365,
70229,216,171,387,
70230,27,18,45,
70232,143,95,238,
70233,226,165,391,
70235,221,183,404,
70236,195,155,350,
70237,221,148,369,
70238,215,166,381,
70239,211,165,376,
70240,185,168,353,
70242,192,138,330,
70245,199,183,382,
70247,229,168,397,
70248,208,175,383,
70250,219,164,383,
70251,222,175,397,
70252,200,154,354,
70253,218,171,389,
70254,195,152,347,
70255,235,165,400,
70257,210,173,383,
70258,206,149,355,
70259,238,162,400,
70260,201,165,366,
70261,197,176,373,
70263,198,151,349,
70264,206,155,361,
70265,13,8,21,
70267,225,169,394,
70268,219,177,396,
70269,201,188,389,
70270,214,179,393,
70273,219,152,371,
70274,214,156,370,
70275,209,167,376,
70277,206,182,388,
70279,194,174,368,
70281,212,172,384,
70282,220,129,349,
70285,201,181,382,
70287,204,154,358,
70289,198,155,353,
70292,201,176,377,
70293,215,214,429,
70294,21,27,48,
70295,214,175,389,
70297,221,187,408,
70298,188,178,366,
70300,193,147,340,
70302,205,185,390,
70304,217,135,352,
70307,106,113,219,
70308,188,146,334,
70309,193,151,344,
70310,192,157,349,
70312,211,175,386,
70313,192,190,382,
70314,220,142,362,
70315,227,164,391,
70317,197,157,354,
70318,228,168,396,
70320,203,161,364,
70321,201,147,348,
70322,220,178,398,
70323,210,151,361,
70324,49,31,80,
70326,234,166,400,
70327,208,158,366,
70328,226,154,380,
70329,217,166,383,
70330,199,198,397,
70331,207,150,357,
70332,202,154,356,
70333,189,162,351,
70334,239,131,370,
70335,207,197,404,
70336,198,166,364,
70338,223,158,381,
70340,196,193,389,
70341,208,175,383,
70342,176,155,331,
70343,177,166,343,
70344,221,140,361,
70346,226,159,385,
70347,193,192,385,
70348,228,171,399,
70349,197,173,370,
70350,208,147,355,
70352,226,195,421,
70353,187,162,349,
70354,200,173,373,
70356,215,140,355,
70357,239,168,407,
70358,185,153,338,
70359,234,165,399,
70361,210,157,367,
70362,201,164,365,
70363,206,149,355,
70365,225,193,418,
70367,221,164,385,
70368,186,159,345,
70369,208,172,380,
70371,222,171,393,
70372,170,117,287,
70373,245,180,425,
70374,210,143,353,
70375,210,202,412,
70377,206,155,361,
70378,204,158,362,
70379,211,150,361,
70380,218,172,390,
70381,227,171,398,
70383,215,167,382,
70385,236,173,409,
70386,221,163,384,
70388,237,143,380,
70389,42,30,72,
70390,200,179,379,
70392,206,159,365,
70393,209,157,366,
70394,177,137,314,
70395,205,143,348,
70396,235,156,391,
70397,186,153,339,
70398,200,159,359,
70402,197,187,384,
70403,216,168,384,
70404,185,149,334,
70406,217,172,389,
70407,225,158,383,
70408,222,142,364,
70409,226,175,401,
70410,189,156,345,
70411,184,154,338,
70412,27,26,53,
70413,204,175,379,
70414,47,52,99,
70415,191,155,346,
70416,205,175,380,
70417,228,163,391,
70418,211,142,353,
70419,219,165,384,
70420,204,155,359,
70421,186,184,370,
70422,219,157,376,
70425,216,139,355,
70426,211,143,354,
70427,201,179,380,
70428,231,168,399,
70430,207,152,359,
70431,205,152,357,
70433,211,167,378,
70435,229,147,376,
70436,231,158,389,
70437,200,152,352,
70438,218,148,366,
70439,192,160,352,
70440,18,21,39,
70441,232,135,367,
70442,213,147,360,
70443,180,151,331,
70445,196,151,347,
70446,206,168,374,
70450,215,166,381,
70451,225,187,412,
70452,223,182,405,
70453,220,165,385,
70456,215,156,371,
70457,165,130,295,
70458,1,5,6,
70460,213,159,372,
70462,216,181,397,
70464,183,175,358,
70465,225,171,396,
70466,200,165,365,
70467,184,198,382,
70468,205,184,389,
70469,202,180,382,
70471,225,151,376,
70472,222,156,378,
70474,186,169,355,
70476,188,157,345,
70477,216,174,390,
70478,214,138,352,
70480,235,172,407,
70481,190,150,340,
70482,213,167,380,
70483,205,163,368,
70484,201,150,351,
70485,220,147,367,
70486,234,160,394,
70490,208,158,366,
70492,226,165,391,
70494,198,160,358,
70495,176,127,303,
70497,193,152,345,
70499,210,155,365,
70500,214,181,395,
70502,174,179,353,
70505,216,165,381,
70507,42,28,70,
70509,194,174,368,
70510,224,158,382,
70511,187,167,354,
70512,200,169,369,
70514,200,176,376,
70515,215,168,383,
70516,217,174,391,
70517,202,152,354,
70518,201,161,362,
70519,233,172,405,
70520,205,179,384,
70521,208,142,350,
70522,218,166,384,
70524,150,129,279,
70525,200,170,370,
70526,204,158,362,
70527,234,172,406,
70528,224,173,397,
70529,212,173,385,
70530,199,155,354,
70531,193,177,370,
70532,223,158,381,
70533,199,168,367,
70534,223,162,385,
70535,221,142,363,
70537,214,166,380,
70539,228,159,387,
70540,243,165,408,
70541,217,142,359,
70542,26,16,42,
70544,231,156,387,
70545,219,171,390,
70546,204,163,367,
70547,202,186,388,
70548,161,136,297,
70549,25,19,44,
70550,212,148,360,
70551,195,165,360,
70552,194,203,397,
70554,210,149,359,
70557,21,15,36,
70558,221,156,377,
70559,221,154,375,
70560,17,19,36,
70561,218,177,395,
70562,239,159,398,
70563,206,151,357,
70564,201,169,370,
70566,211,133,344,
70568,222,191,413,
70570,217,150,367,
70571,201,162,363,
70572,238,178,416,
70573,14,8,22,
70575,200,139,339,
70576,193,164,357,
70577,236,186,422,
70578,222,185,407,
70579,24,20,44,
70580,194,171,365,
70581,227,161,388,
70582,199,181,380,
70584,227,168,395,
70585,212,144,356,
70586,204,168,372,
70587,198,161,359,
70588,208,181,389,
70591,224,165,389,
70592,224,166,390,
70593,189,173,362,
70594,245,163,408,
70595,203,155,358,
70596,212,153,365,
70597,224,176,400,
70598,206,154,360,
70599,205,176,381,
70600,219,168,387,
70601,173,131,304,
70602,216,147,363,
70603,208,170,378,
70605,222,161,383,
70608,3,1,4,
70611,57,44,101,
70613,227,146,373,
70614,231,177,408,
70615,208,177,385,
70616,187,160,347,
70617,208,171,379,
70618,192,181,373,
70619,192,162,354,
70620,30,16,46,
70621,215,175,390,
70622,197,156,353,
70625,237,152,389,
70626,203,167,370,
70627,229,161,390,
70628,212,127,339,
70629,196,148,344,
70630,30,23,53,
70632,212,167,379,
70633,186,190,376,
70634,202,156,358,
70635,206,155,361,
70636,210,155,365,
70637,208,172,380,
70638,196,160,356,
70639,206,159,365,
70640,192,136,328,
70641,210,169,379,
70642,184,175,359,
70643,220,168,388,
70644,218,150,368,
70645,216,152,368,
70646,196,172,368,
70647,226,163,389,
70648,238,154,392,
70649,184,166,350,
70651,225,152,377,
70653,166,114,280,
70654,238,169,407,
70657,217,136,353,
70658,223,173,396,
70660,225,159,384,
70662,195,200,395,
70663,214,163,377,
70665,240,163,403,
70666,197,148,345,
70667,154,107,261,
70668,192,175,367,
70669,211,146,357,
70670,233,149,382,
70671,207,170,377,
70672,212,165,377,
70673,199,173,372,
70676,192,159,351,
70677,211,179,390,
70678,210,167,377,
70679,234,172,406,
70680,208,174,382,
70681,208,165,373,
70683,189,192,381,
70684,237,173,410,
70685,225,174,399,
70686,209,166,375,
70687,171,171,342,
70691,218,166,384,
70692,221,157,378,
70693,230,161,391,
70694,217,166,383,
70695,206,167,373,
70696,187,182,369,
70697,204,144,348,
70698,185,184,369,
70699,192,169,361,
70700,169,131,300,
70701,213,173,386,
70702,15,17,32,
70703,194,163,357,
70705,213,179,392,
70706,217,164,381,
70707,230,180,410,
70709,212,175,387,
70710,213,161,374,
70711,209,166,375,
70714,139,93,232,
70715,233,160,393,
70716,201,145,346,
70717,215,177,392,
70718,208,165,373,
70721,218,141,359,
70722,216,171,387,
70723,197,180,377,
70724,211,148,359,
70725,179,179,358,
70726,210,171,381,
70727,207,184,391,
70728,200,178,378,
70729,183,201,384,
70730,210,161,371,
70732,16,15,31,
70734,182,166,348,
70736,221,157,378,
70739,210,170,380,
70740,214,161,375,
70741,215,145,360,
70742,24,16,40,
70743,190,180,370,
70744,123,118,241,
70745,207,148,355,
70746,230,171,401,
70747,215,181,396,
70749,217,185,402,
70751,203,163,366,
70753,9,11,20,
70754,208,168,376,
70756,201,173,374,
70758,207,176,383,
70760,181,154,335,
70761,185,144,329,
70762,211,152,363,
70763,198,169,367,
70765,184,158,342,
70766,194,166,360,
70767,210,174,384,
70769,219,129,348,
70770,245,156,401,
70771,225,174,399,
70773,191,159,350,
70774,194,197,391,
70776,151,161,312,
70777,198,167,365,
70778,201,162,363,
70779,222,167,389,
70780,185,174,359,
70781,206,170,376,
70782,204,178,382,
70783,208,167,375,
70784,210,180,390,
70785,201,174,375,
70786,221,166,387,
70787,230,164,394,
70788,239,162,401,
70789,203,156,359,
70790,221,148,369,
70791,211,185,396,
70792,208,166,374,
70793,212,172,384,
70794,148,132,280,
70795,194,156,350,
70796,219,142,361,
70797,214,169,383,
70798,207,175,382,
70799,189,170,359,
70800,183,156,339,
70802,15,10,25,
70803,203,183,386,
70804,191,166,357,
70805,204,174,378,
70806,187,175,362,
70807,199,183,382,
70808,233,168,401,
70809,188,175,363,
70810,11,25,36,
70811,209,155,364,
70812,208,147,355,
70813,191,162,353,
70815,212,143,355,
70816,194,140,334,
70817,169,129,298,
70818,214,188,402,
70819,214,146,360,
70820,230,161,391,
70821,204,163,367,
70822,226,197,423,
70823,195,176,371,
70824,214,162,376,
70825,229,152,381,
70826,234,167,401,
70827,187,148,335,
70828,176,134,310,
70829,189,160,349,
70830,210,176,386,
70831,202,152,354,
70834,198,150,348,
70836,204,175,379,
70837,192,170,362,
70838,207,174,381,
70840,198,174,372,
70843,215,167,382,
70844,27,21,48,
70845,205,161,366,
70847,209,199,408,
70848,197,167,364,
70849,194,158,352,
70850,219,176,395,
70851,229,169,398,
70853,198,187,385,
70854,202,170,372,
70855,252,185,437,
70856,196,111,307,
70857,179,179,358,
70858,247,143,390,
70859,207,175,382,
70860,183,153,336,
70862,227,152,379,
70863,197,167,364,
70864,203,149,352,
70865,210,164,374,
70866,223,155,378,
70867,200,156,356,
70868,209,178,387,
70869,55,46,101,
70870,195,143,338,
70871,223,168,391,
70872,203,154,357,
70873,184,181,365,
70874,227,171,398,
70875,179,146,325,
70876,230,169,399,
70879,211,194,405,
70880,174,182,356,
70882,230,185,415,
70883,218,162,380,
70884,215,157,372,
70885,211,167,378,
70886,208,150,358,
70887,163,127,290,
70890,200,165,365,
70891,231,172,403,
70892,204,172,376,
70894,208,158,366,
70895,226,172,398,
70896,184,170,354,
70899,211,160,371,
70900,221,182,403,
70901,28,9,37,
70902,206,168,374,
70903,216,156,372,
70905,205,167,372,
70906,232,175,407,
70907,218,177,395,
70909,234,169,403,
70910,194,146,340,
70911,49,30,79,
70914,227,177,404,
70915,191,184,375,
70918,215,153,368,
70919,210,166,376,
70920,184,156,340,
70921,226,185,411,
70922,204,168,372,
70924,221,152,373,
70926,229,173,402,
70927,38,27,65,
70928,215,177,392,
70929,211,164,375,
70931,209,179,388,
70932,236,146,382,
70933,225,169,394,
70934,201,154,355,
70936,206,143,349,
70938,225,186,411,
70940,224,160,384,
70941,199,140,339,
70942,206,184,390,
70943,215,149,364,
70945,205,158,363,
70946,223,156,379,
70947,216,141,357,
70948,237,148,385,
70949,228,176,404,
70950,217,167,384,
70951,224,152,376,
70953,195,127,322,
70954,202,167,369,
70955,234,143,377,
70957,211,157,368,
70958,216,165,381,
70959,222,167,389,
70960,198,152,350,
70961,201,168,369,
70962,191,169,360,
70963,236,196,432,
70966,205,158,363,
70968,209,176,385,
70969,221,151,372,
70970,233,174,407,
70971,202,181,383,
70972,240,163,403,
70973,207,170,377,
70974,189,151,340,
70976,31,22,53,
70978,220,132,352,
70980,229,164,393,
70981,222,160,382,
70982,18,14,32,
70983,233,168,401,
70984,194,163,357,
70985,201,168,369,
70986,219,181,400,
70988,204,155,359,
70990,192,168,360,
70992,211,151,362,
70994,192,170,362,
70996,206,162,368,
70997,217,178,395,
70998,202,164,366,
70999,194,137,331,
71001,228,178,406,
71002,226,187,413,
71003,214,160,374,
71004,36,22,58,
71005,203,170,373,
71006,189,178,367,
71007,208,164,372,
71008,191,169,360,
71009,203,180,383,
71010,210,148,358,
71011,237,148,385,
71012,196,178,374,
71013,215,146,361,
71014,220,145,365,
71016,245,159,404,
71017,213,119,332,
71018,209,152,361,
71019,191,158,349,
71020,194,165,359,
71021,195,112,307,
71022,210,167,377,
71023,215,155,370,
71024,166,172,338,
71026,197,157,354,
71027,26,27,53,
71029,220,160,380,
71030,243,154,397,
71032,214,159,373,
71033,196,158,354,
71034,203,179,382,
71035,213,151,364,
71036,211,168,379,
71037,178,170,348,
71038,230,143,373,
71039,216,170,386,
71040,34,23,57,
71041,216,136,352,
71042,202,170,372,
71043,210,141,351,
71045,192,156,348,
71046,190,194,384,
71048,221,172,393,
71052,212,167,379,
71053,222,156,378,
71054,216,183,399,
71055,227,181,408,
71056,201,180,381,
71057,199,166,365,
71062,215,171,386,
71063,199,170,369,
71064,202,177,379,
71065,202,175,377,
71066,36,26,62,
71068,215,161,376,
71069,224,169,393,
71070,227,148,375,
71071,207,146,353,
71072,195,163,358,
71073,214,137,351,
71078,198,165,363,
71079,228,148,376,
71080,171,167,338,
71081,176,152,328,
71082,197,155,352,
71083,203,157,360,
71084,238,169,407,
71085,229,161,390,
71086,212,165,377,
71087,215,148,363,
71088,220,166,386,
71089,16,23,39,
71090,224,156,380,
71094,207,148,355,
71096,201,170,371,
71098,216,150,366,
71099,204,164,368,
71100,185,166,351,
71101,206,161,367,
71102,211,160,371,
71105,208,161,369,
71106,219,155,374,
71107,197,140,337,
71109,220,167,387,
71110,208,182,390,
71112,215,158,373,
71114,182,145,327,
71116,221,139,360,
71117,212,153,365,
71118,183,149,332,
71119,198,151,349,
71121,32,17,49,
71122,224,179,403,
71123,235,162,397,
71124,227,170,397,
71125,215,159,374,
71126,231,179,410,
71129,209,165,374,
71130,224,148,372,
71131,227,162,389,
71132,227,160,387,
71134,218,158,376,
71135,200,158,358,
71136,221,150,371,
71137,201,174,375,
71138,199,156,355,
71140,239,178,417,
71141,27,34,61,
71142,216,153,369,
71143,207,132,339,
71144,202,156,358,
71145,215,176,391,
71146,211,157,368,
71147,36,32,68,
71148,207,157,364,
71150,211,169,380,
71151,19,10,29,
71152,236,157,393,
71153,200,166,366,
71154,198,157,355,
71155,218,180,398,
71157,219,174,393,
71158,167,114,281,
71159,204,158,362,
71160,217,185,402,
71161,203,170,373,
71162,224,154,378,
71164,222,174,396,
71166,204,167,371,
71168,224,152,376,
71169,192,180,372,
71170,11,7,18,
71171,211,155,366,
71173,223,165,388,
71174,227,170,397,
71175,193,173,366,
71176,223,149,372,
71177,215,149,364,
71179,213,177,390,
71181,226,165,391,
71184,240,167,407,
71185,239,173,412,
71186,215,171,386,
71187,212,178,390,
71188,197,178,375,
71189,196,167,363,
71190,223,179,402,
71191,222,152,374,
71193,221,175,396,
71194,239,160,399,
71195,192,155,347,
71196,238,166,404,
71197,185,160,345,
71198,172,165,337,
71199,222,164,386,
71200,188,163,351,
71201,209,164,373,
71202,205,154,359,
71203,210,133,343,
71206,200,144,344,
71207,189,168,357,
71208,187,153,340,
71210,218,169,387,
71212,226,158,384,
71214,210,179,389,
71215,193,160,353,
71216,213,124,337,
71218,167,160,327,
71220,209,186,395,
71221,212,169,381,
71224,222,185,407,
71226,197,148,345,
71228,208,172,380,
71229,32,28,60,
71230,201,165,366,
71231,193,153,346,
71232,194,152,346,
71233,193,118,311,
71234,223,172,395,
71235,198,158,356,
71236,234,167,401,
71237,212,145,357,
71238,217,162,379,
71240,239,153,392,
71242,208,158,366,
71243,217,159,376,
71244,199,161,360,
71245,189,163,352,
71246,222,173,395,
71247,33,22,55,
71248,208,159,367,
71249,33,15,48,
71250,221,165,386,
71251,210,164,374,
71252,194,150,344,
71253,204,155,359,
71255,208,166,374,
71256,199,164,363,
71257,187,192,379,
71259,210,155,365,
71260,221,164,385,
71262,188,165,353,
71263,204,145,349,
71265,195,173,368,
71266,204,155,359,
71268,209,176,385,
71269,211,164,375,
71271,207,196,403,
71272,228,154,382,
71273,205,151,356,
71275,222,169,391,
71278,224,150,374,
71279,219,143,362,
71281,190,157,347,
71282,179,175,354,
71283,184,136,320,
71284,217,181,398,
71285,228,174,402,
71287,235,169,404,
71288,172,162,334,
71289,224,168,392,
71290,224,171,395,
71291,205,153,358,
71292,205,163,368,
71293,199,173,372,
71294,200,159,359,
71295,195,147,342,
71297,205,174,379,
71298,229,162,391,
71299,211,159,370,
71300,189,150,339,
71301,224,170,394,
71302,177,142,319,
71304,47,27,74,
71305,165,183,348,
71306,191,164,355,
71308,226,168,394,
71309,204,170,374,
71310,214,167,381,
71312,194,157,351,
71314,188,164,352,
71315,234,178,412,
71316,224,169,393,
71318,178,169,347,
71320,205,175,380,
71321,177,149,326,
71322,185,134,319,
71323,222,156,378,
71324,204,167,371,
71325,203,132,335,
71326,186,179,365,
71327,239,178,417,
71328,174,197,371,
71329,201,163,364,
71330,240,163,403,
71332,198,165,363,
71333,208,157,365,
71334,213,174,387,
71335,193,199,392,
71336,194,179,373,
71337,233,164,397,
71339,228,148,376,
71340,222,165,387,
71341,211,170,381,
71342,207,187,394,
71343,224,162,386,
71344,218,164,382,
71345,224,170,394,
71346,141,95,236,
71348,237,149,386,
71349,185,159,344,
71351,227,174,401,
71352,198,162,360,
71354,221,148,369,
71355,219,160,379,
71356,233,145,378,
71358,224,150,374,
71360,215,183,398,
71362,192,147,339,
71363,227,156,383,
71364,198,165,363,
71365,216,162,378,
71366,212,178,390,
71367,215,156,371,
71368,223,152,375,
71369,206,188,394,
71370,186,164,350,
71372,192,159,351,
71373,216,170,386,
71375,259,160,419,
71378,212,164,376,
71380,172,141,313,
71381,212,180,392,
71382,222,180,402,
71383,240,157,397,
71385,211,171,382,
71386,226,161,387,
71387,197,162,359,
71388,236,188,424,
71390,213,154,367,
71391,208,155,363,
71392,198,147,345,
71393,211,178,389,
71394,22,17,39,
71395,213,169,382,
71396,207,164,371,
71398,152,95,247,
71399,201,171,372,
71400,217,190,407,
71403,232,175,407,
71405,210,167,377,
71406,229,156,385,
71407,27,20,47,
71408,201,176,377,
71409,201,172,373,
71410,219,159,378,
71411,212,169,381,
71412,220,179,399,
71413,217,160,377,
71415,34,30,64,
71416,211,169,380,
71417,180,159,339,
71419,214,157,371,
71421,204,144,348,
71422,209,146,355,
71423,188,155,343,
71424,208,164,372,
71425,216,150,366,
71427,200,161,361,
71428,202,143,345,
71429,203,165,368,
71431,29,16,45,
71432,19,19,38,
71433,207,169,376,
71435,182,183,365,
71436,198,160,358,
71438,217,155,372,
71440,218,163,381,
71441,239,150,389,
71442,219,189,408,
71443,28,20,48,
71444,215,166,381,
71445,192,175,367,
71446,196,160,356,
71447,197,158,355,
71448,219,147,366,
71450,222,170,392,
71451,216,175,391,
71453,196,159,355,
71454,229,139,368,
71456,214,167,381,
71458,223,156,379,
71459,210,156,366,
71460,228,159,387,
71462,215,194,409,
71463,199,161,360,
71465,225,173,398,
71466,220,164,384,
71467,191,163,354,
71468,224,154,378,
71469,223,178,401,
71470,197,168,365,
71471,216,175,391,
71472,184,185,369,
71473,218,181,399,
71474,250,166,416,
71475,204,174,378,
71477,189,172,361,
71478,243,183,426,
71479,198,137,335,
71481,192,168,360,
71483,219,171,390,
71485,208,169,377,
71486,217,156,373,
71487,4,3,7,
71488,232,153,385,
71489,200,170,370,
71490,197,158,355,
71492,203,158,361,
71493,207,176,383,
71494,189,165,354,
71495,202,181,383,
71496,205,160,365,
71498,182,174,356,
71499,48,36,84,
71501,220,170,390,
71502,202,144,346,
71504,212,187,399,
71505,210,183,393,
71506,197,153,350,
71510,216,172,388,
71512,204,158,362,
71513,223,182,405,
71514,220,169,389,
71515,200,165,365,
71518,218,178,396,
71519,216,138,354,
71522,244,183,427,
71523,207,167,374,
71527,211,190,401,
71529,210,154,364,
71531,205,147,352,
71533,209,173,382,
71534,227,160,387,
71535,189,131,320,
71536,146,123,269,
71537,223,170,393,
71538,201,161,362,
71539,185,150,335,
71540,203,166,369,
71541,215,166,381,
71542,226,140,366,
71543,231,164,395,
71544,202,156,358,
71545,178,163,341,
71548,223,169,392,
71551,180,139,319,
71552,194,178,372,
71553,204,198,402,
71554,190,157,347,
71555,194,159,353,
71557,232,155,387,
71558,224,171,395,
71559,206,185,391,
71561,232,198,430,
71563,245,166,411,
71564,192,178,370,
71565,205,151,356,
71566,214,180,394,
71567,204,185,389,
71570,210,173,383,
71571,201,186,387,
71572,195,158,353,
71573,211,179,390,
71575,202,166,368,
71577,179,173,352,
71578,227,158,385,
71579,212,142,354,
71580,224,164,388,
71581,181,153,334,
71583,185,166,351,
71584,193,158,351,
71586,208,141,349,
71588,214,159,373,
71590,228,156,384,
71591,201,176,377,
71593,193,184,377,
71594,188,162,350,
71595,31,25,56,
71597,212,174,386,
71598,222,146,368,
71599,215,146,361,
71600,211,158,369,
71602,215,181,396,
71603,196,144,340,
71605,236,171,407,
71606,229,198,427,
71607,207,166,373,
71608,209,164,373,
71611,209,177,386,
71612,209,165,374,
71613,192,139,331,
71614,211,168,379,
71615,202,166,368,
71620,237,161,398,
71621,221,179,400,
71623,217,167,384,
71624,210,168,378,
71625,206,161,367,
71627,21,20,41,
71630,216,154,370,
71631,213,139,352,
71632,213,154,367,
71633,203,162,365,
71634,254,167,421,
71635,182,148,330,
71637,197,176,373,
71638,207,162,369,
71639,225,192,417,
71640,203,165,368,
71641,222,175,397,
71642,216,180,396,
71644,196,170,366,
71645,204,164,368,
71646,181,149,330,
71647,221,161,382,
71648,202,178,380,
71649,211,187,398,
71650,220,159,379,
71651,229,162,391,
71652,218,173,391,
71654,176,137,313,
71655,213,151,364,
71657,198,157,355,
71659,136,126,262,
71660,193,166,359,
71662,184,165,349,
71663,198,177,375,
71664,222,169,391,
71665,215,141,356,
71666,222,188,410,
71668,239,137,376,
71669,241,163,404,
71670,23,14,37,
71671,2,1,3,
71672,23,18,41,
71673,216,172,388,
71674,195,159,354,
71676,200,154,354,
71677,196,166,362,
71678,214,154,368,
71679,210,159,369,
71680,242,153,395,
71684,193,153,346,
71685,125,138,263,
71686,203,156,359,
71687,203,200,403,
71689,214,185,399,
71691,211,168,379,
71692,167,171,338,
71693,213,176,389,
71694,212,170,382,
71695,213,163,376,
71696,179,182,361,
71697,210,180,390,
71698,212,178,390,
71699,216,167,383,
71700,15,11,26,
71701,199,162,361,
71702,186,184,370,
71704,226,157,383,
71705,209,178,387,
71707,194,153,347,
71708,229,144,373,
71709,38,31,69,
71711,212,163,375,
71712,230,164,394,
71713,225,155,380,
71716,232,162,394,
71717,232,145,377,
71718,213,173,386,
71721,217,177,394,
71722,195,167,362,
71723,206,162,368,
71724,158,117,275,
71725,200,159,359,
71727,181,154,335,
71728,15,14,29,
71729,195,177,372,
71730,212,160,372,
71731,199,166,365,
71733,195,176,371,
71734,206,171,377,
71735,119,101,220,
71736,232,176,408,
71737,213,171,384,
71738,203,130,333,
71739,216,155,371,
71740,203,182,385,
71741,212,174,386,
71742,216,181,397,
71744,189,195,384,
71745,237,159,396,
71746,228,146,374,
71747,226,147,373,
71748,251,163,414,
71749,220,176,396,
71751,13,8,21,
71753,204,178,382,
71755,32,14,46,
71757,262,174,436,
71758,215,156,371,
71759,199,161,360,
71760,230,144,374,
71761,20,28,48,
71762,203,157,360,
71764,224,171,395,
71765,199,163,362,
71766,218,155,373,
71767,246,154,400,
71769,32,20,52,
71770,205,189,394,
71771,157,154,311,
71772,187,171,358,
71774,23,22,45,
71776,234,157,391,
71779,29,16,45,
71780,205,172,377,
71781,201,132,333,
71783,173,145,318,
71784,214,177,391,
71785,211,170,381,
71786,195,139,334,
71788,192,176,368,
71789,206,155,361,
71790,215,170,385,
71791,209,173,382,
71793,167,135,302,
71795,211,164,375,
71796,215,176,391,
71797,188,155,343,
71798,209,150,359,
71799,227,171,398,
71800,199,172,371,
71801,224,191,415,
71802,212,165,377,
71803,217,141,358,
71804,210,159,369,
71805,216,152,368,
71806,196,162,358,
71807,158,107,265,
71809,38,19,57,
71810,210,158,368,
71812,203,173,376,
71813,247,178,425,
71815,217,151,368,
71816,228,176,404,
71817,217,163,380,
71818,24,23,47,
71820,214,158,372,
71821,24,14,38,
71822,204,173,377,
71823,213,165,378,
71824,217,156,373,
71825,217,158,375,
71826,229,183,412,
71827,205,172,377,
71828,242,186,428,
71829,185,175,360,
71830,209,172,381,
71832,196,162,358,
71834,208,144,352,
71835,237,169,406,
71837,221,149,370,
71838,222,203,425,
71839,216,159,375,
71841,232,162,394,
71843,223,183,406,
71844,213,163,376,
71845,190,179,369,
71849,178,166,344,
71850,43,40,83,
71851,221,153,374,
71852,232,173,405,
71853,53,46,99,
71854,210,171,381,
71855,229,152,381,
71856,189,182,371,
71857,222,188,410,
71858,209,174,383,
71860,192,173,365,
71861,231,158,389,
71862,187,169,356,
71863,218,179,397,
71866,212,158,370,
71867,227,163,390,
71868,202,190,392,
71869,201,165,366,
71870,210,169,379,
71871,210,165,375,
71872,211,146,357,
71873,195,140,335,
71875,162,132,294,
71876,222,158,380,
71877,224,152,376,
71878,194,157,351,
71880,248,170,418,
71881,214,169,383,
71882,229,172,401,
71883,187,167,354,
71886,201,149,350,
71887,36,27,63,
71888,215,152,367,
71890,189,186,375,
71891,205,156,361,
71893,30,24,54,
71894,197,149,346,
71895,216,172,388,
71896,234,160,394,
71898,217,177,394,
71899,190,161,351,
71900,211,170,381,
71903,196,135,331,
71904,234,188,422,
71908,141,152,293,
71909,121,103,224,
71911,206,144,350,
71912,226,147,373,
71913,235,168,403,
71914,224,137,361,
71916,211,155,366,
71918,211,181,392,
71919,207,151,358,
71921,215,159,374,
71922,188,170,358,
71923,5,4,9,
71924,33,24,57,
71925,213,151,364,
71927,227,144,371,
71929,204,161,365,
71930,198,167,365,
71931,214,158,372,
71932,211,176,387,
71933,204,150,354,
71935,198,163,361,
71937,161,144,305,
71938,215,163,378,
71939,182,163,345,
71940,25,19,44,
71941,175,161,336,
71942,201,172,373,
71943,15,11,26,
71944,199,148,347,
71945,191,182,373,
71946,189,174,363,
71948,207,169,376,
71949,217,155,372,
71950,235,180,415,
71951,201,166,367,
71952,224,169,393,
71955,204,179,383,
71956,235,177,412,
71957,179,164,343,
71958,189,160,349,
71959,187,151,338,
71960,167,138,305,
71961,219,178,397,
71962,208,148,356,
71963,163,85,248,
71964,26,19,45,
71965,39,27,66,
71966,200,165,365,
71967,214,169,383,
71969,215,170,385,
71970,227,137,364,
71971,206,158,364,
71972,236,148,384,
71974,210,154,364,
71975,197,176,373,
71976,227,163,390,
71977,220,156,376,
71978,207,154,361,
71979,165,115,280,
71980,204,157,361,
71981,209,176,385,
71983,221,155,376,
71984,212,178,390,
71985,225,185,410,
71987,217,172,389,
71988,206,181,387,
71989,212,167,379,
71990,239,148,387,
71991,197,157,354,
71992,215,172,387,
71993,210,157,367,
71994,19,13,32,
71995,195,154,349,
71997,225,154,379,
71998,200,147,347,
71999,209,145,354,
72000,14,20,34,
72001,171,132,303,
72002,205,167,372,
72003,251,171,422,
72004,226,166,392,
72005,215,134,349,
72008,6,3,9,
72009,215,182,397,
72010,232,181,413,
72011,199,166,365,
72012,217,160,377,
72013,208,168,376,
72014,255,172,427,
72016,192,165,357,
72017,224,150,374,
72018,202,157,359,
72019,208,147,355,
72020,201,189,390,
72021,190,161,351,
72022,211,175,386,
72023,203,165,368,
72024,206,173,379,
72025,196,163,359,
72026,226,173,399,
72027,191,163,354,
72028,204,162,366,
72029,13,17,30,
72030,193,181,374,
72033,227,185,412,
72034,201,163,364,
72035,227,157,384,
72037,215,154,369,
72038,12,8,20,
72040,194,180,374,
72042,209,172,381,
72043,197,169,366,
72044,202,155,357,
72045,191,157,348,
72046,46,27,73,
72047,219,163,382,
72049,210,142,352,
72050,213,159,372,
72051,16,9,25,
72052,183,124,307,
72053,225,176,401,
72054,190,151,341,
72055,183,164,347,
72057,197,156,353,
72058,192,167,359,
72059,134,97,231,
72060,241,154,395,
72061,206,159,365,
72062,224,156,380,
72063,212,159,371,
72064,216,183,399,
72066,212,157,369,
72068,216,134,350,
72070,227,163,390,
72071,199,168,367,
72072,208,173,381,
72073,233,159,392,
72075,215,176,391,
72076,195,167,362,
72077,231,143,374,
72078,223,173,396,
72079,201,153,354,
72080,220,143,363,
72081,210,184,394,
72082,190,168,358,
72083,218,180,398,
72086,206,165,371,
72087,223,174,397,
72089,232,180,412,
72090,211,163,374,
72091,193,173,366,
72093,192,176,368,
72094,192,143,335,
72095,213,157,370,
72096,228,166,394,
72097,212,166,378,
72098,210,136,346,
72100,221,158,379,
72101,216,160,376,
72102,39,46,85,
72103,219,166,385,
72104,215,178,393,
72105,216,180,396,
72106,225,169,394,
72107,198,164,362,
72108,234,175,409,
72109,220,173,393,
72110,212,171,383,
72112,238,138,376,
72113,182,165,347,
72116,216,163,379,
72117,212,159,371,
72118,30,30,60,
72119,231,142,373,
72120,216,159,375,
72121,206,137,343,
72122,231,164,395,
72123,199,117,316,
72127,160,146,306,
72129,219,155,374,
72130,213,182,395,
72131,204,169,373,
72133,228,175,403,
72135,190,186,376,
72137,35,27,62,
72139,28,32,60,
72144,207,163,370,
72147,232,171,403,
72148,200,179,379,
72149,207,165,372,
72152,222,176,398,
72154,225,152,377,
72155,198,191,389,
72156,202,165,367,
72158,239,166,405,
72159,223,171,394,
72161,209,165,374,
72162,197,175,372,
72163,214,179,393,
72164,224,194,418,
72165,208,159,367,
72167,191,165,356,
72168,199,150,349,
72169,209,140,349,
72170,209,179,388,
72171,191,176,367,
72172,201,139,340,
72173,227,163,390,
72176,212,166,378,
72177,35,38,73,
72178,34,22,56,
72180,220,179,399,
72181,200,151,351,
72182,175,176,351,
72183,203,165,368,
72184,241,169,410,
72185,213,162,375,
72187,235,152,387,
72189,209,175,384,
72191,220,157,377,
72192,186,185,371,
72193,197,163,360,
72194,199,159,358,
72195,204,168,372,
72196,207,150,357,
72197,216,160,376,
72198,227,154,381,
72199,198,164,362,
72201,214,138,352,
72202,243,147,390,
72203,209,188,397,
72204,218,172,390,
72205,196,156,352,
72206,231,203,434,
72207,226,152,378,
72208,206,167,373,
72210,209,183,392,
72212,34,17,51,
72213,199,155,354,
72214,226,165,391,
72217,200,193,393,
72218,211,164,375,
72219,187,169,356,
72220,235,172,407,
72222,202,173,375,
72223,240,171,411,
72224,243,154,397,
72226,150,138,288,
72227,42,30,72,
72228,196,188,384,
72229,192,173,365,
72231,29,24,53,
72232,200,174,374,
72234,196,180,376,
72235,233,152,385,
72236,201,192,393,
72237,216,137,353,
72238,225,156,381,
72239,205,142,347,
72240,224,162,386,
72241,199,131,330,
72242,206,159,365,
72243,216,176,392,
72244,209,165,374,
72245,209,170,379,
72246,223,159,382,
72247,196,151,347,
72248,218,183,401,
72249,202,159,361,
72250,200,154,354,
72251,201,184,385,
72252,208,173,381,
72253,195,154,349,
72254,195,158,353,
72256,188,150,338,
72258,158,137,295,
72259,20,14,34,
72260,186,197,383,
72261,217,169,386,
72262,221,172,393,
72263,228,157,385,
72264,25,18,43,
72265,190,157,347,
72266,201,152,353,
72267,220,166,386,
72268,229,164,393,
72270,209,167,376,
72271,222,169,391,
72273,222,137,359,
72274,219,135,354,
72275,212,143,355,
72276,211,137,348,
72278,228,188,416,
72280,221,189,410,
72281,222,162,384,
72282,44,28,72,
72283,38,24,62,
72284,202,176,378,
72285,196,178,374,
72287,253,156,409,
72288,220,147,367,
72289,218,185,403,
72291,163,162,325,
72292,227,160,387,
72293,192,168,360,
72294,222,159,381,
72295,10,9,19,
72296,218,171,389,
72297,224,172,396,
72298,184,169,353,
72299,202,173,375,
72301,227,168,395,
72303,211,172,383,
72304,206,166,372,
72305,214,157,371,
72306,198,152,350,
72308,204,172,376,
72309,235,162,397,
72310,220,172,392,
72311,203,196,399,
72312,215,154,369,
72313,224,165,389,
72314,188,163,351,
72315,205,153,358,
72316,208,158,366,
72317,235,183,418,
72318,204,173,377,
72319,229,171,400,
72322,214,157,371,
72323,223,164,387,
72324,227,163,390,
72325,193,186,379,
72326,246,177,423,
72327,238,171,409,
72328,166,129,295,
72329,227,141,368,
72330,222,174,396,
72331,226,153,379,
72332,221,166,387,
72334,179,159,338,
72335,210,162,372,
72336,181,169,350,
72337,222,166,388,
72339,213,160,373,
72340,220,174,394,
72341,253,153,406,
72343,220,183,403,
72345,215,165,380,
72346,201,192,393,
72347,34,26,60,
72350,199,166,365,
72351,185,188,373,
72352,222,172,394,
72353,248,154,402,
72355,241,151,392,
72356,213,162,375,
72357,206,176,382,
72358,194,166,360,
72359,205,172,377,
72361,207,173,380,
72364,204,156,360,
72365,201,161,362,
72368,196,159,355,
72369,216,157,373,
72370,215,167,382,
72371,42,37,79,
72372,16,18,34,
72373,224,155,379,
72374,207,187,394,
72375,208,144,352,
72376,224,173,397,
72377,189,186,375,
72379,238,170,408,
72380,195,173,368,
72383,227,158,385,
72385,179,119,298,
72386,222,162,384,
72387,222,156,378,
72388,247,175,422,
72389,201,170,371,
72390,220,175,395,
72391,18,21,39,
72392,227,188,415,
72393,215,158,373,
72394,232,190,422,
72395,209,151,360,
72397,229,189,418,
72398,210,169,379,
72399,209,173,382,
72400,228,189,417,
72402,208,185,393,
72403,213,158,371,
72404,200,158,358,
72405,220,166,386,
72406,222,191,413,
72407,208,198,406,
72408,228,184,412,
72409,218,159,377,
72410,228,165,393,
72413,44,27,71,
72414,207,164,371,
72415,210,156,366,
72416,202,134,336,
72418,132,131,263,
72420,192,158,350,
72421,195,175,370,
72423,200,153,353,
72424,229,162,391,
72425,212,183,395,
72426,227,151,378,
72427,210,164,374,
72428,207,162,369,
72429,213,165,378,
72430,213,166,379,
72431,216,164,380,
72432,212,162,374,
72433,206,160,366,
72435,224,156,380,
72438,222,157,379,
72439,216,174,390,
72441,212,159,371,
72442,242,153,395,
72443,10,8,18,
72446,208,150,358,
72447,187,160,347,
72448,239,129,368,
72449,208,179,387,
72450,186,164,350,
72452,196,135,331,
72453,193,152,345,
72455,199,175,374,
72456,192,164,356,
72457,238,146,384,
72458,3,8,11,
72459,209,171,380,
72461,179,188,367,
72462,203,175,378,
72465,204,152,356,
72466,214,154,368,
72467,197,161,358,
72468,232,187,419,
72469,220,161,381,
72470,27,23,50,
72471,190,151,341,
72472,200,176,376,
72473,203,164,367,
72474,213,183,396,
72476,220,161,381,
72477,219,156,375,
72478,20,26,46,
72479,195,166,361,
72480,235,170,405,
72481,195,174,369,
72482,221,160,381,
72483,240,139,379,
72484,224,165,389,
72485,222,169,391,
72486,227,166,393,
72487,201,158,359,
72488,229,142,371,
72491,202,196,398,
72492,216,164,380,
72494,188,179,367,
72495,5,9,14,
72496,205,155,360,
72497,194,178,372,
72499,199,173,372,
72500,220,151,371,
72501,214,177,391,
72503,33,23,56,
72506,15,17,32,
72508,208,165,373,
72510,24,14,38,
72511,11,12,23,
72512,11,8,19,
72513,185,156,341,
72514,218,168,386,
72515,213,163,376,
72517,203,172,375,
72518,210,164,374,
72519,168,183,351,
72520,193,168,361,
72523,191,148,339,
72524,204,179,383,
72525,208,151,359,
72526,34,30,64,
72527,201,158,359,
72528,198,190,388,
72529,205,172,377,
72532,228,153,381,
72533,207,188,395,
72534,218,164,382,
72535,212,140,352,
72536,242,162,404,
72538,230,173,403,
72539,214,174,388,
72541,198,172,370,
72543,204,156,360,
72544,218,167,385,
72545,224,181,405,
72547,219,169,388,
72548,234,189,423,
72551,147,187,334,
72552,208,157,365,
72553,193,170,363,
72554,29,16,45,
72555,192,179,371,
72556,209,153,362,
72558,203,159,362,
72559,207,158,365,
72560,209,156,365,
72561,189,129,318,
72562,218,155,373,
72563,196,153,349,
72564,189,156,345,
72565,200,177,377,
72566,226,164,390,
72568,23,34,57,
72569,245,186,431,
72570,182,161,343,
72571,196,178,374,
72572,223,159,382,
72573,196,179,375,
72576,218,139,357,
72578,40,33,73,
72579,213,176,389,
72581,192,150,342,
72582,175,201,376,
72583,236,164,400,
72584,190,168,358,
72585,157,134,291,
72586,145,129,274,
72587,223,161,384,
72588,213,174,387,
72590,220,153,373,
72591,199,167,366,
72592,155,120,275,
72593,226,167,393,
72594,227,169,396,
72595,217,170,387,
72597,37,28,65,
72598,198,141,339,
72600,227,164,391,
72601,229,154,383,
72602,226,154,380,
72603,204,154,358,
72604,209,171,380,
72605,215,186,401,
72606,226,168,394,
72607,219,161,380,
72608,208,168,376,
72609,43,29,72,
72610,238,187,425,
72612,33,30,63,
72614,204,172,376,
72615,217,145,362,
72617,222,149,371,
72618,223,152,375,
72619,223,166,389,
72622,205,171,376,
72623,231,160,391,
72624,238,172,410,
72625,214,188,402,
72626,196,184,380,
72627,201,148,349,
72628,114,83,197,
72629,23,27,50,
72631,179,152,331,
72633,204,162,366,
72634,235,171,406,
72635,220,126,346,
72636,201,157,358,
72637,205,156,361,
72638,231,172,403,
72640,233,189,422,
72641,190,172,362,
72643,231,161,392,
72646,175,161,336,
72647,215,167,382,
72648,224,169,393,
72649,217,138,355,
72650,214,147,361,
72651,200,178,378,
72652,185,148,333,
72653,219,173,392,
72655,193,133,326,
72657,191,172,363,
72659,5,2,7,
72661,192,156,348,
72663,198,155,353,
72664,198,193,391,
72665,202,142,344,
72668,205,157,362,
72669,223,165,388,
72670,190,164,354,
72672,212,157,369,
72673,164,161,325,
72674,16,20,36,
72675,182,168,350,
72676,204,166,370,
72677,201,163,364,
72679,22,20,42,
72680,207,140,347,
72681,227,190,417,
72683,21,26,47,
72684,206,201,407,
72685,200,155,355,
72686,198,175,373,
72687,238,156,394,
72688,201,142,343,
72690,207,173,380,
72691,195,177,372,
72693,212,175,387,
72694,176,134,310,
72695,235,169,404,
72696,193,148,341,
72697,202,158,360,
72698,194,174,368,
72699,195,163,358,
72702,234,146,380,
72703,227,173,400,
72704,218,151,369,
72705,207,204,411,
72706,208,163,371,
72707,223,153,376,
72708,197,150,347,
72709,207,166,373,
72710,191,164,355,
72711,192,147,339,
72712,5,7,12,
72714,203,160,363,
72715,212,186,398,
72716,161,123,284,
72717,190,162,352,
72718,15,18,33,
72719,225,158,383,
72720,227,173,400,
72722,198,174,372,
72723,208,155,363,
72724,175,149,324,
72726,181,187,368,
72727,218,161,379,
72728,219,177,396,
72729,231,171,402,
72730,202,176,378,
72732,204,150,354,
72733,208,177,385,
72737,213,168,381,
72738,202,176,378,
72739,209,196,405,
72741,186,146,332,
72742,214,178,392,
72743,176,147,323,
72744,217,171,388,
72746,220,163,383,
72747,205,158,363,
72748,215,168,383,
72749,201,167,368,
72750,217,151,368,
72751,214,162,376,
72754,207,155,362,
72755,201,192,393,
72757,176,161,337,
72758,227,159,386,
72760,197,197,394,
72761,212,196,408,
72762,183,158,341,
72763,209,176,385,
72765,214,184,398,
72767,197,163,360,
72768,210,165,375,
72769,205,193,398,
72770,229,150,379,
72771,193,153,346,
72774,218,166,384,
72776,224,155,379,
72778,200,189,389,
72779,206,161,367,
72780,194,178,372,
72781,184,161,345,
72782,229,157,386,
72784,212,146,358,
72785,208,179,387,
72787,199,170,369,
72790,185,215,400,
72791,198,152,350,
72792,214,157,371,
72793,228,177,405,
72794,214,172,386,
72795,213,177,390,
72796,221,188,409,
72797,218,173,391,
72798,236,148,384,
72799,198,158,356,
72800,156,133,289,
72801,195,177,372,
72802,213,167,380,
72804,200,181,381,
72805,220,176,396,
72806,199,171,370,
72807,178,141,319,
72809,249,152,401,
72810,213,170,383,
72812,210,177,387,
72813,219,171,390,
72814,189,171,360,
72815,186,158,344,
72817,165,111,276,
72818,220,188,408,
72820,21,18,39,
72821,207,160,367,
72822,215,166,381,
72823,218,182,400,
72824,32,22,54,
72825,219,166,385,
72826,215,145,360,
72827,184,171,355,
72828,210,157,367,
72829,234,159,393,
72831,215,166,381,
72832,201,161,362,
72833,193,157,350,
72834,163,124,287,
72835,214,172,386,
72837,200,161,361,
72838,229,165,394,
72839,203,177,380,
72840,218,162,380,
72841,185,175,360,
72842,187,157,344,
72843,220,147,367,
72844,194,155,349,
72845,234,141,375,
72846,206,163,369,
72847,222,183,405,
72848,212,165,377,
72849,195,139,334,
72851,220,185,405,
72853,220,157,377,
72854,216,192,408,
72855,230,164,394,
72856,201,172,373,
72857,230,171,401,
72859,209,166,375,
72860,195,175,370,
72861,207,176,383,
72862,224,153,377,
72864,245,173,418,
72865,201,138,339,
72866,251,194,445,
72868,188,162,350,
72869,204,156,360,
72871,201,166,367,
72872,224,160,384,
72873,203,167,370,
72874,184,147,331,
72875,179,175,354,
72877,204,142,346,
72878,204,175,379,
72879,220,134,354,
72880,207,165,372,
72883,223,159,382,
72884,206,164,370,
72885,233,165,398,
72886,218,179,397,
72888,198,174,372,
72889,222,150,372,
72890,60,38,98,
72891,186,160,346,
72892,224,152,376,
72894,197,155,352,
72895,220,152,372,
72896,209,189,398,
72897,195,179,374,
72898,237,136,373,
72899,205,141,346,
72901,226,150,376,
72902,202,143,345,
72903,38,32,70,
72904,213,170,383,
72905,223,157,380,
72906,216,169,385,
72907,210,158,368,
72909,201,171,372,
72910,217,139,356,
72911,220,152,372,
72912,213,173,386,
72913,211,172,383,
72915,176,161,337,
72916,233,165,398,
72917,232,182,414,
72919,209,171,380,
72920,205,171,376,
72921,208,174,382,
72923,226,180,406,
72924,56,30,86,
72925,230,159,389,
72926,203,182,385,
72927,18,14,32,
72928,224,163,387,
72929,211,168,379,
72930,217,148,365,
72931,219,167,386,
72935,216,175,391,
72936,179,167,346,
72938,25,11,36,
72939,214,142,356,
72940,215,158,373,
72942,225,165,390,
72944,215,165,380,
72945,195,139,334,
72946,219,140,359,
72947,205,150,355,
72949,184,174,358,
72950,188,175,363,
72952,207,141,348,
72955,219,184,403,
72956,215,169,384,
72957,197,149,346,
72958,200,157,357,
72959,223,153,376,
72961,209,165,374,
72962,200,142,342,
72963,218,187,405,
72964,217,172,389,
72965,207,158,365,
72966,217,191,408,
72967,30,23,53,
72968,222,165,387,
72969,214,184,398,
72970,226,155,381,
72971,200,164,364,
72973,227,139,366,
72974,209,174,383,
72975,208,146,354,
72976,197,155,352,
72979,212,164,376,
72980,220,160,380,
72981,195,164,359,
72982,146,137,283,
72983,203,163,366,
72985,187,174,361,
72986,104,81,185,
72987,202,171,373,
72989,208,144,352,
72991,197,165,362,
72992,207,174,381,
72994,219,169,388,
72995,236,189,425,
72997,228,156,384,
72999,203,170,373,
73001,182,158,340,
73002,223,174,397,
73003,190,182,372,
73004,216,187,403,
73006,203,176,379,
73007,224,173,397,
73008,208,141,349,
73009,182,146,328,
73010,202,154,356,
73011,41,19,60,
73012,215,174,389,
73013,24,25,49,
73015,203,147,350,
73016,209,143,352,
73017,207,202,409,
73018,178,99,277,
73019,202,181,383,
73020,208,157,365,
73022,248,165,413,
73023,212,154,366,
73026,233,178,411,
73029,193,153,346,
73030,191,153,344,
73031,219,153,372,
73032,216,152,368,
73033,225,155,380,
73034,227,191,418,
73036,236,157,393,
73038,226,168,394,
73040,197,148,345,
73041,214,154,368,
73042,195,186,381,
73043,180,145,325,
73044,200,148,348,
73045,226,160,386,
73046,192,199,391,
73047,232,140,372,
73048,199,182,381,
73049,209,146,355,
73050,187,206,393,
73051,224,131,355,
73052,183,172,355,
73053,228,163,391,
73054,189,186,375,
73056,226,168,394,
73058,218,161,379,
73059,208,183,391,
73060,240,178,418,
73061,200,146,346,
73062,206,171,377,
73064,219,155,374,
73065,179,123,302,
73066,185,168,353,
73067,224,165,389,
73068,235,172,407,
73069,200,117,317,
73070,194,187,381,
73071,229,154,383,
73072,204,181,385,
73073,212,150,362,
73076,194,185,379,
73078,191,141,332,
73079,169,177,346,
73080,210,165,375,
73081,192,155,347,
73082,200,140,340,
73083,213,185,398,
73084,220,184,404,
73085,218,151,369,
73086,201,154,355,
73087,222,174,396,
73088,218,166,384,
73089,207,194,401,
73090,214,141,355,
73091,232,152,384,
73092,217,148,365,
73093,211,128,339,
73094,190,174,364,
73096,172,140,312,
73099,190,172,362,
73100,211,162,373,
73101,234,180,414,
73102,177,168,345,
73105,209,160,369,
73107,48,44,92,
73108,223,147,370,
73111,190,119,309,
73112,216,177,393,
73113,192,154,346,
73114,215,155,370,
73115,194,166,360,
73116,53,42,95,
73117,229,152,381,
73118,207,168,375,
73119,220,152,372,
73120,208,184,392,
73121,199,157,356,
73122,210,180,390,
73124,187,147,334,
73127,193,158,351,
73128,27,18,45,
73130,23,25,48,
73131,214,190,404,
73132,219,176,395,
73133,207,178,385,
73134,219,158,377,
73135,141,124,265,
73136,224,156,380,
73137,208,173,381,
73138,224,173,397,
73140,148,113,261,
73141,218,187,405,
73142,199,121,320,
73143,206,158,364,
73144,211,175,386,
73145,211,157,368,
73146,41,21,62,
73147,186,172,358,
73148,242,183,425,
73149,195,173,368,
73150,221,148,369,
73151,199,125,324,
73152,211,153,364,
73154,203,154,357,
73155,206,171,377,
73156,222,181,403,
73157,213,179,392,
73158,11,10,21,
73159,12,6,18,
73164,199,165,364,
73165,192,165,357,
73166,215,174,389,
73172,196,161,357,
73173,194,168,362,
73174,238,159,397,
73175,16,14,30,
73176,213,151,364,
73178,194,172,366,
73179,214,165,379,
73180,239,169,408,
73181,206,168,374,
73182,222,162,384,
73183,200,171,371,
73184,171,124,295,
73186,261,166,427,
73187,61,40,101,
73189,183,174,357,
73190,225,174,399,
73191,209,136,345,
73192,217,159,376,
73193,232,149,381,
73194,208,161,369,
73196,209,173,382,
73197,218,155,373,
73198,223,184,407,
73200,226,151,377,
73201,202,153,355,
73202,240,133,373,
73203,205,171,376,
73205,227,145,372,
73206,223,176,399,
73207,192,174,366,
73209,205,153,358,
73210,235,159,394,
73211,193,169,362,
73212,195,167,362,
73214,196,165,361,
73215,211,173,384,
73216,191,143,334,
73217,213,173,386,
73218,235,179,414,
73219,226,186,412,
73221,232,165,397,
73223,215,162,377,
73224,196,166,362,
73226,214,187,401,
73229,211,165,376,
73230,198,170,368,
73232,199,166,365,
73233,39,28,67,
73234,218,154,372,
73237,225,174,399,
73238,243,152,395,
73240,222,159,381,
73242,186,167,353,
73244,211,174,385,
73245,196,186,382,
73246,213,174,387,
73247,237,182,419,
73249,212,160,372,
73250,226,155,381,
73251,193,183,376,
73252,220,155,375,
73253,218,180,398,
73255,205,154,359,
73256,188,164,352,
73258,10,6,16,
73259,197,160,357,
73260,226,159,385,
73261,210,147,357,
73262,204,176,380,
73263,200,177,377,
73265,214,178,392,
73266,194,169,363,
73267,187,155,342,
73269,210,190,400,
73270,27,19,46,
73271,218,186,404,
73272,233,173,406,
73273,223,165,388,
73274,203,148,351,
73275,218,173,391,
73276,196,166,362,
73280,189,143,332,
73282,198,179,377,
73283,202,159,361,
73284,212,154,366,
73285,210,198,408,
73287,221,184,405,
73288,13,6,19,
73289,238,157,395,
73290,210,171,381,
73291,201,173,374,
73292,209,153,362,
73293,221,171,392,
73294,185,201,386,
73295,199,171,370,
73296,203,161,364,
73297,219,164,383,
73299,164,137,301,
73300,197,167,364,
73301,223,174,397,
73303,209,159,368,
73304,222,166,388,
73305,192,177,369,
73306,188,160,348,
73307,203,164,367,
73308,218,149,367,
73309,36,34,70,
73310,226,171,397,
73312,239,161,400,
73314,216,179,395,
73317,190,162,352,
73318,151,126,277,
73319,176,171,347,
73321,216,160,376,
73322,192,163,355,
73323,210,172,382,
73324,194,117,311,
73325,197,163,360,
73326,194,151,345,
73327,192,174,366,
73328,227,167,394,
73330,202,156,358,
73331,225,146,371,
73333,208,165,373,
73334,208,139,347,
73335,195,150,345,
73336,30,19,49,
73337,210,165,375,
73338,205,177,382,
73339,227,184,411,
73340,228,170,398,
73341,203,159,362,
73342,201,195,396,
73344,231,172,403,
73345,232,151,383,
73346,225,161,386,
73348,183,145,328,
73350,214,189,403,
73351,27,16,43,
73353,231,159,390,
73354,207,148,355,
73355,222,163,385,
73356,194,156,350,
73357,224,161,385,
73358,215,152,367,
73359,227,177,404,
73360,211,157,368,
73361,204,175,379,
73363,208,185,393,
73364,12,14,26,
73368,17,24,41,
73369,222,165,387,
73370,181,112,293,
73371,227,166,393,
73372,200,184,384,
73373,26,14,40,
73375,3,7,10,
73376,226,148,374,
73378,202,161,363,
73379,210,156,366,
73380,220,156,376,
73381,209,157,366,
73382,219,162,381,
73383,208,170,378,
73385,27,27,54,
73386,211,180,391,
73387,226,157,383,
73388,213,165,378,
73389,216,154,370,
73390,191,154,345,
73391,201,180,381,
73392,194,160,354,
73393,216,172,388,
73394,220,170,390,
73395,181,144,325,
73396,201,187,388,
73397,239,173,412,
73398,221,165,386,
73399,183,176,359,
73401,212,164,376,
73402,208,165,373,
73403,191,185,376,
73404,212,171,383,
73405,170,156,326,
73406,193,160,353,
73408,202,162,364,
73409,201,163,364,
73411,192,159,351,
73412,216,175,391,
73414,222,176,398,
73416,228,145,373,
73417,205,143,348,
73419,205,162,367,
73420,250,149,399,
73421,224,185,409,
73422,201,172,373,
73423,210,149,359,
73424,204,180,384,
73425,194,173,367,
73426,209,173,382,
73427,235,176,411,
73428,220,137,357,
73430,217,180,397,
73431,226,155,381,
73433,177,129,306,
73434,195,186,381,
73436,187,157,344,
73437,240,177,417,
73438,214,151,365,
73439,213,137,350,
73444,211,206,417,
73445,233,156,389,
73446,191,156,347,
73447,193,154,347,
73451,217,190,407,
73452,212,206,418,
73453,214,149,363,
73455,230,162,392,
73456,221,159,380,
73457,195,160,355,
73458,216,148,364,
73459,233,177,410,
73461,222,158,380,
73462,206,149,355,
73463,185,165,350,
73464,18,12,30,
73465,175,148,323,
73466,170,146,316,
73470,193,159,352,
73471,222,184,406,
73472,238,142,380,
73473,235,172,407,
73474,209,157,366,
73475,223,156,379,
73476,193,163,356,
73477,204,170,374,
73478,224,179,403,
73479,227,166,393,
73480,25,27,52,
73481,152,129,281,
73482,184,164,348,
73486,209,171,380,
73487,199,168,367,
73488,180,151,331,
73489,208,176,384,
73490,202,173,375,
73491,216,185,401,
73492,177,156,333,
73493,221,166,387,
73494,203,166,369,
73495,198,171,369,
73496,190,136,326,
73497,185,155,340,
73498,216,179,395,
73499,10,3,13,
73500,203,160,363,
73501,209,182,391,
73502,207,178,385,
73503,217,149,366,
73505,211,160,371,
73506,224,172,396,
73507,23,21,44,
73508,207,167,374,
73510,226,161,387,
73511,21,25,46,
73512,235,171,406,
73513,202,170,372,
73514,195,158,353,
73516,221,153,374,
73518,191,173,364,
73519,195,188,383,
73520,240,193,433,
73521,190,146,336,
73522,199,171,370,
73523,220,171,391,
73524,224,158,382,
73525,221,152,373,
73526,245,154,399,
73527,211,166,377,
73528,227,182,409,
73529,15,9,24,
73530,205,161,366,
73531,197,185,382,
73532,236,162,398,
73533,197,159,356,
73535,216,175,391,
73537,205,176,381,
73538,221,184,405,
73539,224,172,396,
73541,196,146,342,
73543,201,141,342,
73544,227,161,388,
73545,234,172,406,
73546,205,151,356,
73547,207,160,367,
73548,229,156,385,
73549,199,178,377,
73553,210,176,386,
73554,230,156,386,
73555,201,185,386,
73557,200,177,377,
73558,206,155,361,
73559,12,12,24,
73560,206,162,368,
73561,202,176,378,
73564,2,2,4,
73565,227,165,392,
73567,217,168,385,
73568,234,157,391,
73569,198,163,361,
73570,201,176,377,
73572,221,157,378,
73573,205,144,349,
73574,220,179,399,
73575,226,167,393,
73578,218,163,381,
73579,219,167,386,
73581,247,151,398,
73582,204,168,372,
73583,213,184,397,
73584,223,175,398,
73585,196,163,359,
73586,176,173,349,
73587,217,174,391,
73588,236,180,416,
73590,185,164,349,
73592,183,158,341,
73593,191,201,392,
73597,166,165,331,
73599,213,184,397,
73600,194,194,388,
73601,198,176,374,
73602,218,166,384,
73603,215,149,364,
73604,200,169,369,
73605,222,158,380,
73606,222,150,372,
73608,200,141,341,
73609,190,179,369,
73610,181,154,335,
73611,187,135,322,
73612,177,181,358,
73613,200,181,381,
73614,209,162,371,
73615,210,134,344,
73616,37,29,66,
73617,203,156,359,
73618,200,162,362,
73619,193,168,361,
73621,196,166,362,
73622,238,164,402,
73624,200,168,368,
73626,192,169,361,
73627,218,163,381,
73628,186,135,321,
73629,209,137,346,
73630,192,183,375,
73632,225,151,376,
73633,200,161,361,
73637,196,180,376,
73638,213,181,394,
73639,222,162,384,
73640,202,149,351,
73641,224,141,365,
73642,211,169,380,
73643,203,162,365,
73644,211,175,386,
73647,212,157,369,
73648,203,171,374,
73649,204,166,370,
73650,212,167,379,
73652,204,146,350,
73653,218,185,403,
73655,212,159,371,
73656,201,198,399,
73658,229,153,382,
73659,127,118,245,
73661,201,186,387,
73665,212,159,371,
73666,213,166,379,
73668,236,186,422,
73669,224,155,379,
73670,186,150,336,
73672,185,130,315,
73673,204,163,367,
73674,221,150,371,
73675,208,168,376,
73676,199,171,370,
73678,245,152,397,
73679,231,171,402,
73682,248,176,424,
73683,227,192,419,
73684,222,190,412,
73685,170,151,321,
73686,197,159,356,
73687,219,169,388,
73688,217,161,378,
73690,206,147,353,
73692,238,155,393,
73693,233,165,398,
73694,208,151,359,
73696,192,173,365,
73697,5,2,7,
73698,226,169,395,
73699,212,165,377,
73700,215,181,396,
73701,127,111,238,
73702,214,170,384,
73703,224,140,364,
73706,197,172,369,
73707,185,160,345,
73708,254,146,400,
73709,27,28,55,
73710,202,177,379,
73711,179,135,314,
73712,211,163,374,
73713,208,175,383,
73714,224,175,399,
73715,206,168,374,
73716,208,156,364,
73718,19,23,42,
73719,195,140,335,
73720,20,17,37,
73721,207,166,373,
73723,203,172,375,
73724,201,142,343,
73726,206,155,361,
73727,241,149,390,
73728,199,163,362,
73729,209,163,372,
73730,212,150,362,
73731,204,159,363,
73732,215,155,370,
73734,236,181,417,
73736,194,156,350,
73738,231,172,403,
73739,224,192,416,
73740,222,168,390,
73741,215,170,385,
73742,196,168,364,
73743,226,159,385,
73744,213,173,386,
73745,216,169,385,
73747,234,170,404,
73749,223,157,380,
73750,229,163,392,
73752,225,179,404,
73753,227,171,398,
73754,165,147,312,
73755,49,42,91,
73757,230,160,390,
73758,240,152,392,
73760,226,129,355,
73762,209,164,373,
73763,203,170,373,
73765,188,149,337,
73766,214,159,373,
73767,210,180,390,
73768,15,12,27,
73769,212,180,392,
73770,202,155,357,
73771,193,159,352,
73772,197,174,371,
73773,32,30,62,
73774,195,161,356,
73775,191,134,325,
73776,206,176,382,
73777,218,181,399,
73778,236,182,418,
73780,155,138,293,
73781,214,144,358,
73783,142,119,261,
73784,228,177,405,
73785,233,157,390,
73787,246,176,422,
73788,191,135,326,
73789,195,150,345,
73790,218,163,381,
73791,215,155,370,
73792,220,154,374,
73793,217,181,398,
73794,212,163,375,
73796,206,166,372,
73798,216,188,404,
73800,230,157,387,
73801,187,147,334,
73802,246,158,404,
73803,217,185,402,
73805,214,162,376,
73806,230,148,378,
73808,216,167,383,
73810,194,172,366,
73811,226,166,392,
73812,221,182,403,
73814,204,170,374,
73815,203,163,366,
73816,215,178,393,
73818,218,147,365,
73822,208,154,362,
73823,37,17,54,
73824,206,139,345,
73825,226,161,387,
73826,219,190,409,
73828,218,189,407,
73829,201,168,369,
73830,208,148,356,
73831,189,194,383,
73832,224,160,384,
73833,214,148,362,
73834,220,174,394,
73836,207,128,335,
73838,204,156,360,
73839,225,163,388,
73840,214,158,372,
73841,197,180,377,
73842,221,188,409,
73843,190,147,337,
73845,200,173,373,
73847,227,185,412,
73849,216,184,400,
73850,213,160,373,
73852,208,161,369,
73853,215,190,405,
73854,218,162,380,
73855,185,159,344,
73856,209,148,357,
73859,220,189,409,
73860,169,174,343,
73861,192,171,363,
73862,218,167,385,
73863,227,148,375,
73864,194,159,353,
73865,231,175,406,
73866,180,116,296,
73869,204,159,363,
73870,215,134,349,
73871,210,205,415,
73872,237,171,408,
73874,223,160,383,
73875,188,172,360,
73876,49,38,87,
73877,189,200,389,
73878,223,152,375,
73879,204,147,351,
73880,204,168,372,
73881,22,15,37,
73882,220,181,401,
73883,223,171,394,
73884,220,158,378,
73885,205,163,368,
73887,210,164,374,
73888,197,195,392,
73889,195,163,358,
73891,219,189,408,
73894,205,132,337,
73895,213,154,367,
73896,207,157,364,
73897,216,169,385,
73898,188,164,352,
73899,184,151,335,
73900,183,179,362,
73901,178,161,339,
73902,219,139,358,
73903,206,161,367,
73905,225,177,402,
73906,205,157,362,
73907,238,192,430,
73908,241,165,406,
73909,195,198,393,
73910,197,137,334,
73912,197,180,377,
73913,211,171,382,
73914,199,169,368,
73915,197,143,340,
73916,227,168,395,
73918,220,129,349,
73919,187,171,358,
73920,182,152,334,
73921,235,168,403,
73922,219,158,377,
73923,238,152,390,
73925,212,172,384,
73926,202,192,394,
73927,212,150,362,
73928,17,7,24,
73930,189,165,354,
73932,231,145,376,
73933,207,161,368,
73934,241,156,397,
73936,188,167,355,
73937,227,153,380,
73938,198,161,359,
73940,211,183,394,
73941,225,148,373,
73942,198,147,345,
73943,221,167,388,
73944,233,211,444,
73945,209,179,388,
73946,222,154,376,
73947,199,162,361,
73949,190,164,354,
73950,32,21,53,
73951,198,161,359,
73952,12,15,27,
73954,216,172,388,
73955,230,159,389,
73956,206,146,352,
73957,218,165,383,
73958,19,19,38,
73959,237,172,409,
73960,208,170,378,
73961,197,158,355,
73963,201,160,361,
73964,232,159,391,
73965,205,185,390,
73966,4,2,6,
73967,215,159,374,
73968,194,154,348,
73969,207,178,385,
73970,206,172,378,
73971,188,159,347,
73972,217,164,381,
73973,201,176,377,
73974,189,163,352,
73975,221,165,386,
73976,175,151,326,
73977,219,154,373,
73978,218,177,395,
73979,207,158,365,
73981,197,152,349,
73982,240,182,422,
73984,190,150,340,
73985,218,173,391,
73986,208,166,374,
73987,218,163,381,
73988,174,164,338,
73989,204,156,360,
73991,183,151,334,
73992,195,168,363,
73994,227,177,404,
73995,205,164,369,
73996,192,146,338,
73998,233,161,394,
73999,178,173,351,
74000,231,160,391,
74001,209,184,393,
74002,202,139,341,
74003,207,175,382,
74005,182,157,339,
74006,201,157,358,
74007,226,166,392,
74008,214,168,382,
74010,203,163,366,
74013,204,175,379,
74014,192,154,346,
74015,219,143,362,
74016,241,157,398,
74017,44,34,78,
74018,185,162,347,
74019,197,157,354,
74021,206,169,375,
74022,219,187,406,
74024,206,164,370,
74025,213,182,395,
74027,201,178,379,
74029,229,155,384,
74031,227,176,403,
74032,218,150,368,
74033,202,164,366,
74036,226,156,382,
74038,198,163,361,
74040,185,144,329,
74042,214,169,383,
74044,231,145,376,
74045,220,142,362,
74046,203,172,375,
74047,196,163,359,
74049,203,159,362,
74050,234,167,401,
74051,210,145,355,
74052,195,174,369,
74054,209,163,372,
74055,202,152,354,
74056,205,135,340,
74058,209,150,359,
74059,216,137,353,
74060,204,152,356,
74061,212,169,381,
74062,19,12,31,
74064,219,147,366,
74066,207,167,374,
74067,220,152,372,
74068,180,160,340,
74069,215,175,390,
74070,242,164,406,
74071,200,145,345,
74072,222,161,383,
74073,17,13,30,
74074,205,194,399,
74076,166,130,296,
74077,184,157,341,
74078,186,175,361,
74080,175,120,295,
74081,196,186,382,
74082,207,165,372,
74083,213,169,382,
74084,212,176,388,
74085,206,148,354,
74086,185,151,336,
74087,213,163,376,
74088,232,161,393,
74090,188,180,368,
74091,190,161,351,
74092,11,9,20,
74094,236,158,394,
74095,239,175,414,
74096,211,153,364,
74098,221,174,395,
74099,214,160,374,
74100,226,158,384,
74101,229,144,373,
74102,232,177,409,
74103,210,150,360,
74104,219,136,355,
74105,187,182,369,
74106,180,152,332,
74107,211,176,387,
74108,166,128,294,
74109,194,175,369,
74110,188,167,355,
74111,217,157,374,
74112,238,163,401,
74113,212,160,372,
74114,186,165,351,
74115,19,11,30,
74116,213,132,345,
74117,195,155,350,
74118,223,170,393,
74119,218,146,364,
74122,222,159,381,
74124,211,158,369,
74125,208,179,387,
74126,237,168,405,
74127,181,170,351,
74128,219,169,388,
74129,226,175,401,
74131,198,149,347,
74133,186,192,378,
74135,212,157,369,
74139,187,158,345,
74142,220,162,382,
74143,221,187,408,
74146,213,162,375,
74147,207,150,357,
74148,217,172,389,
74149,192,173,365,
74150,185,150,335,
74153,213,144,357,
74156,206,147,353,
74158,214,194,408,
74159,235,183,418,
74161,197,188,385,
74162,220,163,383,
74163,207,154,361,
74165,206,142,348,
74166,27,27,54,
74168,225,174,399,
74170,198,166,364,
74171,221,157,378,
74172,187,121,308,
74174,211,170,381,
74175,189,153,342,
74177,189,157,346,
74179,186,153,339,
74180,208,167,375,
74182,193,159,352,
74183,185,147,332,
74184,215,175,390,
74185,234,175,409,
74186,214,158,372,
74187,231,200,431,
74188,195,174,369,
74190,218,180,398,
74191,214,136,350,
74195,208,169,377,
74196,209,161,370,
74197,200,162,362,
74198,216,174,390,
74199,200,146,346,
74200,226,186,412,
74201,207,143,350,
74202,229,161,390,
74203,210,141,351,
74204,209,160,369,
74205,187,150,337,
74206,199,180,379,
74207,208,141,349,
74208,196,140,336,
74209,206,170,376,
74210,202,157,359,
74211,192,172,364,
74212,238,152,390,
74213,218,153,371,
74214,239,173,412,
74216,200,181,381,
74217,193,163,356,
74218,223,157,380,
74219,202,144,346,
74220,192,190,382,
74221,194,159,353,
74222,218,195,413,
74223,173,164,337,
74224,205,157,362,
74225,227,162,389,
74226,240,166,406,
74227,38,31,69,
74228,237,163,400,
74230,193,143,336,
74231,179,182,361,
74232,224,185,409,
74233,196,171,367,
74235,218,167,385,
74236,11,8,19,
74237,211,160,371,
74238,205,165,370,
74239,191,165,356,
74242,224,145,369,
74243,203,166,369,
74244,158,151,309,
74245,236,151,387,
74246,185,159,344,
74248,185,157,342,
74249,216,169,385,
74250,201,178,379,
74251,198,138,336,
74254,35,41,76,
74255,217,159,376,
74256,162,159,321,
74257,247,151,398,
74258,199,190,389,
74259,204,167,371,
74260,191,168,359,
74261,208,169,377,
74262,175,163,338,
74263,204,165,369,
74264,210,161,371,
74265,220,168,388,
74266,41,26,67,
74268,214,179,393,
74269,209,127,336,
74270,202,165,367,
74271,208,175,383,
74272,205,163,368,
74273,200,163,363,
74275,197,158,355,
74276,217,177,394,
74277,215,145,360,
74278,220,157,377,
74279,187,165,352,
74280,7,6,13,
74282,235,163,398,
74284,209,167,376,
74285,237,160,397,
74286,192,170,362,
74287,247,163,410,
74288,225,147,372,
74289,16,16,32,
74291,218,186,404,
74296,220,172,392,
74297,103,79,182,
74298,226,181,407,
74300,200,157,357,
74301,227,164,391,
74302,207,150,357,
74303,221,161,382,
74304,225,174,399,
74305,228,154,382,
74306,211,148,359,
74310,216,195,411,
74311,217,172,389,
74312,233,161,394,
74313,194,191,385,
74314,203,171,374,
74315,175,174,349,
74316,223,154,377,
74317,210,151,361,
74318,234,146,380,
74319,221,146,367,
74320,211,165,376,
74321,221,182,403,
74322,203,148,351,
74323,186,149,335,
74324,223,164,387,
74325,224,155,379,
74326,214,153,367,
74327,199,148,347,
74328,172,159,331,
74329,197,154,351,
74331,217,159,376,
74332,241,176,417,
74333,166,179,345,
74334,7,5,12,
74335,19,12,31,
74336,219,175,394,
74337,203,150,353,
74340,216,175,391,
74341,204,163,367,
74343,180,186,366,
74344,202,156,358,
74345,192,141,333,
74347,219,169,388,
74349,189,169,358,
74350,225,170,395,
74352,203,163,366,
74353,200,184,384,
74354,211,155,366,
74355,239,172,411,
74358,212,174,386,
74359,191,179,370,
74360,216,141,357,
74362,186,165,351,
74363,222,162,384,
74364,224,147,371,
74365,185,166,351,
74366,206,155,361,
74367,197,157,354,
74369,204,156,360,
74370,190,154,344,
74371,204,190,394,
74372,225,151,376,
74375,212,196,408,
74376,174,139,313,
74378,211,153,364,
74379,211,167,378,
74380,227,157,384,
74382,200,186,386,
74384,171,160,331,
74387,220,147,367,
74388,210,170,380,
74389,226,149,375,
74390,182,178,360,
74391,204,149,353,
74392,189,182,371,
74393,241,146,387,
74394,212,160,372,
74395,200,166,366,
74396,205,171,376,
74397,172,154,326,
74398,164,118,282,
74399,239,184,423,
74400,229,165,394,
74401,202,159,361,
74403,206,152,358,
74404,184,160,344,
74405,190,169,359,
74406,257,133,390,
74407,224,154,378,
74408,222,165,387,
74410,219,156,375,
74411,206,138,344,
74412,202,181,383,
74413,203,153,356,
74414,201,161,362,
74416,229,161,390,
74418,227,175,402,
74419,209,168,377,
74420,249,147,396,
74421,173,189,362,
74424,201,164,365,
74425,231,185,416,
74427,183,132,315,
74429,229,157,386,
74430,31,30,61,
74431,226,165,391,
74432,200,176,376,
74435,209,167,376,
74436,194,139,333,
74440,226,157,383,
74441,183,171,354,
74442,228,158,386,
74443,209,180,389,
74444,217,165,382,
74445,202,157,359,
74446,205,169,374,
74447,164,128,292,
74448,219,135,354,
74449,189,141,330,
74451,238,163,401,
74453,211,146,357,
74454,209,164,373,
74455,215,138,353,
74456,233,176,409,
74457,197,171,368,
74458,202,177,379,
74459,205,188,393,
74460,225,171,396,
74461,35,29,64,
74462,209,168,377,
74463,219,174,393,
74464,224,177,401,
74465,243,173,416,
74466,199,178,377,
74467,177,130,307,
74468,226,161,387,
74469,209,155,364,
74470,219,174,393,
74471,243,143,386,
74472,230,195,425,
74473,28,19,47,
74474,222,157,379,
74475,190,155,345,
74476,202,182,384,
74477,205,164,369,
74478,202,182,384,
74479,187,181,368,
74480,214,148,362,
74481,244,144,388,
74484,209,202,411,
74485,232,162,394,
74486,239,162,401,
74488,37,20,57,
74489,202,181,383,
74491,205,182,387,
74492,217,160,377,
74493,207,152,359,
74494,49,17,66,
74495,48,38,86,
74498,192,152,344,
74499,33,23,56,
74500,198,169,367,
74501,226,153,379,
74502,194,161,355,
74504,215,168,383,
74505,208,170,378,
74506,220,150,370,
74507,210,155,365,
74508,210,174,384,
74509,212,167,379,
74510,200,167,367,
74511,191,156,347,
74512,198,151,349,
74513,209,138,347,
74514,198,159,357,
74515,211,161,372,
74517,206,166,372,
74518,187,156,343,
74520,10,7,17,
74521,249,172,421,
74522,225,154,379,
74523,209,160,369,
74526,230,175,405,
74527,189,168,357,
74528,219,162,381,
74530,186,174,360,
74532,210,164,374,
74533,203,162,365,
74534,218,184,402,
74535,190,170,360,
74536,222,167,389,
74537,204,189,393,
74538,177,122,299,
74540,191,164,355,
74542,193,168,361,
74543,204,188,392,
74544,226,171,397,
74545,185,157,342,
74546,207,190,397,
74547,198,150,348,
74549,180,157,337,
74550,137,114,251,
74551,219,160,379,
74552,226,154,380,
74553,208,177,385,
74554,240,168,408,
74555,208,167,375,
74556,205,175,380,
74557,180,142,322,
74559,220,174,394,
74560,195,145,340,
74561,228,149,377,
74562,199,166,365,
74564,214,174,388,
74566,32,34,66,
74567,235,178,413,
74569,237,163,400,
74570,195,166,361,
74571,214,164,378,
74572,220,162,382,
74574,212,154,366,
74575,190,147,337,
74578,203,153,356,
74580,196,162,358,
74581,225,171,396,
74582,213,185,398,
74584,168,217,385,
74586,234,173,407,
74587,38,28,66,
74589,184,121,305,
74590,219,154,373,
74591,212,173,385,
74592,203,170,373,
74594,227,186,413,
74596,189,125,314,
74597,195,166,361,
74598,221,158,379,
74603,236,168,404,
74604,215,162,377,
74605,143,126,269,
74606,209,155,364,
74607,230,162,392,
74609,217,172,389,
74610,212,157,369,
74611,216,155,371,
74612,219,162,381,
74613,2,1,3,
74614,204,158,362,
74615,205,147,352,
74617,212,170,382,
74619,178,172,350,
74621,207,158,365,
74622,214,174,388,
74624,196,171,367,
74625,197,153,350,
74626,201,162,363,
74627,216,184,400,
74628,232,158,390,
74629,206,158,364,
74631,222,169,391,
74632,188,163,351,
74633,187,190,377,
74634,207,153,360,
74635,214,157,371,
74636,218,153,371,
74637,239,160,399,
74639,193,164,357,
74641,188,139,327,
74642,209,195,404,
74643,202,151,353,
74644,209,145,354,
74645,25,16,41,
74646,22,26,48,
74647,212,171,383,
74648,205,170,375,
74649,196,181,377,
74650,205,179,384,
74651,230,168,398,
74653,210,164,374,
74654,189,150,339,
74655,234,172,406,
74656,219,179,398,
74657,196,108,304,
74658,236,178,414,
74659,193,166,359,
74660,35,21,56,
74662,221,167,388,
74663,34,21,55,
74665,196,168,364,
74666,189,161,350,
74667,210,157,367,
74668,229,159,388,
74669,225,130,355,
74671,4,1,5,
74672,33,14,47,
74673,206,163,369,
74675,207,137,344,
74676,220,163,383,
74677,185,152,337,
74678,204,178,382,
74679,226,179,405,
74680,218,188,406,
74681,36,27,63,
74683,221,142,363,
74684,240,157,397,
74687,191,173,364,
74688,208,158,366,
74689,208,172,380,
74690,224,179,403,
74691,210,169,379,
74692,214,162,376,
74693,180,144,324,
74694,24,23,47,
74695,197,153,350,
74696,227,155,382,
74697,198,161,359,
74700,211,158,369,
74701,185,158,343,
74702,212,170,382,
74703,204,188,392,
74706,208,184,392,
74708,215,154,369,
74709,36,22,58,
74710,204,194,398,
74711,224,148,372,
74712,207,172,379,
74713,187,164,351,
74714,214,167,381,
74715,189,148,337,
74717,41,30,71,
74718,193,159,352,
74719,217,182,399,
74721,230,156,386,
74722,186,175,361,
74723,201,159,360,
74724,212,160,372,
74725,187,171,358,
74726,191,159,350,
74727,207,137,344,
74728,207,125,332,
74729,205,162,367,
74730,208,162,370,
74732,234,165,399,
74734,202,203,405,
74735,192,157,349,
74736,226,165,391,
74737,213,161,374,
74738,223,173,396,
74742,203,186,389,
74743,220,159,379,
74744,223,188,411,
74745,224,175,399,
74746,214,149,363,
74749,12,5,17,
74750,227,144,371,
74751,193,161,354,
74752,210,144,354,
74753,224,171,395,
74754,185,160,345,
74755,26,20,46,
74756,207,163,370,
74757,18,23,41,
74758,195,166,361,
74759,216,162,378,
74760,175,155,330,
74761,184,154,338,
74762,224,149,373,
74763,189,172,361,
74764,198,155,353,
74765,211,167,378,
74766,237,193,430,
74767,211,156,367,
74768,197,143,340,
74769,188,177,365,
74770,231,162,393,
74771,220,179,399,
74772,226,172,398,
74773,232,170,402,
74774,192,164,356,
74775,203,149,352,
74776,189,164,353,
74777,212,177,389,
74778,222,153,375,
74779,247,163,410,
74781,204,161,365,
74782,178,164,342,
74783,241,170,411,
74784,227,166,393,
74786,208,172,380,
74787,201,155,356,
74788,217,176,393,
74789,191,162,353,
74790,228,173,401,
74791,208,149,357,
74792,216,179,395,
74793,208,145,353,
74795,227,162,389,
74796,201,149,350,
74797,208,180,388,
74798,221,163,384,
74799,68,48,116,
74801,197,163,360,
74802,228,161,389,
74803,208,150,358,
74804,163,153,316,
74806,207,192,399,
74807,214,141,355,
74809,226,152,378,
74810,207,143,350,
74811,219,162,381,
74812,216,166,382,
74814,204,159,363,
74815,208,140,348,
74816,192,157,349,
74817,222,176,398,
74820,227,138,365,
74821,217,166,383,
74824,213,151,364,
74825,185,139,324,
74826,212,186,398,
74827,17,15,32,
74829,196,166,362,
74830,210,153,363,
74831,2,4,6,
74832,34,21,55,
74835,161,127,288,
74836,211,160,371,
74837,231,186,417,
74838,229,167,396,
74841,202,173,375,
74842,197,141,338,
74843,15,18,33,
74844,212,146,358,
74845,217,157,374,
74846,222,144,366,
74847,218,153,371,
74848,224,167,391,
74852,199,156,355,
74853,215,168,383,
74854,190,168,358,
74855,13,9,22,
74857,223,201,424,
74858,209,175,384,
74859,187,185,372,
74861,218,161,379,
74862,213,152,365,
74863,205,131,336,
74865,200,141,341,
74866,219,167,386,
74868,192,188,380,
74869,208,162,370,
74870,251,174,425,
74871,217,152,369,
74872,226,180,406,
74873,230,165,395,
74874,229,177,406,
74875,207,148,355,
74876,20,20,40,
74877,208,148,356,
74878,230,166,396,
74879,236,181,417,
74880,224,175,399,
74882,197,179,376,
74883,208,165,373,
74884,162,140,302,
74885,195,169,364,
74886,217,183,400,
74888,229,163,392,
74889,201,171,372,
74890,223,163,386,
74891,53,32,85,
74892,199,159,358,
74893,197,158,355,
74895,208,166,374,
74896,206,178,384,
74897,229,166,395,
74898,227,153,380,
74900,187,159,346,
74902,188,165,353,
74903,178,157,335,
74904,195,187,382,
74906,179,156,335,
74907,225,168,393,
74908,177,169,346,
74910,214,178,392,
74911,200,181,381,
74912,210,153,363,
74913,212,167,379,
74916,194,186,380,
74918,239,172,411,
74919,247,157,404,
74920,174,187,361,
74921,190,150,340,
74922,179,181,360,
74923,197,147,344,
74924,220,133,353,
74925,215,144,359,
74928,199,150,349,
74930,201,179,380,
74932,234,172,406,
74933,218,171,389,
74935,200,191,391,
74936,241,164,405,
74939,219,166,385,
74941,206,163,369,
74942,231,173,404,
74943,222,163,385,
74944,210,153,363,
74945,197,177,374,
74946,194,161,355,
74947,223,166,389,
74948,211,159,370,
74949,187,139,326,
74950,243,177,420,
74951,202,158,360,
74952,230,153,383,
74953,214,171,385,
74955,218,176,394,
74959,6,9,15,
74960,199,166,365,
74962,22,21,43,
74963,200,164,364,
74964,190,152,342,
74965,19,22,41,
74967,213,171,384,
74970,181,145,326,
74971,206,173,379,
74972,201,184,385,
74975,177,164,341,
74976,225,151,376,
74977,191,166,357,
74978,191,160,351,
74979,230,147,377,
74980,199,174,373,
74982,201,172,373,
74983,207,149,356,
74984,198,203,401,
74985,162,140,302,
74986,199,201,400,
74987,225,161,386,
74988,22,25,47,
74989,236,156,392,
74990,201,156,357,
74992,200,188,388,
74993,193,165,358,
74994,204,139,343,
74995,225,159,384,
74996,208,164,372,
74997,4,10,14,
74998,237,176,413,
75001,208,136,344,
75002,197,171,368,
75003,12,11,23,
75006,175,161,336,
75007,216,167,383,
75010,168,168,336,
75011,25,27,52,
75012,220,172,392,
75013,188,151,339,
75014,179,186,365,
75017,217,168,385,
75019,213,167,380,
75020,225,176,401,
75021,207,164,371,
75022,221,154,375,
75024,211,165,376,
75025,228,165,393,
75027,219,159,378,
75028,200,142,342,
75030,211,148,359,
75032,224,177,401,
75033,210,180,390,
75034,219,164,383,
75035,209,179,388,
75036,227,177,404,
75039,215,181,396,
75040,208,183,391,
75041,220,175,395,
75045,201,172,373,
75046,209,139,348,
75048,227,179,406,
75049,212,191,403,
75050,214,155,369,
75051,223,183,406,
75052,221,173,394,
75053,199,150,349,
75054,194,164,358,
75055,202,151,353,
75056,218,176,394,
75057,204,149,353,
75058,195,157,352,
75059,212,154,366,
75060,33,16,49,
75061,223,163,386,
75062,213,159,372,
75063,242,167,409,
75064,206,193,399,
75067,171,157,328,
75068,194,140,334,
75069,188,186,374,
75070,193,164,357,
75071,201,165,366,
75072,196,158,354,
75073,198,179,377,
75074,19,16,35,
75075,228,153,381,
75076,231,162,393,
75077,193,156,349,
75079,210,153,363,
75080,198,146,344,
75081,195,157,352,
75082,193,177,370,
75083,241,168,409,
75086,223,167,390,
75087,205,163,368,
75088,207,170,377,
75089,209,163,372,
75090,212,151,363,
75091,35,31,66,
75092,229,163,392,
75093,207,174,381,
75094,207,174,381,
75095,233,171,404,
75096,224,157,381,
75098,17,13,30,
75099,223,165,388,
75101,203,157,360,
75102,189,182,371,
75103,232,151,383,
75104,211,146,357,
75105,203,159,362,
75106,196,182,378,
75107,208,138,346,
75108,202,178,380,
75109,208,146,354,
75110,206,149,355,
75111,213,173,386,
75112,229,161,390,
75113,211,182,393,
75114,220,171,391,
75115,206,158,364,
75116,22,14,36,
75118,207,171,378,
75119,208,177,385,
75120,249,168,417,
75121,218,151,369,
75122,194,144,338,
75124,199,180,379,
75125,198,152,350,
75127,194,169,363,
75128,191,166,357,
75129,212,155,367,
75130,212,168,380,
75131,196,167,363,
75133,194,164,358,
75136,213,171,384,
75137,217,182,399,
75138,132,143,275,
75139,198,172,370,
75142,227,163,390,
75143,228,167,395,
75144,203,150,353,
75145,196,177,373,
75146,195,171,366,
75148,178,157,335,
75150,212,154,366,
75152,36,20,56,
75153,225,148,373,
75154,212,164,376,
75155,186,149,335,
75156,229,178,407,
75157,218,170,388,
75158,166,125,291,
75159,186,180,366,
75160,200,157,357,
75162,230,175,405,
75163,206,161,367,
75164,182,159,341,
75166,195,156,351,
75167,211,170,381,
75168,195,178,373,
75169,24,19,43,
75170,185,186,371,
75171,202,168,370,
75173,219,163,382,
75174,214,175,389,
75175,192,158,350,
75176,220,166,386,
75177,221,167,388,
75178,205,168,373,
75179,198,169,367,
75180,219,185,404,
75181,229,165,394,
75182,177,132,309,
75184,220,163,383,
75185,205,161,366,
75186,218,166,384,
75187,189,149,338,
75188,204,164,368,
75189,205,143,348,
75190,213,147,360,
75191,230,171,401,
75192,215,173,388,
75194,203,171,374,
75195,200,174,374,
75197,215,205,420,
75198,201,172,373,
75199,211,170,381,
75200,209,159,368,
75201,188,147,335,
75202,53,57,110,
75203,220,187,407,
75204,202,163,365,
75205,152,126,278,
75208,208,184,392,
75209,195,183,378,
75210,207,174,381,
75212,225,184,409,
75213,228,176,404,
75214,229,163,392,
75215,210,157,367,
75216,204,168,372,
75217,226,148,374,
75218,195,142,337,
75219,186,181,367,
75221,222,191,413,
75222,175,177,352,
75223,210,175,385,
75224,214,134,348,
75225,226,167,393,
75226,207,165,372,
75229,200,173,373,
75230,184,162,346,
75231,203,162,365,
75232,186,161,347,
75234,36,24,60,
75235,211,146,357,
75236,218,175,393,
75237,201,168,369,
75238,205,174,379,
75239,211,174,385,
75240,221,149,370,
75241,40,30,70,
75242,201,189,390,
75243,193,162,355,
75244,242,155,397,
75245,235,166,401,
75246,218,169,387,
75248,232,173,405,
75249,192,150,342,
75250,234,164,398,
75251,222,155,377,
75253,204,160,364,
75254,208,174,382,
75256,33,30,63,
75257,198,161,359,
75259,193,142,335,
75261,217,147,364,
75262,198,174,372,
75264,209,175,384,
75265,190,172,362,
75268,227,161,388,
75269,221,178,399,
75270,194,168,362,
75271,183,157,340,
75272,200,173,373,
75273,209,202,411,
75274,183,165,348,
75279,219,159,378,
75280,207,145,352,
75281,228,137,365,
75282,196,140,336,
75283,205,175,380,
75284,216,170,386,
75286,205,175,380,
75287,203,158,361,
75289,205,154,359,
75290,233,174,407,
75292,196,171,367,
75294,34,28,62,
75295,195,157,352,
75296,214,166,380,
75297,232,157,389,
75298,234,170,404,
75299,199,156,355,
75302,196,176,372,
75305,200,176,376,
75306,191,156,347,
75307,215,170,385,
75310,238,173,411,
75311,200,187,387,
75313,192,158,350,
75314,208,196,404,
75315,206,178,384,
75316,221,166,387,
75317,175,186,361,
75318,127,129,256,
75319,45,25,70,
75320,189,166,355,
75321,225,159,384,
75322,207,176,383,
75323,242,170,412,
75324,209,164,373,
75326,196,176,372,
75328,148,119,267,
75329,238,177,415,
75330,202,157,359,
75331,206,183,389,
75333,196,164,360,
75334,223,163,386,
75335,206,165,371,
75338,213,163,376,
75339,222,164,386,
75340,191,171,362,
75342,200,159,359,
75344,201,146,347,
75345,210,150,360,
75346,222,151,373,
75348,214,133,347,
75349,182,158,340,
75351,202,168,370,
75352,234,146,380,
75353,183,158,341,
75354,222,154,376,
75356,192,149,341,
75359,232,158,390,
75360,189,170,359,
75361,204,135,339,
75363,207,157,364,
75365,185,152,337,
75366,205,169,374,
75368,212,181,393,
75369,152,112,264,
75371,207,170,377,
75372,232,165,397,
75373,217,144,361,
75374,205,174,379,
75375,217,169,386,
75376,208,180,388,
75378,205,176,381,
75379,196,153,349,
75380,222,179,401,
75381,216,149,365,
75384,228,162,390,
75385,206,148,354,
75386,190,139,329,
75387,202,165,367,
75389,218,163,381,
75390,175,175,350,
75391,204,149,353,
75392,225,178,403,
75394,212,152,364,
75395,222,147,369,
75396,215,161,376,
75397,224,155,379,
75399,238,156,394,
75400,227,166,393,
75401,191,157,348,
75402,213,158,371,
75404,201,163,364,
75405,185,172,357,
75406,243,184,427,
75407,248,147,395,
75409,225,166,391,
75410,212,175,387,
75411,179,140,319,
75412,188,171,359,
75413,186,171,357,
75414,207,159,366,
75416,190,147,337,
75417,217,166,383,
75418,186,182,368,
75419,213,172,385,
75420,212,161,373,
75421,191,165,356,
75422,200,146,346,
75423,207,179,386,
75425,184,156,340,
75426,220,175,395,
75427,204,184,388,
75428,230,169,399,
75430,188,149,337,
75431,184,184,368,
75432,233,154,387,
75433,235,160,395,
75434,191,174,365,
75436,169,172,341,
75437,204,171,375,
75439,216,168,384,
75442,229,176,405,
75443,226,150,376,
75444,223,137,360,
75445,219,151,370,
75448,207,133,340,
75449,201,181,382,
75451,229,175,404,
75452,210,166,376,
75454,203,145,348,
75456,211,172,383,
75457,204,156,360,
75458,18,19,37,
75460,213,193,406,
75461,199,159,358,
75462,170,154,324,
75463,226,165,391,
75464,206,154,360,
75465,228,160,388,
75467,222,168,390,
75468,201,145,346,
75471,210,156,366,
75472,231,159,390,
75473,227,182,409,
75474,193,175,368,
75475,210,150,360,
75478,214,180,394,
75479,218,187,405,
75481,179,165,344,
75482,186,177,363,
75483,218,160,378,
75484,239,162,401,
75487,229,148,377,
75488,175,181,356,
75489,237,140,377,
75490,217,146,363,
75491,192,173,365,
75492,242,143,385,
75493,207,151,358,
75494,206,181,387,
75496,229,177,406,
75497,196,179,375,
75498,201,145,346,
75499,219,180,399,
75500,216,168,384,
75501,217,205,422,
75502,206,161,367,
75504,220,176,396,
75505,196,176,372,
75506,196,158,354,
75507,200,146,346,
75508,213,135,348,
75509,209,148,357,
75510,21,18,39,
75511,219,162,381,
75513,210,141,351,
75514,224,149,373,
75515,211,173,384,
75516,174,168,342,
75517,230,139,369,
75518,202,158,360,
75519,196,161,357,
75520,215,153,368,
75523,188,164,352,
75524,233,151,384,
75525,203,150,353,
75526,208,168,376,
75527,200,171,371,
75528,205,176,381,
75529,225,168,393,
75530,210,158,368,
75531,177,152,329,
75532,224,160,384,
75533,193,162,355,
75534,210,147,357,
75535,208,188,396,
75536,212,128,340,
75537,44,25,69,
75538,213,143,356,
75539,191,172,363,
75540,193,180,373,
75542,202,172,374,
75544,32,26,58,
75546,195,153,348,
75547,223,173,396,
75548,228,167,395,
75550,202,171,373,
75551,197,162,359,
75552,223,185,408,
75553,214,171,385,
75554,200,174,374,
75556,155,128,283,
75557,35,25,60,
75558,229,184,413,
75559,217,165,382,
75560,234,167,401,
75561,211,165,376,
75563,214,202,416,
75566,186,145,331,
75567,197,157,354,
75568,212,155,367,
75569,13,8,21,
75570,211,165,376,
75573,34,23,57,
75574,215,159,374,
75575,193,142,335,
75577,204,155,359,
75578,244,180,424,
75579,231,176,407,
75580,219,173,392,
75582,205,155,360,
75584,240,155,395,
75586,203,181,384,
75587,222,178,400,
75588,204,160,364,
75589,221,191,412,
75590,213,164,377,
75591,203,157,360,
75592,215,170,385,
75593,212,142,354,
75594,214,178,392,
75595,203,163,366,
75596,199,171,370,
75598,197,170,367,
75599,224,160,384,
75600,225,151,376,
75602,216,167,383,
75604,225,183,408,
75605,201,162,363,
75606,208,171,379,
75607,185,164,349,
75608,190,163,353,
75609,228,168,396,
75610,214,161,375,
75611,218,155,373,
75612,222,181,403,
75613,173,162,335,
75614,217,165,382,
75617,245,170,415,
75618,219,153,372,
75619,209,162,371,
75620,236,163,399,
75622,211,168,379,
75623,204,152,356,
75624,189,159,348,
75625,210,138,348,
75628,212,169,381,
75629,208,138,346,
75630,193,155,348,
75631,194,173,367,
75632,207,150,357,
75634,206,151,357,
75635,221,143,364,
75636,31,29,60,
75637,204,167,371,
75639,225,171,396,
75641,199,174,373,
75642,211,148,359,
75643,222,174,396,
75644,21,24,45,
75645,232,165,397,
75646,233,168,401,
75648,205,178,383,
75650,209,175,384,
75651,200,178,378,
75652,209,151,360,
75653,229,158,387,
75654,218,175,393,
75656,29,24,53,
75658,44,26,70,
75659,220,179,399,
75661,26,10,36,
75662,193,146,339,
75666,214,183,397,
75667,201,171,372,
75668,215,163,378,
75669,222,184,406,
75670,150,113,263,
75671,229,154,383,
75672,230,165,395,
75673,223,163,386,
75674,222,153,375,
75675,192,179,371,
75676,231,155,386,
75677,221,154,375,
75678,197,164,361,
75680,209,159,368,
75682,174,126,300,
75683,209,155,364,
75684,166,150,316,
75685,245,146,391,
75686,127,113,240,
75687,198,163,361,
75688,222,165,387,
75689,40,38,78,
75690,197,163,360,
75691,215,135,350,
75692,248,178,426,
75693,210,179,389,
75694,189,147,336,
75695,205,168,373,
75699,191,155,346,
75700,190,166,356,
75701,197,172,369,
75702,218,180,398,
75705,215,180,395,
75706,242,168,410,
75707,208,160,368,
75708,216,143,359,
75709,196,166,362,
75710,235,166,401,
75711,214,158,372,
75712,206,155,361,
75715,208,195,403,
75716,225,157,382,
75718,205,183,388,
75720,225,169,394,
75721,188,126,314,
75722,224,184,408,
75723,221,207,428,
75724,207,151,358,
75725,214,169,383,
75727,214,160,374,
75729,245,132,377,
75730,191,179,370,
75731,194,164,358,
75732,185,174,359,
75733,195,162,357,
75734,11,8,19,
75735,202,159,361,
75736,7,2,9,
75737,236,159,395,
75738,211,175,386,
75739,186,157,343,
75740,198,159,357,
75741,244,175,419,
75742,214,161,375,
75743,205,139,344,
75745,209,179,388,
75746,198,179,377,
75747,183,172,355,
75749,28,23,51,
75751,228,163,391,
75752,49,46,95,
75754,238,142,380,
75755,202,179,381,
75756,199,150,349,
75757,202,193,395,
75758,3,4,7,
75760,216,151,367,
75761,208,169,377,
75762,218,183,401,
75763,193,153,346,
75764,29,28,57,
75765,237,163,400,
75766,203,170,373,
75767,225,158,383,
75768,211,170,381,
75769,206,143,349,
75770,233,158,391,
75772,203,167,370,
75773,210,158,368,
75775,206,152,358,
75777,205,194,399,
75778,203,186,389,
75780,205,183,388,
75781,205,148,353,
75783,198,165,363,
75784,238,181,419,
75785,213,147,360,
75786,227,176,403,
75787,228,172,400,
75789,178,147,325,
75791,202,143,345,
75794,228,181,409,
75795,216,163,379,
75796,233,162,395,
75797,224,157,381,
75798,190,146,336,
75799,206,167,373,
75800,162,128,290,
75801,200,156,356,
75802,212,148,360,
75803,216,145,361,
75804,152,127,279,
75806,192,188,380,
75807,195,160,355,
75808,210,184,394,
75809,185,156,341,
75810,216,164,380,
75811,35,37,72,
75813,203,145,348,
75816,239,148,387,
75817,192,151,343,
75818,216,173,389,
75819,212,176,388,
75820,224,189,413,
75822,220,155,375,
75823,212,151,363,
75825,206,154,360,
75826,212,154,366,
75827,219,161,380,
75829,200,158,358,
75830,206,166,372,
75832,228,170,398,
75833,204,172,376,
75834,184,181,365,
75838,232,160,392,
75839,191,171,362,
75840,209,168,377,
75841,207,171,378,
75845,244,158,402,
75846,242,175,417,
75847,220,157,377,
75848,212,152,364,
75849,202,187,389,
75850,216,163,379,
75851,193,175,368,
75852,166,178,344,
75853,182,158,340,
75854,163,119,282,
75855,199,182,381,
75857,202,172,374,
75858,195,169,364,
75859,198,158,356,
75861,203,158,361,
75862,192,166,358,
75863,205,175,380,
75866,203,166,369,
75867,166,160,326,
75869,198,177,375,
75870,204,152,356,
75872,198,156,354,
75873,232,147,379,
75874,144,105,249,
75875,213,174,387,
75876,203,188,391,
75879,26,29,55,
75880,236,160,396,
75881,178,181,359,
75882,205,160,365,
75883,228,183,411,
75884,215,161,376,
75885,212,158,370,
75886,202,156,358,
75887,197,166,363,
75888,187,162,349,
75889,201,155,356,
75890,240,155,395,
75891,237,174,411,
75892,203,153,356,
75893,256,196,452,
75894,232,178,410,
75895,193,157,350,
75896,220,156,376,
75897,212,161,373,
75898,206,176,382,
75899,210,167,377,
75900,201,180,381,
75902,196,190,386,
75905,202,135,337,
75907,180,186,366,
75908,205,161,366,
75909,186,162,348,
75911,203,171,374,
75913,204,165,369,
75914,180,137,317,
75915,200,160,360,
75916,205,131,336,
75917,30,26,56,
75918,182,167,349,
75919,232,155,387,
75920,218,143,361,
75924,202,165,367,
75925,213,172,385,
75926,200,157,357,
75927,220,161,381,
75928,198,166,364,
75930,213,145,358,
75931,6,2,8,
75933,229,168,397,
75934,210,157,367,
75935,198,182,380,
75938,220,159,379,
75939,179,168,347,
75940,225,167,392,
75941,201,157,358,
75945,205,147,352,
75946,211,161,372,
75947,135,115,250,
75948,204,175,379,
75949,204,183,387,
75950,190,168,358,
75951,211,144,355,
75953,187,190,377,
75954,220,177,397,
75955,208,173,381,
75956,196,151,347,
75958,201,170,371,
75959,214,167,381,
75961,198,142,340,
75962,204,145,349,
75964,216,170,386,
75965,206,147,353,
75967,202,149,351,
75969,201,172,373,
75970,203,179,382,
75972,207,151,358,
75973,210,171,381,
75974,225,152,377,
75975,194,165,359,
75976,188,171,359,
75977,211,159,370,
75978,214,162,376,
75979,205,152,357,
75980,224,161,385,
75981,200,168,368,
75982,199,165,364,
75983,181,151,332,
75984,205,152,357,
75985,200,151,351,
75986,219,162,381,
75987,184,164,348,
75988,221,189,410,
75989,135,121,256,
75990,212,162,374,
75992,222,169,391,
75994,210,162,372,
75996,21,10,31,
75998,217,141,358,
75999,199,192,391,
76000,226,153,379,
76002,216,166,382,
76003,188,158,346,
76004,219,167,386,
76005,201,164,365,
76007,212,167,379,
76008,244,173,417,
76009,206,143,349,
76010,204,164,368,
76011,230,160,390,
76013,220,182,402,
76016,231,155,386,
76017,202,174,376,
76018,204,137,341,
76019,199,176,375,
76020,188,148,336,
76022,188,132,320,
76023,222,169,391,
76024,205,143,348,
76025,197,145,342,
76027,202,160,362,
76029,203,161,364,
76031,216,169,385,
76033,216,147,363,
76034,202,187,389,
76035,217,188,405,
76036,211,168,379,
76039,181,169,350,
76040,204,159,363,
76041,222,157,379,
76042,36,25,61,
76043,185,124,309,
76044,231,195,426,
76046,207,179,386,
76047,228,126,354,
76048,212,168,380,
76050,203,174,377,
76051,220,164,384,
76052,230,162,392,
76053,212,174,386,
76054,203,154,357,
76055,35,24,59,
76056,206,160,366,
76057,214,174,388,
76058,198,154,352,
76059,217,175,392,
76060,225,166,391,
76062,181,155,336,
76063,213,165,378,
76065,240,171,411,
76066,205,156,361,
76067,209,182,391,
76068,222,156,378,
76069,207,167,374,
76071,185,173,358,
76072,194,164,358,
76074,172,178,350,
76075,198,160,358,
76077,208,142,350,
76078,237,182,419,
76080,220,163,383,
76081,201,178,379,
76083,230,157,387,
76084,218,154,372,
76086,200,161,361,
76087,229,167,396,
76088,183,165,348,
76089,217,160,377,
76091,190,165,355,
76094,225,152,377,
76095,224,155,379,
76097,204,165,369,
76098,197,176,373,
76102,195,162,357,
76103,203,160,363,
76105,232,159,391,
76106,231,162,393,
76108,225,152,377,
76109,204,163,367,
76110,214,174,388,
76111,182,170,352,
76112,228,167,395,
76113,193,160,353,
76115,202,157,359,
76118,174,147,321,
76119,219,182,401,
76120,20,22,42,
76121,191,143,334,
76122,217,167,384,
76123,209,170,379,
76124,216,165,381,
76125,222,154,376,
76126,211,168,379,
76127,231,170,401,
76128,204,148,352,
76129,227,157,384,
76131,231,171,402,
76132,204,168,372,
76133,33,31,64,
76134,207,147,354,
76135,185,158,343,
76136,227,136,363,
76137,238,161,399,
76138,225,161,386,
76139,215,155,370,
76141,193,162,355,
76142,195,166,361,
76143,211,182,393,
76144,11,6,17,
76145,202,152,354,
76146,177,130,307,
76147,216,179,395,
76148,205,143,348,
76149,221,167,388,
76150,206,152,358,
76152,197,174,371,
76153,206,146,352,
76154,197,155,352,
76155,215,178,393,
76156,203,172,375,
76157,185,178,363,
76158,236,170,406,
76159,201,147,348,
76160,219,172,391,
76162,228,164,392,
76164,206,146,352,
76165,216,175,391,
76166,204,154,358,
76167,198,167,365,
76168,202,155,357,
76169,236,153,389,
76171,41,37,78,
76172,200,148,348,
76173,217,165,382,
76174,188,159,347,
76175,245,163,408,
76176,215,141,356,
76177,197,178,375,
76179,228,164,392,
76180,194,184,378,
76181,230,159,389,
76182,180,162,342,
76184,224,176,400,
76185,205,139,344,
76187,207,191,398,
76188,227,159,386,
76189,192,155,347,
76190,190,172,362,
76191,204,158,362,
76192,227,161,388,
76194,204,155,359,
76195,218,145,363,
76196,190,173,363,
76198,193,169,362,
76201,239,143,382,
76202,229,156,385,
76203,190,159,349,
76205,170,168,338,
76206,34,31,65,
76207,191,195,386,
76208,208,196,404,
76209,208,168,376,
76212,192,180,372,
76213,223,188,411,
76214,216,167,383,
76215,211,145,356,
76216,232,154,386,
76218,207,170,377,
76219,202,142,344,
76220,5,1,6,
76221,234,158,392,
76222,232,158,390,
76223,204,183,387,
76224,207,174,381,
76225,176,198,374,
76226,238,161,399,
76227,194,173,367,
76228,216,187,403,
76229,200,194,394,
76231,200,161,361,
76232,209,207,416,
76234,184,159,343,
76235,210,151,361,
76236,225,147,372,
76237,215,172,387,
76238,212,169,381,
76239,237,176,413,
76240,231,166,397,
76241,181,181,362,
76242,212,178,390,
76243,205,160,365,
76244,223,151,374,
76245,202,159,361,
76246,238,163,401,
76248,182,148,330,
76249,208,159,367,
76250,189,167,356,
76252,208,161,369,
76255,220,137,357,
76256,207,172,379,
76257,219,154,373,
76258,206,178,384,
76259,208,173,381,
76260,202,155,357,
76262,211,150,361,
76263,210,169,379,
76264,182,191,373,
76265,230,189,419,
76266,189,187,376,
76267,167,178,345,
76268,208,184,392,
76270,165,160,325,
76271,238,181,419,
76272,197,149,346,
76273,186,179,365,
76274,213,164,377,
76276,216,154,370,
76277,228,192,420,
76278,169,159,328,
76279,212,171,383,
76280,222,151,373,
76281,199,175,374,
76283,203,142,345,
76284,217,145,362,
76286,229,163,392,
76287,195,152,347,
76288,209,177,386,
76289,22,13,35,
76291,198,129,327,
76292,195,161,356,
76293,163,153,316,
76294,221,146,367,
76295,226,151,377,
76296,201,154,355,
76297,190,148,338,
76298,213,151,364,
76300,205,150,355,
76301,181,181,362,
76304,224,199,423,
76306,194,178,372,
76307,224,178,402,
76309,200,168,368,
76310,219,171,390,
76311,219,148,367,
76312,5,8,13,
76313,201,160,361,
76314,217,177,394,
76315,205,158,363,
76317,224,164,388,
76319,205,184,389,
76320,202,152,354,
76321,211,162,373,
76322,192,163,355,
76323,205,173,378,
76324,180,176,356,
76325,195,162,357,
76327,212,154,366,
76328,212,166,378,
76329,213,174,387,
76331,193,171,364,
76332,217,184,401,
76335,24,12,36,
76336,190,167,357,
76339,211,159,370,
76340,211,162,373,
76341,220,153,373,
76343,197,159,356,
76347,224,189,413,
76348,205,174,379,
76349,190,157,347,
76350,240,173,413,
76352,212,179,391,
76353,157,118,275,
76354,43,39,82,
76355,24,25,49,
76356,20,16,36,
76358,211,155,366,
76359,221,150,371,
76360,207,191,398,
76361,240,141,381,
76363,218,151,369,
76364,230,177,407,
76365,212,167,379,
76366,221,161,382,
76367,169,181,350,
76369,174,151,325,
76370,218,182,400,
76371,7,2,9,
76372,208,151,359,
76373,248,147,395,
76374,201,145,346,
76376,216,169,385,
76377,200,162,362,
76378,154,104,258,
76379,214,163,377,
76380,196,164,360,
76381,196,166,362,
76382,205,161,366,
76383,213,146,359,
76384,214,172,386,
76385,189,164,353,
76387,196,159,355,
76388,204,148,352,
76390,213,157,370,
76392,210,166,376,
76394,170,185,355,
76395,189,177,366,
76396,211,189,400,
76398,210,156,366,
76400,196,127,323,
76401,216,150,366,
76402,192,148,340,
76403,23,10,33,
76407,204,158,362,
76408,231,179,410,
76410,220,160,380,
76411,25,21,46,
76413,200,176,376,
76414,205,182,387,
76415,204,149,353,
76416,216,163,379,
76417,236,142,378,
76419,232,145,377,
76420,214,145,359,
76421,215,173,388,
76422,190,160,350,
76423,207,144,351,
76425,210,166,376,
76427,214,154,368,
76428,208,183,391,
76430,194,151,345,
76431,134,139,273,
76433,227,188,415,
76434,227,188,415,
76435,206,172,378,
76436,203,153,356,
76437,227,164,391,
76438,206,203,409,
76439,189,165,354,
76440,202,175,377,
76443,186,156,342,
76444,200,156,356,
76447,30,14,44,
76448,217,152,369,
76449,206,161,367,
76450,219,188,407,
76452,217,158,375,
76453,205,166,371,
76455,204,181,385,
76456,214,145,359,
76458,206,166,372,
76459,178,126,304,
76460,199,150,349,
76461,203,156,359,
76462,209,157,366,
76464,25,12,37,
76465,214,175,389,
76466,214,141,355,
76467,182,145,327,
76468,213,165,378,
76469,206,143,349,
76470,221,176,397,
76471,185,171,356,
76472,220,156,376,
76473,185,169,354,
76476,222,174,396,
76477,200,135,335,
76478,205,173,378,
76479,240,158,398,
76480,231,164,395,
76486,196,171,367,
76487,201,166,367,
76488,208,161,369,
76489,207,181,388,
76490,195,204,399,
76492,227,181,408,
76493,30,31,61,
76494,222,173,395,
76495,225,141,366,
76496,181,169,350,
76497,229,171,400,
76498,214,159,373,
76499,21,14,35,
76500,205,201,406,
76504,184,154,338,
76505,200,162,362,
76506,44,32,76,
76508,196,169,365,
76509,191,132,323,
76510,195,147,342,
76512,198,166,364,
76513,202,160,362,
76514,210,161,371,
76515,227,165,392,
76516,200,181,381,
76517,206,186,392,
76518,222,168,390,
76519,278,135,413,
76521,215,181,396,
76522,242,165,407,
76523,216,167,383,
76527,205,165,370,
76528,187,160,347,
76530,216,165,381,
76532,241,162,403,
76533,229,151,380,
76534,188,171,359,
76535,22,17,39,
76536,221,177,398,
76538,210,184,394,
76539,216,184,400,
76542,212,151,363,
76543,211,168,379,
76544,217,184,401,
76545,198,190,388,
76546,31,35,66,
76547,201,172,373,
76548,202,160,362,
76549,224,158,382,
76550,215,172,387,
76552,30,16,46,
76553,156,126,282,
76554,231,188,419,
76556,209,171,380,
76557,221,162,383,
76558,154,103,257,
76559,198,166,364,
76560,207,159,366,
76562,210,167,377,
76564,195,154,349,
76565,196,157,353,
76567,217,169,386,
76569,211,164,375,
76571,206,169,375,
76572,36,32,68,
76573,230,157,387,
76574,212,167,379,
76577,188,185,373,
76578,206,174,380,
76581,209,161,370,
76582,209,165,374,
76583,197,147,344,
76584,215,156,371,
76585,232,138,370,
76586,211,179,390,
76587,212,159,371,
76589,38,18,56,
76590,195,178,373,
76591,223,178,401,
76592,233,170,403,
76594,202,173,375,
76595,217,164,381,
76596,258,189,447,
76597,186,189,375,
76601,184,173,357,
76602,201,173,374,
76603,190,131,321,
76605,188,138,326,
76607,198,146,344,
76608,231,172,403,
76611,187,159,346,
76612,213,154,367,
76613,224,176,400,
76614,199,175,374,
76615,222,155,377,
76616,198,159,357,
76617,214,150,364,
76618,244,161,405,
76619,203,150,353,
76620,210,166,376,
76622,169,126,295,
76623,204,159,363,
76624,204,179,383,
76625,222,162,384,
76626,194,156,350,
76627,215,142,357,
76628,202,150,352,
76630,238,142,380,
76631,187,172,359,
76632,190,170,360,
76633,183,159,342,
76634,201,176,377,
76635,191,168,359,
76636,199,154,353,
76637,189,179,368,
76639,200,170,370,
76640,232,154,386,
76642,212,171,383,
76643,196,181,377,
76644,230,177,407,
76647,219,170,389,
76648,237,144,381,
76649,188,176,364,
76650,200,152,352,
76651,198,171,369,
76652,204,161,365,
76653,30,33,63,
76654,216,175,391,
76655,203,157,360,
76656,220,167,387,
76658,204,171,375,
76659,222,169,391,
76660,215,164,379,
76662,218,170,388,
76664,195,166,361,
76665,186,186,372,
76667,199,156,355,
76668,209,158,367,
76669,213,150,363,
76670,216,185,401,
76671,201,160,361,
76672,199,147,346,
76673,249,177,426,
76674,216,153,369,
76675,31,26,57,
76676,203,145,348,
76677,227,167,394,
76679,214,166,380,
76680,224,150,374,
76681,217,146,363,
76682,21,26,47,
76683,217,166,383,
76685,233,162,395,
76688,203,190,393,
76689,181,146,327,
76690,224,156,380,
76691,205,153,358,
76693,210,182,392,
76694,215,180,395,
76695,138,138,276,
76697,216,155,371,
76698,224,144,368,
76699,207,153,360,
76700,181,181,362,
76701,191,176,367,
76703,205,147,352,
76705,193,159,352,
76706,212,148,360,
76707,39,20,59,
76708,193,156,349,
76709,151,118,269,
76711,218,194,412,
76712,183,172,355,
76713,229,166,395,
76714,210,186,396,
76716,220,179,399,
76717,220,168,388,
76721,213,148,361,
76722,21,18,39,
76723,30,23,53,
76724,205,177,382,
76725,188,157,345,
76727,203,162,365,
76728,135,100,235,
76729,209,144,353,
76730,199,175,374,
76731,232,145,377,
76732,190,153,343,
76733,238,175,413,
76734,198,167,365,
76735,219,143,362,
76736,199,173,372,
76737,206,174,380,
76738,192,169,361,
76739,206,160,366,
76740,188,126,314,
76741,195,151,346,
76742,192,167,359,
76743,150,116,266,
76744,212,139,351,
76745,21,24,45,
76746,30,24,54,
76748,195,151,346,
76750,38,19,57,
76751,214,163,377,
76752,206,134,340,
76754,225,167,392,
76755,215,180,395,
76756,205,180,385,
76757,226,171,397,
76759,204,165,369,
76761,26,18,44,
76762,200,152,352,
76764,251,173,424,
76765,196,167,363,
76766,214,150,364,
76767,203,152,355,
76768,36,27,63,
76770,210,154,364,
76771,199,186,385,
76772,210,159,369,
76773,226,180,406,
76774,191,185,376,
76777,194,172,366,
76779,204,151,355,
76780,216,164,380,
76782,198,160,358,
76783,211,182,393,
76784,219,180,399,
76786,208,140,348,
76787,190,160,350,
76788,221,153,374,
76789,207,170,377,
76790,238,173,411,
76792,200,154,354,
76793,209,166,375,
76794,236,170,406,
76795,198,178,376,
76796,218,174,392,
76797,216,171,387,
76799,213,135,348,
76800,215,157,372,
76801,221,160,381,
76802,211,189,400,
76803,203,161,364,
76804,195,151,346,
76805,216,166,382,
76806,213,139,352,
76807,215,160,375,
76808,217,171,388,
76810,227,165,392,
76811,202,173,375,
76812,212,153,365,
76813,215,183,398,
76814,212,162,374,
76815,227,162,389,
76817,219,174,393,
76821,205,169,374,
76822,198,184,382,
76823,221,162,383,
76824,200,162,362,
76825,200,172,372,
76826,162,99,261,
76827,199,156,355,
76828,213,167,380,
76829,222,152,374,
76831,23,15,38,
76834,202,177,379,
76835,222,164,386,
76836,215,176,391,
76837,198,174,372,
76838,224,172,396,
76839,187,155,342,
76840,188,155,343,
76841,219,172,391,
76842,220,178,398,
76843,213,164,377,
76844,211,186,397,
76845,201,186,387,
76846,216,185,401,
76847,209,164,373,
76849,226,168,394,
76850,222,172,394,
76851,205,172,377,
76852,219,160,379,
76853,30,24,54,
76854,215,161,376,
76855,209,174,383,
76857,215,153,368,
76858,229,169,398,
76861,249,176,425,
76862,28,28,56,
76863,186,172,358,
76864,234,171,405,
76865,216,151,367,
76866,238,156,394,
76867,189,156,345,
76868,214,144,358,
76869,173,169,342,
76870,212,166,378,
76871,224,184,408,
76872,174,164,338,
76873,186,149,335,
76874,214,167,381,
76875,165,115,280,
76876,195,168,363,
76877,221,162,383,
76878,202,150,352,
76879,187,143,330,
76880,203,151,354,
76881,203,151,354,
76883,231,178,409,
76884,201,155,356,
76885,189,175,364,
76889,237,146,383,
76890,214,167,381,
76891,171,173,344,
76892,206,162,368,
76893,188,167,355,
76894,194,177,371,
76895,234,186,420,
76897,196,169,365,
76898,215,177,392,
76900,216,177,393,
76901,209,140,349,
76902,201,163,364,
76903,203,193,396,
76904,242,198,440,
76905,222,146,368,
76906,222,176,398,
76907,43,32,75,
76908,235,163,398,
76909,210,179,389,
76910,217,161,378,
76911,207,173,380,
76912,211,164,375,
76913,179,159,338,
76914,217,179,396,
76916,237,178,415,
76917,201,166,367,
76918,197,145,342,
76919,210,165,375,
76920,189,171,360,
76921,232,166,398,
76922,26,22,48,
76923,225,142,367,
76924,232,170,402,
76925,202,147,349,
76926,201,155,356,
76928,208,158,366,
76929,218,197,415,
76930,224,158,382,
76932,213,163,376,
76934,198,166,364,
76935,203,158,361,
76936,212,165,377,
76938,212,151,363,
76941,196,176,372,
76942,161,144,305,
76943,193,161,354,
76944,228,161,389,
76945,45,34,79,
76946,227,168,395,
76947,226,171,397,
76948,174,165,339,
76949,192,166,358,
76951,204,186,390,
76952,203,164,367,
76953,229,164,393,
76954,233,128,361,
76955,182,160,342,
76958,184,153,337,
76959,192,148,340,
76960,201,148,349,
76961,215,181,396,
76962,202,176,378,
76963,234,145,379,
76965,242,152,394,
76966,206,176,382,
76967,226,146,372,
76970,43,24,67,
76971,193,156,349,
76973,218,190,408,
76975,201,172,373,
76976,30,23,53,
76978,205,185,390,
76979,214,158,372,
76980,196,158,354,
76981,201,170,371,
76983,219,172,391,
76984,217,151,368,
76985,207,181,388,
76986,230,178,408,
76987,218,165,383,
76988,182,157,339,
76989,226,173,399,
76990,189,160,349,
76991,220,151,371,
76992,225,184,409,
76993,189,161,350,
76995,212,155,367,
76996,185,187,372,
76997,225,157,382,
76998,209,167,376,
77000,196,176,372,
77001,216,146,362,
77004,184,180,364,
77005,227,196,423,
77006,222,175,397,
77007,215,148,363,
77008,196,169,365,
77009,228,167,395,
77010,6,2,8,
77011,204,171,375,
77012,205,161,366,
77014,184,145,329,
77016,194,143,337,
77018,199,156,355,
77019,175,151,326,
77020,205,170,375,
77021,206,142,348,
77022,192,194,386,
77024,210,147,357,
77025,223,162,385,
77026,204,174,378,
77027,191,157,348,
77028,208,177,385,
77029,196,166,362,
77031,199,178,377,
77033,190,172,362,
77034,203,182,385,
77035,17,23,40,
77036,25,9,34,
77037,220,147,367,
77038,206,185,391,
77040,204,190,394,
77041,197,176,373,
77042,191,162,353,
77043,212,170,382,
77046,207,144,351,
77047,212,153,365,
77048,215,178,393,
77049,220,170,390,
77050,209,177,386,
77052,194,147,341,
77053,220,157,377,
77054,215,151,366,
77055,204,172,376,
77057,227,175,402,
77058,3,2,5,
77059,198,156,354,
77060,227,192,419,
77062,224,151,375,
77063,216,158,374,
77064,212,182,394,
77065,208,168,376,
77066,161,175,336,
77069,199,171,370,
77070,199,176,375,
77071,155,131,286,
77072,215,158,373,
77073,199,162,361,
77074,200,153,353,
77076,195,135,330,
77077,194,162,356,
77078,225,167,392,
77079,159,108,267,
77080,210,132,342,
77081,214,173,387,
77083,218,166,384,
77084,198,145,343,
77085,198,177,375,
77086,181,167,348,
77089,242,172,414,
77090,202,184,386,
77091,202,177,379,
77092,211,152,363,
77093,210,168,378,
77098,208,177,385,
77100,208,167,375,
77101,205,147,352,
77102,195,153,348,
77104,242,172,414,
77105,220,166,386,
77106,214,165,379,
77107,234,181,415,
77110,195,179,374,
77111,203,176,379,
77113,189,154,343,
77114,207,141,348,
77115,205,171,376,
77116,40,35,75,
77117,197,164,361,
77118,194,178,372,
77119,199,171,370,
77120,214,150,364,
77121,198,149,347,
77122,204,181,385,
77123,219,126,345,
77124,196,169,365,
77125,199,157,356,
77126,211,170,381,
77127,245,158,403,
77128,213,164,377,
77129,232,160,392,
77130,205,178,383,
77131,210,155,365,
77134,192,147,339,
77135,205,177,382,
77138,204,174,378,
77139,202,172,374,
77140,219,169,388,
77141,228,163,391,
77142,210,180,390,
77143,218,163,381,
77144,213,140,353,
77146,187,158,345,
77148,218,175,393,
77149,219,189,408,
77150,219,157,376,
77151,210,167,377,
77152,240,156,396,
77153,211,132,343,
77155,195,170,365,
77156,192,159,351,
77157,234,160,394,
77159,20,27,47,
77160,173,155,328,
77162,234,170,404,
77163,40,39,79,
77165,210,189,399,
77166,213,159,372,
77167,227,167,394,
77168,218,173,391,
77171,188,130,318,
77172,211,169,380,
77173,193,186,379,
77175,137,105,242,
77176,153,117,270,
77177,201,178,379,
77178,209,133,342,
77180,179,187,366,
77181,194,176,370,
77182,187,136,323,
77184,212,164,376,
77185,167,130,297,
77186,177,157,334,
77187,205,161,366,
77190,203,159,362,
77192,226,165,391,
77193,189,165,354,
77194,211,162,373,
77196,143,110,253,
77197,206,169,375,
77198,205,167,372,
77199,233,182,415,
77201,238,170,408,
77202,219,159,378,
77204,236,162,398,
77208,190,191,381,
77209,47,22,69,
77210,61,34,95,
77212,215,167,382,
77213,192,148,340,
77214,228,149,377,
77216,187,193,380,
77217,190,142,332,
77218,193,175,368,
77219,187,184,371,
77221,246,163,409,
77222,229,163,392,
77223,188,167,355,
77224,188,184,372,
77225,180,165,345,
77226,187,181,368,
77227,193,160,353,
77229,216,181,397,
77230,218,185,403,
77232,199,182,381,
77233,16,16,32,
77236,204,167,371,
77237,214,144,358,
77238,201,177,378,
77239,30,20,50,
77240,184,186,370,
77241,209,173,382,
77242,187,183,370,
77243,211,152,363,
77245,220,192,412,
77246,212,166,378,
77247,221,165,386,
77248,29,31,60,
77250,211,153,364,
77252,217,164,381,
77253,211,144,355,
77254,200,172,372,
77255,252,152,404,
77256,216,161,377,
77257,184,171,355,
77258,192,172,364,
77261,228,151,379,
77262,205,181,386,
77264,205,176,381,
77265,209,163,372,
77266,239,149,388,
77267,189,162,351,
77269,207,165,372,
77271,227,181,408,
77272,197,152,349,
77273,199,165,364,
77275,214,177,391,
77277,218,171,389,
77279,203,162,365,
77281,216,135,351,
77282,202,153,355,
77283,187,156,343,
77284,198,204,402,
77285,219,183,402,
77287,202,166,368,
77288,197,182,379,
77289,160,156,316,
77290,129,133,262,
77291,191,169,360,
77292,224,175,399,
77293,233,167,400,
77294,221,148,369,
77295,220,158,378,
77296,183,158,341,
77297,156,117,273,
77298,215,176,391,
77300,160,126,286,
77301,190,177,367,
77303,27,21,48,
77304,222,146,368,
77305,202,170,372,
77306,215,153,368,
77307,237,149,386,
77308,209,150,359,
77309,210,189,399,
77310,204,167,371,
77311,183,173,356,
77312,30,31,61,
77314,210,153,363,
77315,208,164,372,
77316,214,146,360,
77317,236,163,399,
77319,186,166,352,
77320,185,176,361,
77321,208,183,391,
77322,31,18,49,
77323,226,164,390,
77325,227,178,405,
77326,211,160,371,
77327,220,187,407,
77329,186,177,363,
77330,26,14,40,
77331,217,148,365,
77332,207,136,343,
77333,205,156,361,
77334,179,178,357,
77335,203,165,368,
77336,195,152,347,
77337,240,158,398,
77339,207,139,346,
77340,209,171,380,
77341,214,164,378,
77343,174,162,336,
77344,199,190,389,
77345,190,142,332,
77346,198,140,338,
77347,204,152,356,
77348,245,148,393,
77349,233,147,380,
77350,210,175,385,
77351,224,180,404,
77352,210,164,374,
77353,223,164,387,
77354,200,138,338,
77355,214,174,388,
77356,245,169,414,
77358,212,170,382,
77359,210,161,371,
77360,230,164,394,
77361,224,160,384,
77363,205,158,363,
77364,27,22,49,
77366,190,145,335,
77367,210,164,374,
77369,187,152,339,
77370,211,167,378,
77372,213,169,382,
77373,206,161,367,
77374,197,145,342,
77375,244,135,379,
77377,198,184,382,
77378,213,186,399,
77379,211,158,369,
77380,214,174,388,
77381,215,178,393,
77383,218,165,383,
77384,230,166,396,
77387,189,160,349,
77389,140,112,252,
77391,17,14,31,
77392,215,157,372,
77393,196,190,386,
77394,197,162,359,
77395,220,189,409,
77396,212,158,370,
77399,222,164,386,
77400,162,141,303,
77401,200,169,369,
77402,219,174,393,
77403,218,171,389,
77404,197,151,348,
77405,228,200,428,
77407,199,177,376,
77408,210,167,377,
77410,214,161,375,
77411,201,134,335,
77413,205,158,363,
77414,196,167,363,
77416,43,26,69,
77417,204,167,371,
77419,220,161,381,
77420,143,136,279,
77421,25,24,49,
77423,210,151,361,
77424,209,166,375,
77425,187,158,345,
77426,197,149,346,
77427,196,153,349,
77428,202,177,379,
77429,196,159,355,
77430,209,174,383,
77431,210,183,393,
77434,183,149,332,
77435,201,168,369,
77436,216,166,382,
77437,211,165,376,
77438,216,153,369,
77439,199,181,380,
77440,214,168,382,
77441,217,173,390,
77443,210,177,387,
77444,154,144,298,
77445,228,189,417,
77446,221,169,390,
77447,42,31,73,
77448,231,187,418,
77450,198,161,359,
77452,209,158,367,
77453,214,158,372,
77454,197,172,369,
77455,210,145,355,
77457,211,180,391,
77458,179,189,368,
77461,198,155,353,
77462,222,164,386,
77464,211,183,394,
77465,231,144,375,
77466,216,179,395,
77467,199,175,374,
77468,210,161,371,
77469,199,163,362,
77470,219,182,401,
77471,213,152,365,
77472,212,189,401,
77474,233,161,394,
77475,241,162,403,
77476,192,174,366,
77477,194,172,366,
77478,199,164,363,
77479,215,146,361,
77480,199,170,369,
77481,224,179,403,
77482,205,179,384,
77483,184,185,369,
77484,200,174,374,
77485,210,156,366,
77486,233,153,386,
77487,220,182,402,
77490,211,152,363,
77491,192,160,352,
77492,233,175,408,
77493,221,166,387,
77494,210,178,388,
77496,219,166,385,
77497,211,154,365,
77498,210,161,371,
77499,214,170,384,
77500,200,161,361,
77501,219,150,369,
77503,205,175,380,
77505,213,156,369,
77508,166,159,325,
77509,192,157,349,
77510,25,27,52,
77511,207,169,376,
77513,202,154,356,
77514,199,156,355,
77516,210,154,364,
77517,194,173,367,
77518,140,122,262,
77519,37,22,59,
77520,5,4,9,
77521,207,185,392,
77522,212,168,380,
77524,215,156,371,
77525,226,169,395,
77526,233,164,397,
77527,184,177,361,
77529,178,154,332,
77530,230,165,395,
77531,143,115,258,
77532,224,166,390,
77533,194,146,340,
77534,218,156,374,
77536,225,169,394,
77537,184,162,346,
77538,227,149,376,
77540,188,163,351,
77541,235,156,391,
77542,201,160,361,
77543,249,140,389,
77544,229,155,384,
77545,217,165,382,
77546,215,161,376,
77547,200,164,364,
77548,208,168,376,
77549,228,164,392,
77550,241,147,388,
77552,184,162,346,
77553,214,171,385,
77555,185,171,356,
77557,196,163,359,
77559,215,166,381,
77560,228,157,385,
77562,220,174,394,
77563,217,159,376,
77564,191,181,372,
77565,193,179,372,
77567,236,145,381,
77570,207,173,380,
77571,190,141,331,
77572,215,165,380,
77573,218,147,365,
77574,210,154,364,
77575,176,136,312,
77577,209,165,374,
77579,216,173,389,
77580,188,155,343,
77581,227,149,376,
77582,204,155,359,
77583,207,181,388,
77584,214,171,385,
77585,172,135,307,
77586,219,167,386,
77587,214,148,362,
77588,215,146,361,
77589,212,190,402,
77593,217,134,351,
77594,37,20,57,
77595,208,184,392,
77597,199,176,375,
77599,198,154,352,
77600,218,166,384,
77601,207,167,374,
77602,210,147,357,
77603,223,142,365,
77605,217,178,395,
77606,198,158,356,
77607,187,159,346,
77608,225,175,400,
77609,213,168,381,
77610,219,155,374,
77611,167,168,335,
77612,227,169,396,
77613,217,169,386,
77617,211,154,365,
77618,175,161,336,
77620,210,194,404,
77623,211,145,356,
77624,211,166,377,
77625,184,185,369,
77626,209,161,370,
77627,196,179,375,
77628,36,37,73,
77629,216,174,390,
77631,209,158,367,
77632,195,155,350,
77634,216,172,388,
77635,208,169,377,
77636,227,162,389,
77637,217,179,396,
77638,194,172,366,
77639,222,167,389,
77640,148,110,258,
77641,219,168,387,
77642,210,156,366,
77645,183,178,361,
77647,196,150,346,
77648,192,170,362,
77649,50,39,89,
77650,219,157,376,
77651,210,183,393,
77652,228,171,399,
77654,218,161,379,
77655,195,157,352,
77656,216,174,390,
77657,202,185,387,
77658,227,146,373,
77659,231,181,412,
77660,234,193,427,
77661,214,170,384,
77662,195,187,382,
77663,234,151,385,
77664,220,168,388,
77665,222,140,362,
77666,199,157,356,
77669,36,18,54,
77670,15,11,26,
77671,188,155,343,
77672,195,188,383,
77673,192,149,341,
77675,211,174,385,
77676,189,168,357,
77677,225,162,387,
77681,205,163,368,
77684,196,153,349,
77685,206,162,368,
77686,198,202,400,
77687,227,155,382,
77688,207,176,383,
77689,202,152,354,
77690,204,151,355,
77691,220,147,367,
77692,208,154,362,
77693,247,179,426,
77694,178,131,309,
77695,192,166,358,
77696,260,153,413,
77697,202,162,364,
77698,210,160,370,
77699,208,179,387,
77702,222,190,412,
77703,213,159,372,
77704,209,143,352,
77705,219,158,377,
77707,201,177,378,
77708,212,172,384,
77709,218,152,370,
77710,162,184,346,
77711,190,159,349,
77712,220,159,379,
77713,217,188,405,
77714,212,165,377,
77715,209,184,393,
77716,205,162,367,
77718,231,157,388,
77719,222,149,371,
77720,216,152,368,
77721,221,186,407,
77722,224,149,373,
77724,199,161,360,
77727,224,174,398,
77728,194,173,367,
77729,200,164,364,
77730,188,165,353,
77731,227,154,381,
77732,210,148,358,
77733,206,177,383,
77735,204,157,361,
77737,151,180,331,
77738,242,178,420,
77739,231,181,412,
77740,229,187,416,
77742,214,166,380,
77743,149,149,298,
77744,220,152,372,
77746,219,140,359,
77747,233,191,424,
77748,203,158,361,
77750,170,151,321,
77752,33,18,51,
77754,40,27,67,
77755,204,167,371,
77756,198,186,384,
77758,31,19,50,
77759,170,155,325,
77760,47,48,95,
77761,24,20,44,
77762,210,161,371,
77763,177,157,334,
77764,12,13,25,
77765,231,148,379,
77766,223,159,382,
77767,227,171,398,
77769,199,149,348,
77770,212,200,412,
77771,218,193,411,
77772,236,165,401,
77773,235,164,399,
77774,208,149,357,
77775,198,156,354,
77777,207,176,383,
77778,39,33,72,
77779,191,167,358,
77780,207,169,376,
77781,193,165,358,
77784,36,29,65,
77785,225,174,399,
77786,215,166,381,
77787,222,148,370,
77788,45,33,78,
77789,198,131,329,
77790,187,194,381,
77791,239,161,400,
77792,200,157,357,
77793,206,141,347,
77794,217,151,368,
77797,213,161,374,
77798,191,179,370,
77800,209,177,386,
77802,220,171,391,
77803,232,150,382,
77805,213,155,368,
77806,189,165,354,
77807,215,158,373,
77808,211,154,365,
77809,217,161,378,
77810,215,188,403,
77811,191,167,358,
77812,216,180,396,
77813,178,167,345,
77814,206,173,379,
77815,177,176,353,
77816,146,103,249,
77817,246,148,394,
77818,218,182,400,
77819,201,157,358,
77820,27,27,54,
77821,213,156,369,
77822,193,166,359,
77824,207,199,406,
77828,193,162,355,
77829,25,23,48,
77830,224,178,402,
77831,242,146,388,
77833,216,152,368,
77834,213,161,374,
77835,210,163,373,
77836,229,171,400,
77838,220,188,408,
77839,209,175,384,
77841,211,177,388,
77842,198,156,354,
77844,20,21,41,
77845,128,105,233,
77846,209,155,364,
77847,200,178,378,
77848,232,139,371,
77849,229,160,389,
77850,203,180,383,
77851,201,186,387,
77852,201,179,380,
77854,206,142,348,
77855,224,153,377,
77857,204,177,381,
77858,212,144,356,
77860,197,165,362,
77861,196,174,370,
77862,212,185,397,
77863,213,173,386,
77864,226,161,387,
77865,222,175,397,
77866,236,154,390,
77867,224,159,383,
77868,195,173,368,
77869,188,179,367,
77870,220,173,393,
77871,213,182,395,
77872,185,145,330,
77873,217,181,398,
77875,223,169,392,
77876,28,28,56,
77877,204,171,375,
77878,223,157,380,
77881,196,159,355,
77882,236,173,409,
77883,218,159,377,
77884,184,161,345,
77885,227,148,375,
77886,212,154,366,
77887,235,158,393,
77889,230,154,384,
77890,182,170,352,
77891,185,165,350,
77892,207,164,371,
77893,222,165,387,
77894,204,160,364,
77895,190,176,366,
77896,24,24,48,
77897,232,153,385,
77898,216,192,408,
77899,217,171,388,
77900,202,159,361,
77902,207,160,367,
77903,220,172,392,
77904,205,166,371,
77905,215,166,381,
77906,208,165,373,
77908,213,161,374,
77910,213,145,358,
77911,181,155,336,
77912,214,156,370,
77913,237,159,396,
77917,222,169,391,
77919,218,179,397,
77922,224,184,408,
77923,200,173,373,
77926,222,141,363,
77928,215,176,391,
77929,220,160,380,
77930,209,137,346,
77931,226,142,368,
77932,224,159,383,
77933,182,166,348,
77934,216,169,385,
77936,195,151,346,
77937,222,183,405,
77938,209,170,379,
77941,209,147,356,
77942,156,126,282,
77944,201,171,372,
77945,210,164,374,
77946,220,160,380,
77947,205,162,367,
77948,215,158,373,
77949,27,28,55,
77951,218,156,374,
77952,210,166,376,
77953,225,151,376,
77955,210,178,388,
77956,204,176,380,
77957,225,169,394,
77959,196,146,342,
77962,186,144,330,
77963,220,145,365,
77964,219,152,371,
77966,203,182,385,
77967,201,156,357,
77968,193,160,353,
77969,205,149,354,
77970,201,197,398,
77971,203,149,352,
77972,221,145,366,
77973,51,37,88,
77974,225,155,380,
77975,227,185,412,
77979,185,177,362,
77980,229,173,402,
77981,203,157,360,
77984,215,198,413,
77985,184,152,336,
77986,186,176,362,
77987,187,169,356,
77988,212,164,376,
77989,184,210,394,
77990,39,32,71,
77991,159,137,296,
77992,248,168,416,
77993,217,166,383,
77994,216,153,369,
77995,204,154,358,
77996,207,172,379,
78000,223,176,399,
78001,209,144,353,
78002,202,166,368,
78003,191,189,380,
78004,224,151,375,
78006,196,148,344,
78007,209,161,370,
78008,186,160,346,
78009,238,150,388,
78011,213,164,377,
78012,35,37,72,
78013,190,161,351,
78014,216,165,381,
78015,189,167,356,
78016,210,195,405,
78017,212,165,377,
78018,247,163,410,
78019,239,173,412,
78021,210,184,394,
78023,201,169,370,
78025,189,156,345,
78026,204,173,377,
78028,206,168,374,
78031,209,144,353,
78034,202,167,369,
78035,216,181,397,
78036,202,163,365,
78037,231,150,381,
78043,195,180,375,
78044,184,172,356,
78045,196,167,363,
78046,206,134,340,
78047,227,163,390,
78051,201,177,378,
78052,181,176,357,
78053,222,178,400,
78054,242,147,389,
78055,215,159,374,
78056,190,190,380,
78059,211,172,383,
78060,211,154,365,
78061,197,175,372,
78062,205,134,339,
78064,213,157,370,
78065,229,182,411,
78066,224,170,394,
78067,172,132,304,
78068,213,162,375,
78069,210,149,359,
78070,231,161,392,
78073,226,169,395,
78074,168,153,321,
78075,208,168,376,
78076,183,180,363,
78077,215,183,398,
78078,195,177,372,
78079,179,177,356,
78080,205,140,345,
78081,222,163,385,
78082,242,136,378,
78083,190,129,319,
78084,192,166,358,
78088,225,151,376,
78089,234,163,397,
78090,196,182,378,
78091,198,177,375,
78092,224,169,393,
78093,206,146,352,
78094,201,170,371,
78095,200,138,338,
78096,215,161,376,
78097,232,166,398,
78098,208,160,368,
78099,17,13,30,
78100,218,152,370,
78101,204,175,379,
78102,209,166,375,
78103,228,163,391,
78104,201,161,362,
78105,209,166,375,
78106,200,136,336,
78107,210,187,397,
78108,227,152,379,
78109,209,164,373,
78110,160,130,290,
78111,229,167,396,
78112,241,167,408,
78113,208,136,344,
78114,199,169,368,
78115,225,133,358,
78116,210,164,374,
78117,203,190,393,
78118,202,174,376,
78120,230,169,399,
78121,210,153,363,
78122,209,144,353,
78123,237,156,393,
78124,14,31,45,
78126,207,139,346,
78127,200,155,355,
78128,199,137,336,
78131,212,166,378,
78133,212,159,371,
78134,223,155,378,
78136,206,164,370,
78137,220,154,374,
78139,194,147,341,
78140,226,155,381,
78141,217,160,377,
78142,22,24,46,
78143,198,173,371,
78145,217,165,382,
78146,204,176,380,
78147,187,150,337,
78148,208,154,362,
78150,218,157,375,
78152,213,146,359,
78154,204,168,372,
78155,199,151,350,
78156,216,166,382,
78158,230,176,406,
78160,177,143,320,
78161,234,172,406,
78162,181,160,341,
78163,187,166,353,
78164,218,151,369,
78165,209,169,378,
78166,228,170,398,
78167,202,147,349,
78168,219,144,363,
78169,198,179,377,
78171,197,166,363,
78172,223,178,401,
78173,195,178,373,
78174,4,3,7,
78177,208,143,351,
78180,197,141,338,
78181,219,174,393,
78182,11,8,19,
78183,1,4,5,
78185,203,192,395,
78186,180,132,312,
78187,186,207,393,
78188,194,164,358,
78190,243,154,397,
78191,208,182,390,
78193,216,144,360,
78195,215,167,382,
78196,212,136,348,
78197,217,166,383,
78198,229,154,383,
78203,231,182,413,
78204,195,158,353,
78205,216,157,373,
78206,236,137,373,
78208,200,154,354,
78209,55,44,99,
78211,203,160,363,
78213,220,171,391,
78214,38,30,68,
78215,222,164,386,
78216,225,144,369,
78218,224,137,361,
78219,187,175,362,
78220,210,149,359,
78223,197,153,350,
78224,222,157,379,
78225,212,181,393,
78226,220,195,415,
78227,201,185,386,
78228,206,166,372,
78229,189,162,351,
78230,126,131,257,
78231,227,160,387,
78232,204,145,349,
78233,211,153,364,
78234,213,174,387,
78236,166,133,299,
78238,202,170,372,
78240,199,165,364,
78242,209,163,372,
78243,210,173,383,
78245,22,24,46,
78246,192,169,361,
78247,197,152,349,
78249,216,168,384,
78250,210,187,397,
78251,216,168,384,
78252,192,174,366,
78253,218,158,376,
78254,190,156,346,
78255,237,187,424,
78256,226,167,393,
78257,208,160,368,
78258,186,157,343,
78260,194,149,343,
78261,210,167,377,
78262,206,186,392,
78264,189,155,344,
78265,213,181,394,
78266,220,165,385,
78268,230,157,387,
78269,193,158,351,
78271,225,160,385,
78272,213,167,380,
78273,241,164,405,
78275,209,163,372,
78277,195,151,346,
78279,205,167,372,
78281,223,179,402,
78283,212,163,375,
78284,200,186,386,
78285,220,181,401,
78288,212,165,377,
78289,229,162,391,
78290,192,178,370,
78291,242,193,435,
78293,22,23,45,
78295,206,169,375,
78296,234,140,374,
78297,224,169,393,
78298,222,133,355,
78299,243,178,421,
78300,205,191,396,
78301,222,158,380,
78302,223,162,385,
78303,218,154,372,
78304,183,131,314,
78305,33,17,50,
78306,213,137,350,
78307,208,143,351,
78308,236,158,394,
78310,207,170,377,
78311,212,197,409,
78312,201,165,366,
78315,223,159,382,
78317,201,171,372,
78318,230,169,399,
78319,199,180,379,
78322,206,169,375,
78324,186,141,327,
78326,209,187,396,
78328,185,146,331,
78329,224,170,394,
78330,223,158,381,
78331,37,27,64,
78332,212,145,357,
78333,208,161,369,
78336,194,189,383,
78337,206,144,350,
78341,229,158,387,
78342,204,169,373,
78343,192,165,357,
78344,212,168,380,
78346,189,153,342,
78347,20,22,42,
78348,200,144,344,
78349,207,166,373,
78351,179,125,304,
78352,195,161,356,
78353,161,118,279,
78354,41,36,77,
78355,175,147,322,
78356,195,147,342,
78357,218,170,388,
78358,44,32,76,
78360,211,161,372,
78361,219,177,396,
78362,219,174,393,
78364,202,173,375,
78368,202,144,346,
78370,239,176,415,
78371,204,189,393,
78372,206,181,387,
78373,201,162,363,
78374,204,172,376,
78376,210,178,388,
78379,208,181,389,
78380,206,158,364,
78383,203,167,370,
78384,211,181,392,
78385,205,165,370,
78387,195,177,372,
78388,215,159,374,
78389,188,167,355,
78390,192,159,351,
78391,193,181,374,
78392,214,179,393,
78394,198,157,355,
78395,210,156,366,
78396,215,152,367,
78397,220,153,373,
78398,225,200,425,
78399,15,12,27,
78400,216,183,399,
78401,191,174,365,
78402,216,180,396,
78403,237,166,403,
78404,222,153,375,
78405,171,113,284,
78406,35,16,51,
78408,190,176,366,
78409,214,175,389,
78410,215,187,402,
78411,193,189,382,
78413,222,150,372,
78414,211,173,384,
78415,22,25,47,
78416,194,187,381,
78417,249,166,415,
78418,206,159,365,
78419,224,144,368,
78420,186,176,362,
78421,193,190,383,
78422,188,161,349,
78423,224,153,377,
78424,233,169,402,
78425,221,153,374,
78427,221,154,375,
78428,205,150,355,
78429,216,147,363,
78432,209,171,380,
78433,209,160,369,
78435,215,142,357,
78436,113,73,186,
78437,201,165,366,
78438,214,148,362,
78439,211,153,364,
78440,163,115,278,
78441,211,136,347,
78442,228,155,383,
78443,207,186,393,
78445,196,153,349,
78447,208,174,382,
78448,212,158,370,
78449,241,154,395,
78451,205,170,375,
78452,214,174,388,
78454,204,150,354,
78455,208,147,355,
78457,217,156,373,
78459,226,163,389,
78460,213,160,373,
78461,193,161,354,
78462,193,149,342,
78464,193,154,347,
78466,5,2,7,
78467,201,193,394,
78468,208,156,364,
78469,196,168,364,
78470,230,168,398,
78471,205,188,393,
78472,207,171,378,
78474,215,165,380,
78475,240,153,393,
78477,218,166,384,
78478,210,159,369,
78479,228,139,367,
78480,212,164,376,
78481,224,164,388,
78483,213,164,377,
78485,215,135,350,
78486,187,147,334,
78487,196,171,367,
78488,223,174,397,
78489,206,169,375,
78490,189,157,346,
78491,201,161,362,
78492,193,195,388,
78493,203,160,363,
78494,221,161,382,
78495,34,24,58,
78496,210,196,406,
78498,223,145,368,
78499,223,180,403,
78500,253,159,412,
78501,197,183,380,
78503,222,173,395,
78504,198,136,334,
78505,222,142,364,
78507,210,187,397,
78509,198,171,369,
78510,241,147,388,
78511,200,158,358,
78512,219,160,379,
78513,204,167,371,
78514,201,150,351,
78515,196,150,346,
78517,206,154,360,
78518,201,141,342,
78521,204,159,363,
78522,233,172,405,
78523,205,149,354,
78524,229,151,380,
78525,201,174,375,
78526,194,188,382,
78527,207,191,398,
78528,224,163,387,
78530,206,168,374,
78531,193,149,342,
78533,218,150,368,
78534,214,167,381,
78535,214,179,393,
78536,159,106,265,
78538,203,161,364,
78539,224,166,390,
78540,198,162,360,
78541,33,27,60,
78542,71,59,130,
78543,235,162,397,
78544,215,180,395,
78545,203,184,387,
78546,161,100,261,
78547,207,163,370,
78548,216,165,381,
78551,194,140,334,
78552,200,172,372,
78553,213,184,397,
78555,191,169,360,
78559,204,172,376,
78560,225,209,434,
78561,42,33,75,
78563,209,157,366,
78564,219,174,393,
78565,191,169,360,
78566,215,161,376,
78567,233,163,396,
78568,194,158,352,
78569,229,174,403,
78570,174,175,349,
78572,224,154,378,
78573,221,164,385,
78576,207,170,377,
78577,201,192,393,
78579,195,172,367,
78580,199,172,371,
78581,228,177,405,
78582,54,45,99,
78583,212,149,361,
78584,208,122,330,
78585,197,148,345,
78586,236,155,391,
78588,209,161,370,
78589,217,188,405,
78590,210,158,368,
78591,223,166,389,
78592,149,118,267,
78593,217,155,372,
78594,32,23,55,
78595,218,173,391,
78596,203,144,347,
78597,201,186,387,
78603,200,177,377,
78604,195,169,364,
78605,188,186,374,
78606,222,167,389,
78607,210,189,399,
78608,202,156,358,
78610,209,151,360,
78612,209,156,365,
78613,140,123,263,
78614,222,161,383,
78615,222,164,386,
78616,225,179,404,
78617,271,169,440,
78618,191,145,336,
78619,204,164,368,
78621,228,160,388,
78623,214,146,360,
78624,215,163,378,
78625,231,167,398,
78626,223,142,365,
78627,208,161,369,
78628,198,152,350,
78629,229,153,382,
78631,198,188,386,
78633,201,151,352,
78634,221,163,384,
78635,10,8,18,
78636,199,175,374,
78638,200,156,356,
78639,212,178,390,
78640,188,146,334,
78641,194,170,364,
78646,196,145,341,
78647,204,154,358,
78648,183,171,354,
78649,199,130,329,
78650,195,161,356,
78652,183,165,348,
78653,238,183,421,
78654,219,159,378,
78655,208,187,395,
78656,205,186,391,
78657,215,150,365,
78658,229,170,399,
78660,239,139,378,
78661,197,148,345,
78662,211,159,370,
78663,228,152,380,
78665,201,195,396,
78666,211,176,387,
78668,228,165,393,
78670,206,161,367,
78671,172,130,302,
78672,224,157,381,
78673,187,182,369,
78674,202,167,369,
78675,205,141,346,
78676,216,163,379,
78678,30,23,53,
78681,208,192,400,
78682,237,173,410,
78684,218,178,396,
78685,227,171,398,
78687,214,177,391,
78688,223,158,381,
78689,35,19,54,
78690,210,185,395,
78691,183,172,355,
78692,226,177,403,
78693,212,164,376,
78694,162,135,297,
78696,207,181,388,
78697,209,159,368,
78698,221,164,385,
78699,202,187,389,
78700,196,156,352,
78701,205,154,359,
78702,233,164,397,
78703,221,172,393,
78704,222,188,410,
78706,25,22,47,
78707,202,187,389,
78708,195,161,356,
78710,33,33,66,
78711,201,174,375,
78712,217,172,389,
78713,203,180,383,
78714,206,174,380,
78715,196,171,367,
78716,242,176,418,
78717,209,161,370,
78718,128,112,240,
78719,197,183,380,
78720,202,156,358,
78721,210,166,376,
78722,208,152,360,
78723,14,22,36,
78724,197,164,361,
78726,205,175,380,
78727,233,171,404,
78728,220,153,373,
78729,13,18,31,
78730,214,158,372,
78731,204,173,377,
78732,212,165,377,
78733,210,151,361,
78734,205,151,356,
78735,190,143,333,
78737,200,159,359,
78740,219,166,385,
78742,19,22,41,
78743,206,143,349,
78744,191,152,343,
78745,211,173,384,
78746,209,162,371,
78747,212,152,364,
78748,202,169,371,
78749,207,142,349,
78750,213,186,399,
78752,210,161,371,
78754,219,167,386,
78756,156,156,312,
78758,221,156,377,
78759,194,159,353,
78761,196,171,367,
78764,225,162,387,
78765,232,142,374,
78766,221,159,380,
78767,223,144,367,
78770,217,195,412,
78771,236,177,413,
78772,207,179,386,
78773,187,171,358,
78774,211,146,357,
78775,203,150,353,
78776,8,4,12,
78777,221,158,379,
78778,3,11,14,
78779,48,26,74,
78781,173,126,299,
78782,222,169,391,
78783,221,162,383,
78784,228,141,369,
78785,192,174,366,
78786,201,131,332,
78788,221,164,385,
78789,188,173,361,
78790,207,151,358,
78791,38,27,65,
78792,240,176,416,
78793,207,155,362,
78794,49,24,73,
78795,1,2,3,
78796,18,28,46,
78797,189,155,344,
78798,221,182,403,
78799,212,158,370,
78800,200,173,373,
78801,195,158,353,
78802,198,144,342,
78803,212,161,373,
78804,215,169,384,
78805,213,171,384,
78806,234,179,413,
78808,202,177,379,
78809,209,138,347,
78811,228,155,383,
78812,222,186,408,
78815,217,162,379,
78816,207,169,376,
78817,196,157,353,
78818,23,25,48,
78819,224,156,380,
78820,200,166,366,
78821,216,155,371,
78824,208,172,380,
78825,215,176,391,
78826,234,152,386,
78828,178,133,311,
78829,214,172,386,
78830,214,179,393,
78831,206,179,385,
78832,220,162,382,
78833,212,170,382,
78838,208,165,373,
78839,196,157,353,
78840,210,151,361,
78842,182,185,367,
78844,189,165,354,
78845,232,158,390,
78846,196,160,356,
78849,203,162,365,
78851,192,163,355,
78853,217,189,406,
78854,216,175,391,
78855,152,133,285,
78856,226,194,420,
78857,239,149,388,
78858,199,160,359,
78860,224,170,394,
78861,188,184,372,
78863,197,166,363,
78864,171,147,318,
78865,200,160,360,
78867,198,157,355,
78868,217,160,377,
78869,13,10,23,
78870,214,170,384,
78871,195,181,376,
78872,222,152,374,
78874,154,169,323,
78876,218,159,377,
78877,231,160,391,
78878,222,181,403,
78879,214,171,385,
78880,215,178,393,
78881,205,158,363,
78883,235,165,400,
78884,179,156,335,
78887,207,192,399,
78888,179,176,355,
78889,211,174,385,
78890,177,152,329,
78891,222,166,388,
78892,185,155,340,
78894,218,157,375,
78895,223,179,402,
78896,204,174,378,
78897,222,139,361,
78898,224,158,382,
78900,208,142,350,
78902,210,183,393,
78903,191,184,375,
78904,199,154,353,
78905,218,153,371,
78906,201,183,384,
78907,177,161,338,
78908,190,171,361,
78909,219,156,375,
78911,230,156,386,
78912,197,162,359,
78913,189,155,344,
78914,212,157,369,
78916,211,177,388,
78917,213,162,375,
78918,208,169,377,
78919,196,171,367,
78921,209,163,372,
78922,196,185,381,
78924,219,151,370,
78925,223,160,383,
78926,190,179,369,
78928,204,154,358,
78929,221,151,372,
78930,174,129,303,
78931,170,154,324,
78932,195,146,341,
78934,222,171,393,
78935,195,180,375,
78936,210,148,358,
78937,180,122,302,
78938,237,199,436,
78939,215,188,403,
78940,248,166,414,
78941,197,171,368,
78942,191,137,328,
78944,231,171,402,
78947,218,166,384,
78948,224,175,399,
78949,189,173,362,
78951,195,169,364,
78952,215,158,373,
78953,221,154,375,
78954,209,169,378,
78955,216,161,377,
78956,35,32,67,
78958,217,175,392,
78959,192,140,332,
78961,208,162,370,
78962,204,180,384,
78963,194,169,363,
78964,198,154,352,
78965,233,142,375,
78966,199,153,352,
78968,207,170,377,
78969,214,158,372,
78970,197,176,373,
78971,209,151,360,
78978,234,179,413,
78979,196,146,342,
78981,208,147,355,
78982,153,103,256,
78984,213,186,399,
78985,32,23,55,
78986,203,154,357,
78987,180,185,365,
78988,152,136,288,
78989,204,177,381,
78990,215,178,393,
78991,226,166,392,
78992,225,156,381,
78996,217,157,374,
78997,212,177,389,
78998,205,176,381,
78999,202,158,360,
79001,213,147,360,
79002,202,183,385,
79004,219,163,382,
79005,219,184,403,
79006,223,188,411,
79007,220,161,381,
79008,226,158,384,
79009,210,145,355,
79010,198,191,389,
79013,233,160,393,
79016,176,165,341,
79017,187,193,380,
79018,235,174,409,
79020,213,186,399,
79021,225,146,371,
79022,200,180,380,
79023,225,147,372,
79024,204,165,369,
79025,233,180,413,
79026,197,164,361,
79027,205,160,365,
79028,211,179,390,
79029,206,192,398,
79030,194,154,348,
79031,202,128,330,
79032,199,156,355,
79033,226,165,391,
79034,198,193,391,
79035,38,24,62,
79036,213,149,362,
79037,206,152,358,
79038,203,151,354,
79039,209,161,370,
79040,219,150,369,
79041,199,159,358,
79042,224,164,388,
79043,38,39,77,
79044,181,140,321,
79045,215,153,368,
79046,212,184,396,
79047,204,176,380,
79048,148,118,266,
79050,189,166,355,
79052,204,150,354,
79055,34,20,54,
79058,228,157,385,
79059,194,152,346,
79062,238,160,398,
79063,218,171,389,
79064,249,193,442,
79065,184,163,347,
79066,213,173,386,
79072,209,161,370,
79073,188,151,339,
79074,183,156,339,
79075,222,154,376,
79077,257,160,417,
79078,218,160,378,
79080,167,183,350,
79081,197,170,367,
79085,239,158,397,
79086,215,161,376,
79087,179,143,322,
79088,200,162,362,
79089,207,186,393,
79090,201,161,362,
79091,203,164,367,
79092,210,160,370,
79093,215,163,378,
79094,207,152,359,
79097,189,184,373,
79098,221,141,362,
79099,209,183,392,
79100,178,168,346,
79101,218,178,396,
79102,206,150,356,
79103,228,163,391,
79104,10,4,14,
79105,192,180,372,
79107,192,178,370,
79109,233,184,417,
79110,189,165,354,
79111,218,166,384,
79112,197,167,364,
79113,188,147,335,
79114,221,168,389,
79116,222,151,373,
79117,191,185,376,
79118,26,24,50,
79119,201,163,364,
79121,198,181,379,
79123,25,20,45,
79124,223,162,385,
79125,223,121,344,
79127,201,144,345,
79130,229,145,374,
79131,200,160,360,
79132,222,156,378,
79133,240,194,434,
79136,192,155,347,
79138,227,169,396,
79139,182,188,370,
79140,207,152,359,
79141,217,172,389,
79142,205,168,373,
79143,218,169,387,
79144,203,148,351,
79145,218,157,375,
79149,213,164,377,
79151,219,169,388,
79152,196,167,363,
79154,194,140,334,
79156,224,166,390,
79157,225,144,369,
79158,186,174,360,
79159,199,181,380,
79160,205,148,353,
79162,154,134,288,
79163,23,23,46,
79164,196,156,352,
79166,216,162,378,
79167,201,172,373,
79168,202,147,349,
79169,27,32,59,
79171,205,161,366,
79172,233,152,385,
79173,202,146,348,
79175,220,138,358,
79176,202,171,373,
79177,209,151,360,
79179,221,163,384,
79180,217,166,383,
79184,212,145,357,
79186,212,152,364,
79187,208,172,380,
79188,199,166,365,
79189,212,165,377,
79190,178,141,319,
79191,210,189,399,
79192,207,190,397,
79193,189,173,362,
79194,205,181,386,
79195,222,174,396,
79196,231,150,381,
79197,218,163,381,
79199,214,164,378,
79200,178,129,307,
79201,231,160,391,
79203,215,171,386,
79204,195,158,353,
79205,190,173,363,
79206,203,179,382,
79207,189,166,355,
79208,229,176,405,
79210,221,174,395,
79211,243,172,415,
79212,33,33,66,
79213,191,160,351,
79215,190,154,344,
79217,216,171,387,
79218,203,161,364,
79219,208,162,370,
79220,202,179,381,
79223,209,167,376,
79224,210,184,394,
79225,197,168,365,
79226,229,175,404,
79227,196,180,376,
79228,209,155,364,
79230,211,161,372,
79231,196,156,352,
79232,172,173,345,
79233,202,177,379,
79234,191,156,347,
79235,177,147,324,
79237,175,152,327,
79238,205,163,368,
79239,223,173,396,
79240,215,153,368,
79241,192,163,355,
79242,198,168,366,
79243,208,164,372,
79246,217,148,365,
79247,192,155,347,
79248,188,148,336,
79249,200,157,357,
79250,227,174,401,
79251,198,174,372,
79252,215,176,391,
79253,212,170,382,
79254,26,29,55,
79255,202,161,363,
79256,199,157,356,
79260,177,160,337,
79261,212,141,353,
79262,209,149,358,
79263,212,176,388,
79265,170,164,334,
79267,208,135,343,
79269,196,162,358,
79270,245,164,409,
79272,219,169,388,
79274,193,181,374,
79276,203,151,354,
79277,199,172,371,
79278,200,160,360,
79279,218,156,374,
79280,193,173,366,
79281,176,154,330,
79282,202,149,351,
79283,211,192,403,
79284,215,173,388,
79285,192,172,364,
79286,29,18,47,
79287,240,182,422,
79289,214,161,375,
79290,216,141,357,
79291,227,159,386,
79292,196,152,348,
79293,210,154,364,
79294,211,173,384,
79295,212,175,387,
79296,188,193,381,
79297,192,157,349,
79298,205,166,371,
79299,192,186,378,
79300,178,169,347,
79301,220,187,407,
79302,198,158,356,
79304,215,175,390,
79306,211,167,378,
79307,228,180,408,
79308,205,153,358,
79309,209,182,391,
79310,225,138,363,
79311,190,160,350,
79312,199,182,381,
79313,39,20,59,
79314,203,190,393,
79315,218,158,376,
79316,215,175,390,
79317,202,144,346,
79318,219,160,379,
79319,218,158,376,
79320,221,159,380,
79321,217,165,382,
79322,177,172,349,
79323,213,198,411,
79325,210,160,370,
79327,209,178,387,
79328,216,165,381,
79329,29,24,53,
79330,218,164,382,
79331,51,29,80,
79332,209,170,379,
79334,221,166,387,
79335,213,171,384,
79336,191,164,355,
79338,214,170,384,
79339,211,144,355,
79340,214,170,384,
79342,226,170,396,
79343,204,147,351,
79345,195,154,349,
79347,205,174,379,
79348,218,173,391,
79349,234,161,395,
79350,241,144,385,
79351,201,179,380,
79352,216,139,355,
79354,194,158,352,
79356,194,157,351,
79357,217,170,387,
79358,226,172,398,
79359,198,142,340,
79360,158,123,281,
79361,216,161,377,
79362,208,158,366,
79365,208,176,384,
79366,235,158,393,
79367,226,169,395,
79369,244,165,409,
79370,28,22,50,
79372,223,179,402,
79373,235,169,404,
79374,199,161,360,
79375,210,158,368,
79377,10,12,22,
79378,220,160,380,
79380,172,148,320,
79381,231,155,386,
79383,193,169,362,
79384,201,173,374,
79385,198,175,373,
79386,222,162,384,
79388,207,184,391,
79389,188,177,365,
79390,203,162,365,
79391,197,203,400,
79392,206,174,380,
79393,219,155,374,
79394,180,195,375,
79396,203,160,363,
79398,208,153,361,
79399,235,144,379,
79400,189,170,359,
79401,199,158,357,
79404,214,170,384,
79405,214,144,358,
79407,204,183,387,
79408,228,149,377,
79409,201,154,355,
79410,211,157,368,
79411,228,156,384,
79412,216,153,369,
79413,204,175,379,
79414,223,144,367,
79415,208,160,368,
79416,218,187,405,
79417,202,177,379,
79418,208,154,362,
79421,212,157,369,
79422,187,179,366,
79423,205,162,367,
79424,239,171,410,
79425,239,161,400,
79427,198,176,374,
79428,217,163,380,
79429,215,170,385,
79430,208,163,371,
79432,180,154,334,
79433,229,160,389,
79434,192,175,367,
79435,203,161,364,
79436,207,157,364,
79437,190,173,363,
79438,209,157,366,
79440,200,150,350,
79441,254,160,414,
79442,208,177,385,
79443,41,16,57,
79444,221,164,385,
79447,232,155,387,
79448,219,178,397,
79449,52,26,78,
79450,9,12,21,
79452,209,144,353,
79453,224,160,384,
79454,230,168,398,
79455,235,147,382,
79458,216,179,395,
79459,22,20,42,
79460,222,140,362,
79461,218,161,379,
79462,228,180,408,
79463,200,126,326,
79465,209,160,369,
79466,198,164,362,
79467,205,149,354,
79468,199,169,368,
79469,206,144,350,
79472,196,167,363,
79473,181,157,338,
79476,206,157,363,
79477,183,166,349,
79478,198,185,383,
79480,209,161,370,
79481,210,167,377,
79483,158,160,318,
79484,220,169,389,
79486,232,160,392,
79487,193,160,353,
79488,221,164,385,
79489,180,140,320,
79490,207,141,348,
79491,230,152,382,
79492,202,148,350,
79493,203,166,369,
79494,218,153,371,
79497,197,154,351,
79498,195,152,347,
79499,224,161,385,
79500,195,168,363,
79502,202,156,358,
79503,199,164,363,
79505,189,167,356,
79506,211,176,387,
79507,192,163,355,
79508,225,164,389,
79510,211,151,362,
79511,219,162,381,
79512,183,176,359,
79513,216,161,377,
79514,207,177,384,
79515,238,156,394,
79516,218,180,398,
79517,201,160,361,
79518,223,171,394,
79519,194,180,374,
79520,212,174,386,
79522,206,165,371,
79523,217,169,386,
79524,182,147,329,
79525,227,162,389,
79526,6,8,14,
79527,217,197,414,
79528,196,181,377,
79529,213,145,358,
79530,202,144,346,
79531,226,159,385,
79533,203,161,364,
79534,159,164,323,
79535,178,168,346,
79536,19,15,34,
79537,195,158,353,
79538,242,190,432,
79539,211,162,373,
79540,222,163,385,
79542,213,156,369,
79543,206,160,366,
79544,235,156,391,
79545,212,138,350,
79546,221,135,356,
79548,199,129,328,
79549,201,138,339,
79550,199,150,349,
79551,212,165,377,
79552,236,167,403,
79554,252,173,425,
79555,201,170,371,
79556,209,138,347,
79557,202,164,366,
79558,214,164,378,
79559,207,147,354,
79560,199,171,370,
79561,206,191,397,
79562,25,22,47,
79563,186,170,356,
79564,199,164,363,
79565,154,127,281,
79566,196,174,370,
79567,30,24,54,
79569,202,165,367,
79570,209,149,358,
79573,215,164,379,
79574,228,157,385,
79575,191,189,380,
79576,216,171,387,
79578,216,163,379,
79579,236,168,404,
79580,206,156,362,
79581,204,180,384,
79582,166,130,296,
79583,223,164,387,
79585,216,152,368,
79587,186,177,363,
79588,225,166,391,
79592,194,183,377,
79596,180,160,340,
79599,15,11,26,
79600,225,159,384,
79601,260,154,414,
79602,233,169,402,
79603,191,181,372,
79604,219,178,397,
79606,206,153,359,
79607,191,166,357,
79608,34,21,55,
79609,223,185,408,
79610,237,146,383,
79611,202,135,337,
79613,160,169,329,
79614,208,138,346,
79617,207,160,367,
79620,203,116,319,
79623,222,175,397,
79624,212,174,386,
79625,211,162,373,
79626,203,183,386,
79629,226,184,410,
79630,218,174,392,
79632,217,144,361,
79633,202,187,389,
79634,214,147,361,
79635,210,164,374,
79636,215,156,371,
79638,209,150,359,
79639,214,185,399,
79640,205,155,360,
79641,200,160,360,
79642,209,176,385,
79644,198,177,375,
79645,179,190,369,
79646,222,175,397,
79647,210,163,373,
79648,207,163,370,
79649,202,159,361,
79650,192,159,351,
79651,189,173,362,
79653,172,172,344,
79655,207,159,366,
79657,204,165,369,
79658,206,172,378,
79659,206,169,375,
79660,193,165,358,
79661,205,145,350,
79662,175,155,330,
79663,208,166,374,
79664,178,156,334,
79665,214,179,393,
79667,229,151,380,
79670,208,173,381,
79671,220,162,382,
79672,214,167,381,
79673,28,23,51,
79674,231,179,410,
79675,208,194,402,
79676,197,156,353,
79678,201,157,358,
79680,189,155,344,
79682,195,158,353,
79685,179,143,322,
79686,67,52,119,
79687,202,167,369,
79688,169,141,310,
79689,188,137,325,
79690,203,172,375,
79691,206,174,380,
79692,213,164,377,
79693,236,186,422,
79694,216,157,373,
79695,198,181,379,
79697,182,130,312,
79698,218,146,364,
79699,215,182,397,
79700,215,143,358,
79701,217,167,384,
79702,216,143,359,
79703,205,169,374,
79705,216,168,384,
79706,223,167,390,
79707,198,137,335,
79708,227,158,385,
79709,228,151,379,
79710,1,1,2,
79713,206,181,387,
79715,232,175,407,
79716,210,143,353,
79717,201,169,370,
79721,213,160,373,
79722,199,176,375,
79723,225,163,388,
79724,197,167,364,
79725,223,163,386,
79726,13,18,31,
79729,218,151,369,
79731,211,146,357,
79732,218,169,387,
79733,243,173,416,
79734,214,156,370,
79736,213,164,377,
79737,42,26,68,
79738,211,157,368,
79739,224,155,379,
79740,176,145,321,
79741,213,160,373,
79742,205,156,361,
79744,190,160,350,
79745,216,153,369,
79746,182,165,347,
79748,222,166,388,
79749,191,162,353,
79750,180,159,339,
79751,179,174,353,
79754,223,154,377,
79756,224,200,424,
79757,208,167,375,
79758,206,161,367,
79759,189,156,345,
79760,208,176,384,
79761,195,177,372,
79762,213,149,362,
79763,203,172,375,
79764,227,183,410,
79765,219,167,386,
79766,208,159,367,
79767,196,167,363,
79768,217,146,363,
79769,210,159,369,
79770,218,163,381,
79772,209,187,396,
79773,224,172,396,
79776,171,158,329,
79777,215,178,393,
79778,206,151,357,
79780,204,179,383,
79781,231,156,387,
79782,220,163,383,
79783,197,170,367,
79784,168,151,319,
79785,212,168,380,
79786,225,178,403,
79787,198,175,373,
79788,206,172,378,
79789,217,162,379,
79790,202,157,359,
79791,209,158,367,
79792,200,170,370,
79793,196,170,366,
79794,227,177,404,
79796,231,145,376,
79797,235,173,408,
79799,208,146,354,
79801,189,152,341,
79804,213,182,395,
79805,213,175,388,
79806,199,152,351,
79807,210,174,384,
79808,197,158,355,
79811,202,166,368,
79812,205,157,362,
79813,167,138,305,
79814,231,165,396,
79815,228,154,382,
79816,205,173,378,
79817,200,161,361,
79818,193,162,355,
79819,212,163,375,
79820,206,166,372,
79821,199,170,369,
79822,225,150,375,
79823,220,166,386,
79824,212,186,398,
79825,215,155,370,
79826,189,150,339,
79827,180,165,345,
79828,212,189,401,
79830,186,152,338,
79832,215,150,365,
79833,200,175,375,
79834,221,149,370,
79835,172,169,341,
79836,40,41,81,
79837,229,168,397,
79838,210,164,374,
79839,216,152,368,
79840,193,172,365,
79841,199,159,358,
79842,204,141,345,
79843,230,157,387,
79844,192,173,365,
79845,211,174,385,
79846,226,139,365,
79847,221,176,397,
79848,224,159,383,
79849,2,2,4,
79850,216,177,393,
79852,213,163,376,
79853,223,191,414,
79854,232,167,399,
79855,194,141,335,
79858,222,181,403,
79859,200,157,357,
79861,215,172,387,
79863,205,181,386,
79864,185,155,340,
79866,224,168,392,
79869,229,168,397,
79870,226,194,420,
79872,220,150,370,
79873,196,160,356,
79874,214,170,384,
79875,204,149,353,
79876,239,186,425,
79878,226,170,396,
79879,228,188,416,
79880,200,168,368,
79881,191,170,361,
79885,202,157,359,
79886,235,154,389,
79887,209,155,364,
79888,223,160,383,
79890,240,172,412,
79891,212,148,360,
79892,220,178,398,
79893,223,165,388,
79894,178,172,350,
79896,34,25,59,
79897,30,23,53,
79898,188,161,349,
79899,185,191,376,
79900,208,164,372,
79901,214,162,376,
79902,182,165,347,
79903,196,153,349,
79904,198,141,339,
79905,190,146,336,
79906,38,27,65,
79907,194,166,360,
79908,224,184,408,
79909,201,177,378,
79910,219,184,403,
79911,215,175,390,
79913,34,16,50,
79914,205,173,378,
79916,212,157,369,
79917,216,159,375,
79918,202,166,368,
79919,232,157,389,
79921,199,147,346,
79922,209,173,382,
79923,222,156,378,
79926,206,194,400,
79927,204,164,368,
79928,204,164,368,
79930,204,156,360,
79931,202,167,369,
79932,232,147,379,
79933,201,148,349,
79936,202,171,373,
79939,198,167,365,
79941,220,159,379,
79942,205,163,368,
79944,195,160,355,
79945,206,154,360,
79947,197,160,357,
79948,231,156,387,
79949,220,154,374,
79950,197,169,366,
79951,217,174,391,
79952,205,169,374,
79954,154,118,272,
79955,210,163,373,
79957,186,155,341,
79958,251,180,431,
79960,217,171,388,
79961,213,153,366,
79962,196,179,375,
79963,219,174,393,
79964,196,165,361,
79966,197,139,336,
79968,220,189,409,
79970,231,174,405,
79971,199,171,370,
79972,203,148,351,
79973,200,171,371,
79974,195,150,345,
79975,37,23,60,
79976,206,164,370,
79977,221,164,385,
79979,196,162,358,
79980,208,151,359,
79982,229,180,409,
79984,217,157,374,
79985,210,182,392,
79986,198,166,364,
79988,199,162,361,
79989,222,145,367,
79990,182,179,361,
79991,193,158,351,
79993,38,32,70,
79996,222,148,370,
79998,209,171,380,
80000,208,168,376,
80001,221,158,379,
80002,227,166,393,
80004,167,96,263,
80005,195,150,345,
80006,216,158,374,
80007,206,164,370,
80008,207,166,373,
80009,211,167,378,
80010,252,149,401,
80011,202,170,372,
80013,209,177,386,
80014,215,178,393,
80015,211,175,386,
80017,212,156,368,
80018,198,151,349,
80019,239,165,404,
80020,218,158,376,
80021,203,165,368,
80022,191,160,351,
80023,232,142,374,
80024,173,146,319,
80025,203,174,377,
80027,232,168,400,
80032,220,139,359,
80033,227,159,386,
80034,195,152,347,
80036,203,180,383,
80037,220,146,366,
80038,222,160,382,
80039,226,170,396,
80040,28,20,48,
80041,205,187,392,
80043,209,183,392,
80044,179,167,346,
80045,197,169,366,
80047,239,144,383,
80048,216,173,389,
80049,245,153,398,
80050,205,170,375,
80051,208,162,370,
80052,237,141,378,
80053,217,147,364,
80055,207,161,368,
80056,214,166,380,
80057,200,176,376,
80058,236,156,392,
80060,206,169,375,
80062,202,166,368,
80063,218,162,380,
80064,206,156,362,
80065,190,162,352,
80069,233,149,382,
80071,207,177,384,
80072,212,148,360,
80073,179,134,313,
80074,211,188,399,
80075,17,8,25,
80076,205,145,350,
80077,205,152,357,
80078,193,159,352,
80079,207,177,384,
80080,238,159,397,
80081,195,166,361,
80082,224,157,381,
80084,213,173,386,
80090,207,168,375,
80091,195,147,342,
80093,205,173,378,
80094,209,177,386,
80095,212,187,399,
80096,217,173,390,
80098,185,171,356,
80099,211,165,376,
80100,194,146,340,
80102,178,157,335,
80103,206,161,367,
80104,206,173,379,
80105,25,34,59,
80106,214,165,379,
80108,225,153,378,
80109,194,175,369,
80110,207,147,354,
80111,195,142,337,
80112,20,19,39,
80117,208,169,377,
80118,202,165,367,
80119,211,150,361,
80120,203,177,380,
80121,202,142,344,
80122,199,186,385,
80123,214,162,376,
80124,197,167,364,
80126,204,187,391,
80128,200,168,368,
80129,203,154,357,
80130,190,154,344,
80132,185,157,342,
80133,184,167,351,
80134,201,156,357,
80136,239,163,402,
80137,239,163,402,
80138,219,175,394,
80140,11,11,22,
80141,207,145,352,
80142,190,165,355,
80144,197,161,358,
80145,209,170,379,
80147,239,152,391,
80148,213,174,387,
80149,237,157,394,
80150,218,162,380,
80151,184,173,357,
80152,219,172,391,
80153,232,155,387,
80154,216,186,402,
80155,196,139,335,
80156,212,148,360,
80158,205,183,388,
80159,16,13,29,
80160,225,154,379,
80161,174,141,315,
80162,208,176,384,
80165,192,159,351,
80166,212,140,352,
80167,238,171,409,
80168,23,19,42,
80169,234,195,429,
80170,236,153,389,
80171,207,162,369,
80173,209,175,384,
80174,186,158,344,
80175,29,16,45,
80176,203,154,357,
80178,209,181,390,
80179,188,181,369,
80180,235,154,389,
80181,188,162,350,
80182,214,153,367,
80184,214,169,383,
80185,229,171,400,
80186,218,164,382,
80187,215,156,371,
80188,199,140,339,
80189,12,5,17,
80190,226,167,393,
80191,218,162,380,
80192,206,163,369,
80195,209,170,379,
80196,225,160,385,
80199,13,10,23,
80200,230,170,400,
80201,184,150,334,
80202,168,125,293,
80203,216,188,404,
80206,206,157,363,
80207,42,26,68,
80208,54,39,93,
80209,215,146,361,
80211,233,163,396,
80212,212,173,385,
80215,210,141,351,
80216,197,171,368,
80217,216,150,366,
80218,204,169,373,
80220,242,166,408,
80221,214,177,391,
80222,29,18,47,
80224,181,172,353,
80226,201,167,368,
80228,163,137,300,
80229,209,191,400,
80230,207,160,367,
80231,193,169,362,
80232,201,166,367,
80233,233,184,417,
80234,198,153,351,
80235,201,165,366,
80236,196,158,354,
80237,191,151,342,
80238,219,159,378,
80239,2,2,4,
80240,212,183,395,
80242,215,171,386,
80244,204,175,379,
80245,228,153,381,
80246,229,154,383,
80247,222,175,397,
80249,218,156,374,
80251,215,161,376,
80252,186,152,338,
80254,201,163,364,
80255,204,159,363,
80256,212,151,363,
80257,212,179,391,
80258,206,164,370,
80259,197,167,364,
80260,209,178,387,
80261,204,151,355,
80263,218,164,382,
80264,245,164,409,
80265,225,146,371,
80266,196,183,379,
80268,179,140,319,
80269,203,179,382,
80270,201,177,378,
80272,127,91,218,
80274,204,166,370,
80275,233,141,374,
80276,231,206,437,
80277,195,162,357,
80279,222,194,416,
80284,231,123,354,
80285,205,173,378,
80287,194,165,359,
80288,41,38,79,
80289,212,205,417,
80290,241,154,395,
80291,208,155,363,
80292,216,170,386,
80293,205,142,347,
80294,211,159,370,
80295,211,157,368,
80296,217,179,396,
80297,211,157,368,
80298,230,146,376,
80299,224,166,390,
80300,196,168,364,
80301,187,158,345,
80302,232,168,400,
80303,235,142,377,
80304,8,9,17,
80305,200,153,353,
80306,203,163,366,
80308,214,155,369,
80309,229,173,402,
80310,222,193,415,
80311,204,166,370,
80312,202,148,350,
80313,206,170,376,
80314,195,161,356,
80315,179,166,345,
80316,235,160,395,
80317,47,27,74,
80319,209,167,376,
80320,235,152,387,
80322,223,160,383,
80323,203,181,384,
80325,212,175,387,
80326,203,165,368,
80329,215,171,386,
80330,213,165,378,
80331,198,164,362,
80332,217,157,374,
80333,194,153,347,
80336,214,168,382,
80337,205,154,359,
80338,223,176,399,
80339,160,136,296,
80340,208,175,383,
80342,210,165,375,
80343,25,9,34,
80344,17,8,25,
80345,229,167,396,
80347,190,162,352,
80348,193,168,361,
80349,205,195,400,
80350,229,160,389,
80352,186,156,342,
80353,233,165,398,
80354,195,159,354,
80356,229,178,407,
80357,212,178,390,
80358,222,171,393,
80359,203,169,372,
80361,186,152,338,
80362,219,178,397,
80363,203,147,350,
80364,34,31,65,
80366,208,185,393,
80367,150,130,280,
80368,229,191,420,
80369,185,184,369,
80370,169,122,291,
80371,224,156,380,
80372,210,158,368,
80373,210,179,389,
80374,214,170,384,
80375,204,158,362,
80376,203,168,371,
80377,17,9,26,
80378,214,175,389,
80379,208,172,380,
80380,217,163,380,
80381,30,19,49,
80382,216,159,375,
80383,199,177,376,
80384,230,143,373,
80386,211,168,379,
80387,207,170,377,
80389,233,149,382,
80390,218,144,362,
80391,215,153,368,
80393,207,161,368,
80394,178,147,325,
80395,208,175,383,
80396,231,154,385,
80397,212,168,380,
80398,221,175,396,
80401,233,170,403,
80402,181,165,346,
80404,38,24,62,
80405,211,167,378,
80406,220,164,384,
80407,195,166,361,
80408,38,31,69,
80409,223,147,370,
80410,235,178,413,
80411,203,142,345,
80412,192,155,347,
80413,211,167,378,
80414,236,183,419,
80415,116,119,235,
80416,205,169,374,
80417,173,165,338,
80418,193,155,348,
80419,223,163,386,
80420,202,151,353,
80421,22,29,51,
80422,207,181,388,
80423,188,179,367,
80424,26,27,53,
80425,197,171,368,
80429,222,141,363,
80430,201,149,350,
80431,226,174,400,
80432,195,146,341,
80434,215,176,391,
80435,195,152,347,
80438,186,178,364,
80439,201,165,366,
80441,208,164,372,
80442,217,155,372,
80443,202,164,366,
80444,204,171,375,
80445,218,174,392,
80446,27,34,61,
80447,201,146,347,
80449,187,165,352,
80450,196,163,359,
80451,28,26,54,
80452,211,170,381,
80454,211,161,372,
80456,224,155,379,
80458,186,168,354,
80459,223,158,381,
80461,186,155,341,
80462,202,170,372,
80463,206,131,337,
80465,187,195,382,
80466,201,170,371,
80467,209,152,361,
80468,199,179,378,
80469,213,181,394,
80472,187,127,314,
80473,201,162,363,
80474,217,197,414,
80475,182,163,345,
80476,221,174,395,
80477,214,159,373,
80478,196,137,333,
80479,230,169,399,
80480,211,178,389,
80481,222,189,411,
80482,219,154,373,
80484,199,175,374,
80485,186,209,395,
80486,231,191,422,
80487,212,160,372,
80488,213,170,383,
80489,200,175,375,
80490,195,169,364,
80492,208,165,373,
80493,208,169,377,
80495,212,143,355,
80496,244,155,399,
80497,225,161,386,
80498,221,175,396,
80499,229,180,409,
80500,195,168,363,
80501,185,167,352,
80502,191,166,357,
80503,206,168,374,
80505,189,154,343,
80506,201,166,367,
80507,205,155,360,
80508,222,171,393,
80509,166,145,311,
80510,205,164,369,
80511,191,160,351,
80512,197,169,366,
80515,15,8,23,
80516,197,177,374,
80517,37,28,65,
80518,204,164,368,
80519,215,133,348,
80520,212,160,372,
80521,203,145,348,
80522,214,175,389,
80523,188,181,369,
80524,250,156,406,
80525,199,168,367,
80526,199,186,385,
80528,221,155,376,
80529,211,171,382,
80530,218,188,406,
80531,230,153,383,
80532,223,166,389,
80533,217,158,375,
80534,221,175,396,
80535,197,178,375,
80537,12,14,26,
80539,207,153,360,
80540,210,178,388,
80541,216,166,382,
80542,221,159,380,
80543,214,175,389,
80544,190,144,334,
80545,202,171,373,
80548,44,33,77,
80550,209,175,384,
80551,217,194,411,
80552,225,140,365,
80553,214,161,375,
80554,211,175,386,
80555,223,151,374,
80556,215,150,365,
80558,209,146,355,
80559,209,147,356,
80560,228,158,386,
80561,185,184,369,
80562,206,184,390,
80564,230,193,423,
80566,215,172,387,
80567,214,149,363,
80568,224,146,370,
80569,220,148,368,
80570,220,191,411,
80571,201,147,348,
80572,194,152,346,
80573,246,153,399,
80574,222,160,382,
80575,227,169,396,
80576,160,127,287,
80577,8,6,14,
80578,228,156,384,
80579,230,160,390,
80580,240,180,420,
80581,219,157,376,
80582,203,176,379,
80584,235,170,405,
80585,210,154,364,
80586,216,153,369,
80587,236,166,402,
80589,23,27,50,
80590,218,151,369,
80592,34,24,58,
80593,209,160,369,
80594,14,13,27,
80595,190,170,360,
80597,195,152,347,
80599,189,157,346,
80600,222,178,400,
80602,242,169,411,
80603,215,183,398,
80604,214,177,391,
80605,196,165,361,
80606,223,171,394,
80607,198,176,374,
80609,221,141,362,
80610,225,177,402,
80611,188,161,349,
80612,215,166,381,
80614,229,160,389,
80615,194,174,368,
80617,223,165,388,
80618,219,144,363,
80619,202,161,363,
80620,32,33,65,
80621,205,158,363,
80622,208,168,376,
80623,212,147,359,
80624,207,159,366,
80625,205,157,362,
80626,186,159,345,
80627,223,166,389,
80628,211,151,362,
80629,214,163,377,
80630,217,182,399,
80631,33,34,67,
80632,147,155,302,
80633,185,161,346,
80635,207,186,393,
80636,198,187,385,
80639,197,160,357,
80640,225,151,376,
80641,195,137,332,
80642,206,161,367,
80643,209,192,401,
80645,233,152,385,
80646,220,165,385,
80647,215,149,364,
80648,225,161,386,
80649,203,173,376,
80650,201,173,374,
80651,211,171,382,
80652,195,158,353,
80653,237,149,386,
80654,194,156,350,
80657,244,138,382,
80658,166,142,308,
80659,226,162,388,
80660,178,109,287,
80661,200,147,347,
80662,209,189,398,
80663,204,156,360,
80664,200,169,369,
80665,189,152,341,
80666,229,196,425,
80667,183,197,380,
80668,207,181,388,
80669,37,14,51,
80670,199,170,369,
80671,209,170,379,
80673,193,163,356,
80675,212,163,375,
80676,198,178,376,
80677,223,171,394,
80678,217,187,404,
80679,223,161,384,
80682,213,156,369,
80684,43,30,73,
80685,197,158,355,
80686,191,179,370,
80687,206,162,368,
80688,216,162,378,
80689,220,155,375,
80690,221,160,381,
80691,212,169,381,
80692,39,26,65,
80693,191,185,376,
80694,210,176,386,
80695,219,171,390,
80696,194,144,338,
80697,194,176,370,
80698,186,118,304,
80699,224,181,405,
80701,20,9,29,
80703,214,153,367,
80704,203,160,363,
80705,185,155,340,
80707,218,164,382,
80708,194,171,365,
80709,239,165,404,
80711,179,172,351,
80712,195,143,338,
80714,216,190,406,
80716,161,165,326,
80717,180,165,345,
80718,212,151,363,
80719,203,153,356,
80722,196,152,348,
80723,215,154,369,
80724,189,166,355,
80725,226,157,383,
80726,207,176,383,
80727,210,147,357,
80728,213,152,365,
80729,216,168,384,
80731,183,172,355,
80732,224,165,389,
80733,222,143,365,
80734,198,155,353,
80736,163,141,304,
80737,214,161,375,
80738,231,161,392,
80739,217,188,405,
80740,232,161,393,
80742,221,169,390,
80745,220,178,398,
80747,214,168,382,
80748,228,174,402,
80749,212,172,384,
80750,222,175,397,
80751,227,182,409,
80752,177,129,306,
80753,215,183,398,
80755,222,143,365,
80758,203,155,358,
80759,216,159,375,
80760,219,170,389,
80761,214,166,380,
80763,208,156,364,
80764,190,163,353,
80765,206,155,361,
80766,28,21,49,
80767,190,160,350,
80768,226,170,396,
80770,223,163,386,
80771,42,37,79,
80772,215,193,408,
80774,224,157,381,
80775,195,165,360,
80778,33,22,55,
80779,211,149,360,
80780,207,157,364,
80782,208,156,364,
80784,198,162,360,
80785,218,173,391,
80786,207,166,373,
80789,208,181,389,
80790,203,163,366,
80791,203,155,358,
80792,185,169,354,
80793,245,167,412,
80794,207,172,379,
80795,212,150,362,
80796,226,162,388,
80797,225,171,396,
80799,35,28,63,
80800,214,142,356,
80801,198,189,387,
80802,198,152,350,
80805,228,160,388,
80806,216,172,388,
80807,177,182,359,
80808,206,162,368,
80809,208,167,375,
80810,217,175,392,
80811,207,181,388,
80812,190,137,327,
80813,202,157,359,
80814,203,182,385,
80817,196,169,365,
80818,199,191,390,
80820,228,191,419,
80821,250,169,419,
80822,224,159,383,
80823,195,163,358,
80824,209,168,377,
80825,196,164,360,
80826,222,175,397,
80827,231,180,411,
80828,207,162,369,
80830,212,158,370,
80831,216,165,381,
80832,26,32,58,
80833,121,124,245,
80834,197,148,345,
80836,227,159,386,
80837,12,12,24,
80838,212,162,374,
80840,26,25,51,
80841,202,173,375,
80842,212,180,392,
80843,229,167,396,
80844,200,185,385,
80845,206,166,372,
80846,197,198,395,
80847,192,162,354,
80848,31,28,59,
80849,236,153,389,
80850,194,152,346,
80851,205,158,363,
80852,246,152,398,
80853,223,148,371,
80854,178,159,337,
80856,187,148,335,
80857,208,171,379,
80858,208,163,371,
80859,165,144,309,
80861,217,172,389,
80862,39,40,79,
80863,230,168,398,
80864,199,159,358,
80865,228,178,406,
80867,158,167,325,
80868,192,128,320,
80869,220,151,371,
80870,218,153,371,
80871,205,145,350,
80872,219,169,388,
80873,210,173,383,
80874,210,143,353,
80875,214,179,393,
80876,223,171,394,
80877,219,161,380,
80878,188,152,340,
80879,194,137,331,
80880,225,163,388,
80881,250,201,451,
80882,229,159,388,
80883,201,166,367,
80885,219,181,400,
80886,166,141,307,
80887,197,157,354,
80890,197,163,360,
80891,237,160,397,
80892,224,144,368,
80893,180,170,350,
80894,201,151,352,
80895,230,153,383,
80896,185,181,366,
80897,210,168,378,
80898,183,132,315,
80899,200,154,354,
80902,204,177,381,
80904,205,171,376,
80905,232,137,369,
80907,203,156,359,
80909,199,151,350,
80911,227,153,380,
80912,216,158,374,
80913,228,152,380,
80914,191,167,358,
80915,234,192,426,
80916,199,150,349,
80918,210,169,379,
80920,202,171,373,
80921,226,155,381,
80922,236,156,392,
80923,238,169,407,
80924,222,186,408,
80925,219,163,382,
80926,217,156,373,
80928,201,168,369,
80929,174,133,307,
80931,209,161,370,
80932,215,146,361,
80933,227,178,405,
80934,230,155,385,
80936,169,111,280,
80937,39,33,72,
80939,232,145,377,
80941,29,27,56,
80942,207,173,380,
80943,221,154,375,
80945,222,156,378,
80946,32,30,62,
80947,187,167,354,
80948,193,169,362,
80950,214,169,383,
80951,216,194,410,
80952,39,30,69,
80953,226,161,387,
80954,213,171,384,
80955,240,168,408,
80956,222,169,391,
80957,213,170,383,
80958,196,162,358,
80959,205,170,375,
80960,218,151,369,
80961,213,145,358,
80962,200,180,380,
80963,233,185,418,
80964,231,169,400,
80965,219,177,396,
80966,235,133,368,
80967,225,140,365,
80968,188,164,352,
80970,208,179,387,
80971,221,172,393,
80972,202,169,371,
80974,220,176,396,
80975,217,157,374,
80976,199,156,355,
80977,222,162,384,
80979,207,178,385,
80981,189,181,370,
80982,188,154,342,
80984,195,167,362,
80985,214,166,380,
80986,209,169,378,
80987,224,163,387,
80988,218,176,394,
80990,121,94,215,
80991,221,172,393,
80992,218,150,368,
80993,220,179,399,
80996,216,152,368,
80998,200,176,376,
80999,209,145,354,
81002,202,167,369,
81004,232,153,385,
81006,232,151,383,
81008,189,157,346,
81009,7,6,13,
81010,216,168,384,
81012,204,168,372,
81013,227,165,392,
81015,210,164,374,
81017,199,163,362,
81018,228,160,388,
81020,244,137,381,
81021,224,151,375,
81022,30,16,46,
81024,220,190,410,
81025,221,145,366,
81027,205,168,373,
81028,209,131,340,
81029,202,156,358,
81030,212,159,371,
81032,200,169,369,
81033,212,151,363,
81034,224,178,402,
81036,233,155,388,
81037,219,153,372,
81038,225,164,389,
81039,193,146,339,
81040,208,167,375,
81041,202,172,374,
81042,216,188,404,
81043,8,3,11,
81046,238,167,405,
81047,222,156,378,
81048,210,176,386,
81050,195,152,347,
81052,235,148,383,
81053,39,28,67,
81055,226,164,390,
81056,175,177,352,
81058,40,26,66,
81060,201,167,368,
81062,173,142,315,
81063,205,195,400,
81064,226,166,392,
81065,195,160,355,
81066,207,153,360,
81067,219,159,378,
81068,228,148,376,
81069,200,158,358,
81070,225,177,402,
81071,219,153,372,
81072,217,180,397,
81073,174,162,336,
81074,156,133,289,
81076,192,166,358,
81077,228,176,404,
81079,218,162,380,
81082,215,161,376,
81084,47,25,72,
81085,214,149,363,
81086,256,174,430,
81087,204,170,374,
81088,229,150,379,
81089,208,147,355,
81091,199,148,347,
81092,206,152,358,
81093,142,92,234,
81094,197,161,358,
81095,223,159,382,
81097,45,28,73,
81100,209,179,388,
81101,187,180,367,
81102,26,17,43,
81103,209,152,361,
81104,200,148,348,
81105,202,168,370,
81107,201,164,365,
81109,194,140,334,
81112,200,194,394,
81113,212,140,352,
81114,201,174,375,
81115,236,147,383,
81116,221,158,379,
81117,222,134,356,
81119,181,156,337,
81120,206,155,361,
81121,209,151,360,
81122,204,157,361,
81123,202,172,374,
81124,207,182,389,
81126,212,178,390,
81127,221,182,403,
81128,204,189,393,
81129,174,176,350,
81130,227,154,381,
81131,223,167,390,
81134,196,185,381,
81135,200,151,351,
81136,202,140,342,
81137,217,166,383,
81138,193,178,371,
81139,212,155,367,
81140,213,158,371,
81142,200,171,371,
81144,201,166,367,
81145,207,145,352,
81146,207,154,361,
81147,221,141,362,
81149,200,183,383,
81150,196,148,344,
81152,32,27,59,
81153,206,149,355,
81154,204,163,367,
81155,199,167,366,
81157,200,169,369,
81158,233,151,384,
81159,44,38,82,
81161,184,170,354,
81163,203,176,379,
81164,201,186,387,
81165,203,175,378,
81166,203,153,356,
81167,209,164,373,
81168,194,160,354,
81169,223,154,377,
81171,211,163,374,
81174,202,145,347,
81175,221,152,373,
81176,222,152,374,
81177,250,167,417,
81179,212,158,370,
81180,213,158,371,
81181,191,198,389,
81182,204,193,397,
81183,203,166,369,
81184,213,167,380,
81185,227,183,410,
81186,211,175,386,
81187,212,153,365,
81188,217,175,392,
81189,221,176,397,
81190,235,132,367,
81191,197,187,384,
81192,205,159,364,
81193,197,172,369,
81196,237,153,390,
81197,204,158,362,
81198,224,176,400,
81199,212,169,381,
81202,21,19,40,
81203,214,195,409,
81204,181,169,350,
81205,211,171,382,
81206,224,182,406,
81207,215,183,398,
81208,219,170,389,
81209,213,172,385,
81211,204,165,369,
81212,193,151,344,
81213,221,180,401,
81214,180,167,347,
81215,228,166,394,
81216,204,163,367,
